$SPEC_ID:
bkgd
$SPEC_REM:
DET# 3
DETDESC# DESKTOP-I9R95QV 926
AP# Maestro Version 7.01
$DATE_MEA:
04/11/2025 16:59:43
$MEAS_TIM:
241034 241223
$DATA:
0 8191
       0
       0
       0
       0
       0
       0
       0
       0
       0
       0
       0
       0
       0
       0
       0
       0
       0
       0
       0
       0
       0
       0
       0
       0
       0
       0
      13
     148
     672
    3260
    4730
    4626
    4595
    4511
    4586
    4525
    4561
    4595
    4486
    4319
    4476
    4335
    4478
    4440
    4411
    4420
    4312
    4352
    4331
    4379
    4299
    4404
    4502
    4202
    4286
    4342
    4263
    4206
    4316
    4255
    4258
    4091
    4201
    4306
    4323
    4323
    4402
    4251
    4285
    4098
    4190
    4004
    4130
    4155
    4125
    4165
    4241
    4190
    4175
    4180
    4265
    4404
    4183
    4242
    4227
    4137
    4364
    4348
    4268
    4485
    4237
    4434
    4542
    4533
    4517
    4765
    4703
    4880
    4801
    4732
    4785
    4856
    4803
    5043
    5212
    5698
    5649
    5556
    5230
    5101
    5272
    5133
    5150
    5205
    5555
    5477
    5529
    5539
    5568
    5526
    5706
    5863
    5958
    6072
    6139
    6187
    6377
    6841
    7143
    7287
    7078
    7764
   10339
   12586
   11202
    8308
    7748
   10331
   14418
   14119
    9601
    6563
    6010
    6129
    6103
    5888
    6011
    6193
    6325
    6168
    6001
    5964
    6154
    6559
    7221
    7768
    7871
    7396
    6870
    6690
    7243
    8513
   10022
    9937
    8229
    7044
    6588
    7297
    8464
    8898
    7862
    6850
    6372
    6942
    8497
    9858
   10116
    9278
    7821
    6960
    6567
    6501
    6356
    6146
    6113
    6081
    6121
    6252
    6484
    6533
    6766
    6846
    6659
    6577
    6261
    6402
    6251
    6263
    6401
    6459
    6349
    6506
    6470
    6603
    6987
    7150
    7168
    6771
    6735
    6507
    6468
    6468
    6814
    6810
    6897
    6597
    6562
    6649
    6624
    6724
    6666
    6786
    6753
    6842
    6931
    6526
    6631
    6691
    6902
    6958
    6874
    6540
    6566
    6607
    6454
    6421
    6425
    6609
    6496
    6544
    6477
    6585
    6619
    6569
    6640
    6626
    6663
    6803
    6655
    6738
    6722
    6701
    6687
    6896
    6927
    6869
    6840
    6664
    6864
    6900
    7468
    8168
    8213
    7543
    6987
    6746
    6798
    6740
    6831
    6791
    6807
    6721
    6780
    6534
    6706
    6562
    6823
    6652
    6683
    6771
    6492
    6561
    6598
    6570
    6588
    6712
    6591
    6574
    6585
    6559
    6478
    6577
    6589
    6604
    6456
    6674
    6990
    7192
    6739
    6563
    6586
    6385
    6372
    6395
    6489
    6283
    6344
    6341
    6428
    6381
    6348
    6447
    6187
    6425
    6362
    6404
    6382
    6308
    6270
    6340
    6871
    6954
    6641
    6313
    6178
    6218
    6018
    6177
    5934
    6229
    6175
    5875
    5977
    5978
    5897
    6086
    5944
    5992
    5938
    5760
    5853
    5875
    5887
    6128
    5960
    5806
    5748
    5673
    5676
    5784
    5721
    5754
    5465
    5624
    5645
    5736
    5621
    5649
    5585
    5562
    5518
    5495
    5508
    5520
    5517
    5548
    5610
    5532
    5428
    5443
    5355
    5269
    5395
    5355
    5487
    5576
    5467
    5267
    5433
    5445
    5379
    5411
    5292
    5278
    5241
    5353
    5275
    5443
    5360
    5397
    5491
    5417
    5409
    5433
    6384
    7998
    9944
   10182
    8275
    6223
    5307
    5154
    5131
    5029
    5059
    5155
    5105
    5036
    5057
    5127
    5040
    4959
    4970
    4976
    4873
    4963
    5000
    5007
    4924
    4874
    4950
    4911
    4884
    4860
    4898
    4851
    4895
    4915
    4994
    4994
    4817
    4867
    4833
    4820
    4918
    4946
    4743
    4681
    4767
    4765
    4712
    4892
    4964
    4946
    4783
    4680
    4609
    4680
    4641
    4894
    5661
    6841
    7536
    6465
    5007
    4764
    4356
    4361
    4425
    4338
    4400
    4401
    4312
    4393
    4381
    4352
    4345
    4641
    4454
    4525
    4328
    4300
    4257
    4267
    4307
    4301
    4295
    4259
    4243
    4294
    4410
    4307
    4178
    4326
    4316
    4355
    4318
    4239
    4335
    4119
    4226
    4213
    4234
    4151
    4198
    4140
    4146
    4142
    4170
    4175
    4061
    4244
    4055
    4086
    4156
    4134
    4032
    4174
    4177
    4146
    4044
    4037
    4136
    4176
    4400
    4521
    4340
    4415
    5380
   10035
   22454
   36000
   34767
   19071
    7591
    5060
    6073
    7602
    8742
    9365
    8252
    5732
    3916
    3407
    3424
    3418
    3348
    3372
    3239
    3306
    3392
    3321
    3201
    3333
    3260
    3179
    3253
    3204
    3241
    3336
    3286
    3184
    3238
    3285
    3358
    3298
    3304
    3224
    3284
    3145
    3185
    3105
    3239
    3245
    3191
    3234
    3064
    3191
    3263
    3326
    3356
    3181
    3127
    3018
    3024
    2930
    2988
    3046
    3017
    2960
    2985
    3018
    2987
    2972
    3029
    2917
    2911
    2905
    2884
    2888
    2889
    2903
    3057
    3295
    3719
    4585
    5251
    4931
    4002
    3386
    2982
    2913
    2724
    2897
    2828
    2914
    2980
    3035
    2954
    2745
    2885
    3052
    3599
    4076
    3875
    3176
    2935
    2889
    2762
    2785
    2688
    2662
    2680
    2741
    2708
    2690
    2657
    2699
    2690
    2639
    2570
    2599
    2705
    2599
    2723
    2681
    2649
    2805
    2817
    2854
    2618
    2627
    2603
    2632
    2599
    2495
    2597
    2552
    2542
    2612
    2451
    2640
    3051
    4513
    8561
   13522
   13692
    8792
    4262
    2670
    2417
    2386
    2358
    2283
    2594
    2979
    3838
    4585
    4125
    3075
    2549
    2337
    2332
    2367
    2312
    2256
    2380
    2355
    2320
    2293
    2278
    2313
    2259
    2314
    2300
    2322
    2246
    2306
    2279
    2212
    2178
    2173
    2268
    2232
    2221
    2221
    2235
    2241
    2214
    2368
    2233
    2222
    2227
    2088
    2164
    2171
    2279
    2161
    2170
    2219
    2125
    2156
    2131
    2073
    2159
    2205
    2285
    2161
    2298
    2148
    2243
    2191
    2190
    2216
    2264
    2162
    2074
    2114
    2145
    2084
    2203
    2622
    3355
    3846
    3623
    2809
    2369
    2203
    2068
    2158
    2110
    2127
    2099
    2296
    2313
    2132
    2209
    2101
    2052
    2110
    2131
    1994
    2013
    2029
    2277
    3072
    5424
    8199
    8643
    6128
    3269
    2241
    1962
    2153
    2226
    2172
    2027
    2005
    1930
    1944
    1959
    1919
    1914
    1973
    1975
    1923
    1969
    1983
    1910
    1955
    1886
    1921
    1965
    1983
    2118
    2162
    2545
    4546
   10068
   18579
   22456
   16284
    7632
    2930
    1907
    1713
    1708
    1706
    1760
    1719
    1759
    1764
    1714
    1685
    1681
    1707
    1671
    1746
    1643
    1717
    1658
    1700
    1723
    1753
    1744
    1724
    1755
    1639
    1704
    1651
    1621
    1715
    1766
    1711
    1689
    1739
    1647
    1690
    1627
    1654
    1688
    1670
    1621
    1666
    1701
    1588
    1658
    1686
    1650
    1659
    1679
    1659
    1593
    1701
    1654
    1596
    1600
    1647
    1751
    1671
    1743
    1543
    1595
    1617
    1569
    1612
    1539
    1615
    1612
    1579
    1615
    1564
    1580
    1623
    1552
    1548
    1661
    1581
    1671
    1608
    1630
    1638
    1783
    1661
    1689
    1731
    1746
    1826
    1798
    1677
    1671
    1598
    1641
    1584
    1550
    1637
    1557
    1650
    1567
    1614
    1497
    1524
    1574
    1642
    1565
    1654
    1567
    1533
    1561
    1584
    1507
    1561
    1621
    1527
    1535
    1480
    1576
    1658
    1749
    1626
    1551
    1568
    1572
    1588
    1617
    1627
    1572
    1696
    1561
    1562
    1517
    1518
    1511
    1569
    1767
    2098
    2469
    2396
    1911
    1603
    1425
    1469
    1455
    1516
    1430
    1439
    1479
    1426
    1516
    1471
    1528
    1454
    1455
    1432
    1437
    1418
    1423
    1453
    1470
    1382
    1386
    1493
    1423
    1468
    1477
    1450
    1411
    1422
    1418
    1399
    1426
    1427
    1399
    1382
    1405
    1407
    1393
    1480
    1329
    1367
    1451
    1412
    1409
    1344
    1393
    1337
    1319
    1391
    1322
    1356
    1270
    1337
    1364
    1357
    1317
    1323
    1309
    1364
    1292
    1333
    1314
    1296
    1264
    1265
    1381
    1371
    1369
    1409
    1372
    1366
    1310
    1364
    1282
    1252
    1318
    1310
    1259
    1279
    1216
    1312
    1272
    1314
    1261
    1276
    1239
    1209
    1293
    1334
    1251
    1281
    1284
    1228
    1216
    1229
    1238
    1249
    1334
    1317
    1397
    1402
    1361
    1283
    1326
    1291
    1311
    1263
    1272
    1223
    1268
    1171
    1276
    1187
    1197
    1191
    1207
    1183
    1205
    1211
    1300
    1269
    1537
    2027
    2732
    3272
    2809
    1976
    1338
    1181
    1203
    1150
    1151
    1232
    1147
    1177
    1110
    1210
    1219
    1121
    1272
    1207
    1230
    1140
    1150
    1155
    1216
    1176
    1101
    1172
    1210
    1222
    1206
    1143
    1194
    1129
    1183
    1127
    1134
    1183
    1204
    1248
    1197
    1194
    1157
    1212
    1265
    1215
    1199
    1134
    1078
    1071
    1069
    1071
    1035
    1106
    1103
    1093
    1089
    1172
    1225
    1180
    1266
    1257
    1088
    1134
    1106
    1110
    1130
    1126
    1095
    1115
    1072
    1126
    1080
    1100
    1126
    1055
    1088
    1138
    1107
    1047
    1014
    1069
    1041
    1042
    1116
    1099
    1101
    1037
    1078
    1028
     997
    1046
    1011
    1068
    1075
    1063
    1045
    1105
    1123
    1133
    1081
    1115
    1043
    1022
    1096
    1033
    1070
    1066
    1144
    1174
    1264
    1488
    1671
    2182
    3161
    4646
    5537
    5167
    3848
    2590
    1954
    1556
    1362
    1168
    1137
    1086
    1041
    1084
    1079
     958
    1020
    1045
    1013
    1051
     972
    1071
    1010
     986
    1119
     999
    1104
    1000
     998
    1015
    1009
    1003
    1020
    1088
     956
    1021
     905
     992
     991
    1001
    1005
     954
     969
     976
     927
     917
     978
     974
    1010
     959
     905
    1013
     984
     966
     971
     988
    1063
    1031
    1074
     975
     966
     920
    1059
    1069
    1010
     937
    1014
     978
     967
     969
     957
     936
     941
     983
     953
     931
     954
     966
     947
     988
     973
    1006
     961
    1029
     898
     950
    1024
    1032
     936
     969
     962
     979
     920
     928
     955
     991
     977
     985
     949
     967
     915
     911
     970
     939
     912
     951
     987
     963
     973
     933
     974
     899
     935
     943
     960
     905
     950
     939
     940
     904
     933
     975
    1035
    1038
    1225
    1205
    1189
    1039
     954
     922
     888
     933
     880
     976
     929
     976
     911
     908
     979
     971
     938
     941
     919
     968
     935
     959
     995
    1029
     976
     989
     998
     913
     901
     928
     920
     892
     942
     939
     864
     903
     953
     879
     918
     892
    1001
     985
    1094
    1071
    1118
    1113
    1489
    2901
    6040
   10300
   12000
    9286
    5037
    2140
    1119
     882
     833
     855
     867
     891
     868
     838
     885
     891
     866
     888
     870
     825
     862
     888
     905
     826
     856
     883
     890
     883
     831
     835
     875
     865
     863
     895
     773
     935
     878
     874
     804
     866
     886
     842
     869
     857
     868
     869
     845
     915
     815
     832
     882
     877
     879
     822
     913
     865
     901
     846
     892
    1088
    1770
    4077
    8657
   14087
   16232
   12350
    6335
    2532
    1114
     822
     738
     818
     779
     773
     802
     851
     833
     839
     809
     803
     848
     813
     802
     809
     759
     796
     786
     788
     823
     802
     768
     813
     822
     768
     768
     796
     818
     741
     770
     759
     780
     749
     726
     759
     750
     790
     778
     732
     735
     774
     789
     780
     758
     828
     768
     799
     833
     777
     744
     813
     761
     730
     775
     796
     733
     787
     747
     758
     768
     731
     758
     708
     775
     718
     776
     764
     817
     787
     790
     766
     764
     757
     701
     762
     707
     751
     731
     720
     789
     692
     689
     724
     719
     750
     739
     754
     820
     776
     797
     790
     803
     741
     786
     795
     773
     763
     781
     787
     733
     777
     763
     730
     734
     722
     742
     747
     769
     747
     767
     790
     775
     755
     796
     826
     924
    1130
    1779
    2396
    2693
    2138
    1424
     970
     845
     788
     823
     989
    1108
    1128
    1093
     967
     818
     741
     743
     746
     720
     736
     743
     738
     720
     717
     717
     715
     704
     741
     714
     752
     694
     694
     717
     751
     744
     722
     698
     721
     717
     747
     736
     755
     706
     754
     736
     701
     677
     735
     738
     692
     693
     695
     757
     781
     735
     729
     757
     737
     737
     688
     754
     725
     765
     684
     722
     714
     751
     697
     677
     765
     746
     704
     689
     720
     726
     760
     704
     749
     762
     720
     692
     789
     747
     706
     728
     718
     708
     710
     665
     703
     660
     709
     702
     795
     684
     794
     775
     776
     833
     898
     825
     774
     774
     753
     754
     744
     687
     740
     716
     758
     786
     715
     734
     692
     737
     738
     687
     726
     704
     676
     711
     680
     643
     718
     701
     657
     700
     691
     688
     705
     672
     699
     719
     708
     689
     665
     714
     712
     736
     743
     746
     738
     743
     729
     694
     727
     767
     769
     785
     737
     757
     682
     667
     773
    1033
    1445
    2278
    3025
    2841
    2058
    1268
     860
     679
     600
     657
     654
     618
     645
     633
     633
     654
     624
     691
     685
     661
     635
     687
     657
     676
     660
     670
     637
     624
     598
     612
     659
     608
     613
     648
     636
     593
     611
     668
     735
     693
     731
     692
     606
     641
     648
     648
     672
     640
     604
     607
     633
     600
     606
     641
     654
     616
     620
     653
     640
     641
     627
     662
     685
     668
     621
     680
     693
     790
     908
     948
     857
     692
     681
     608
     615
     598
     595
     609
     625
     633
     613
     586
     633
     581
     630
     648
     689
     816
     749
     821
     685
     643
     671
     686
     789
     783
     819
    1081
    1380
    1892
    1937
    1608
    1128
     753
     601
     662
     636
     798
     933
     981
     900
     778
     712
     600
     569
     570
     634
     638
     590
     583
     602
     576
     565
     549
     616
     598
     534
     599
     589
     599
     610
     653
     719
     730
     667
     604
     584
     586
     756
     922
    1115
    1189
    1051
     882
     693
     586
     571
     521
     597
     531
     580
     551
     583
     535
     626
     573
     558
     549
     620
     687
     888
    1321
    1672
    1793
    1443
    1022
     746
     586
     556
     555
     536
     547
     521
     551
     539
     523
     514
     561
     523
     527
     569
     551
     551
     550
     518
     555
     539
     707
     778
     871
     872
     739
     619
     534
     509
     482
     517
     503
     543
     530
     543
     506
     517
     486
     493
     504
     504
     547
     575
     536
     514
     540
     546
     518
     567
     542
     540
     534
     553
     526
     507
     522
     556
     553
     551
     553
     587
     534
     515
     543
     535
     576
     535
     577
     552
     575
     586
     584
     579
     532
     535
     566
     513
     541
     548
     604
     635
     711
     672
     623
     603
     573
     532
     524
     559
     535
     622
     673
     844
    1015
     973
     846
     670
     603
     546
     620
     681
     748
     753
     822
     804
     787
     695
     585
     522
     503
     502
     542
     497
     541
     501
     493
     559
     505
     499
     517
     499
     490
     512
     518
     476
     506
     494
     547
     490
     460
     535
     512
     510
     525
     496
     481
     480
     494
     507
     478
     480
     456
     505
     527
     506
     531
     520
     493
     570
     686
    1024
    1401
    1764
    1687
    1325
     875
     645
     523
     486
     494
     473
     493
     511
     482
     501
     479
     453
     519
     519
     475
     523
     535
     487
     474
     479
     533
     509
     508
     481
     527
     523
     546
     545
     495
     513
     543
     518
     504
     516
     486
     500
     521
     475
     524
     475
     488
     502
     523
     482
     520
     482
     534
     491
     496
     525
     497
     487
     453
     473
     524
     453
     489
     480
     486
     512
     514
     509
     520
     453
     500
     539
     523
     519
     504
     501
     484
     498
     515
     549
     543
     581
     587
     534
     507
     437
     492
     517
     462
     491
     528
     537
     522
     465
     494
     504
     497
     507
     528
     486
     467
     505
     528
     518
     537
     612
     674
     743
     726
     633
     523
     530
     444
     529
     537
     543
     561
     532
     650
     953
    1770
    3487
    5845
    7721
    7381
    5340
    2934
    1273
     652
     545
     530
     410
     449
     487
     454
     462
     454
     445
     470
     468
     442
     463
     418
     459
     484
     477
     479
     453
     481
     463
     450
     431
     463
     456
     442
     456
     473
     447
     478
     490
     456
     482
     460
     451
     485
     457
     512
     472
     480
     475
     456
     465
     456
     463
     589
     668
     881
    1159
    1174
    1002
     771
     550
     479
     455
     452
     442
     443
     410
     461
     475
     459
     444
     462
     426
     440
     459
     470
     466
     406
     466
     478
     464
     461
     469
     442
     497
     460
     486
     460
     516
     485
     547
     605
     596
     550
     607
     596
     545
     537
     542
     534
     491
     479
     449
     456
     443
     430
     427
     412
     420
     481
     451
     484
     452
     527
     466
     506
     500
     510
     469
     460
     441
     464
     452
     483
     536
     594
     729
    1095
    1424
    1845
    1780
    1378
     896
     621
     596
     762
    1198
    2167
    3606
    4568
    4529
    3308
    1877
     953
     535
     456
     463
     461
     415
     447
     445
     393
     446
     448
     457
     416
     446
     423
     426
     429
     373
     479
     407
     424
     434
     421
     421
     413
     443
     423
     434
     441
     417
     459
     424
     432
     454
     419
     434
     416
     427
     443
     428
     463
     475
     471
     456
     465
     426
     452
     417
     467
     444
     447
     435
     429
     456
     428
     427
     435
     433
     440
     417
     426
     452
     429
     398
     400
     451
     403
     422
     468
     482
     568
     628
     735
     664
     623
     522
     491
     461
     478
     418
     419
     446
     449
     449
     416
     405
     404
     409
     411
     428
     386
     437
     416
     407
     430
     421
     394
     451
     414
     448
     423
     451
     407
     439
     474
     430
     402
     438
     425
     415
     411
     442
     432
     432
     468
     447
     449
     408
     439
     398
     397
     407
     441
     414
     440
     432
     456
     415
     432
     443
     438
     441
     418
     408
     397
     412
     464
     395
     447
     426
     401
     393
     416
     431
     420
     444
     413
     481
     485
     456
     464
     466
     426
     441
     432
     446
     388
     429
     394
     381
     403
     410
     392
     446
     436
     454
     445
     433
     427
     464
     421
     413
     431
     433
     437
     379
     400
     424
     453
     425
     441
     426
     413
     416
     425
     433
     457
     441
     456
     433
     425
     461
     478
     467
     485
     454
     466
     480
     454
     465
     423
     407
     415
     448
     404
     423
     413
     426
     404
     409
     446
     475
     410
     435
     423
     420
     387
     393
     468
     427
     394
     474
     458
     465
     518
     516
     448
     461
     449
     402
     398
     439
     416
     444
     449
     426
     443
     477
     454
     402
     413
     429
     387
     432
     428
     431
     424
     416
     429
     439
     419
     431
     438
     453
     467
     514
     545
     580
     545
     468
     461
     417
     443
     441
     425
     457
     428
     395
     386
     435
     385
     465
     426
     451
     425
     456
     465
     407
     431
     448
     409
     414
     422
     408
     419
     413
     404
     462
     440
     420
     434
     521
     526
     506
     509
     518
     432
     487
     512
     429
     437
     442
     420
     417
     430
     440
     454
     441
     439
     443
     424
     408
     414
     454
     432
     479
     437
     424
     470
     444
     405
     443
     447
     425
     404
     425
     422
     451
     461
     447
     483
     467
     515
     512
     501
     471
     415
     444
     434
     460
     470
     455
     440
     464
     471
     401
     458
     421
     478
     487
     589
     736
    1275
    2073
    2978
    3564
    3322
    2504
    1441
     814
     534
     450
     446
     426
     460
     438
     447
     445
     415
     459
     408
     456
     469
     477
     388
     434
     438
     433
     481
     458
     465
     425
     424
     454
     453
     466
     494
     465
     491
     508
     493
     443
     443
     480
     456
     478
     444
     445
     449
     444
     428
     441
     459
     463
     441
     428
     461
     449
     474
     475
     481
     468
     415
     471
     456
     457
     436
     492
     438
     455
     484
     433
     448
     496
     510
     425
     477
     443
     447
     440
     496
     480
     481
     484
     519
     628
     709
     744
     751
     731
     677
     548
     495
     457
     470
     444
     463
     478
     468
     473
     429
     440
     476
     469
     505
     472
     455
     536
     452
     454
     460
     476
     465
     455
     444
     430
     498
     475
     518
     464
     488
     460
     480
     459
     457
     483
     494
     467
     489
     493
     501
     556
     506
     526
     485
     510
     501
     480
     500
     489
     463
     470
     490
     494
     446
     443
     511
     445
     509
     498
     457
     495
     497
     510
     541
     476
     482
     485
     484
     493
     418
     514
     480
     470
     490
     535
     511
     487
     474
     540
     488
     496
     498
     460
     459
     473
     498
     458
     499
     494
     487
     522
     503
     479
     480
     479
     492
     480
     485
     475
     483
     516
     493
     476
     499
     542
     484
     486
     513
     528
     445
     514
     523
     528
     503
     488
     498
     478
     513
     524
     545
     585
     577
     585
     537
     530
     476
     477
     527
     507
     515
     554
     484
     520
     498
     518
     506
     491
     503
     492
     490
     516
     514
     541
     531
     517
     556
     515
     504
     503
     519
     469
     571
     520
     504
     529
     510
     518
     531
     528
     512
     515
     519
     514
     479
     477
     569
     540
     521
     521
     554
     514
     528
     510
     562
     550
     555
     517
     527
     541
     537
     510
     529
     541
     554
     495
     527
     538
     552
     564
     617
     730
    1005
    1373
    1551
    1608
    1461
    1032
     751
     565
     538
     481
     448
     507
     463
     461
     465
     485
     454
     463
     497
     497
     482
     513
     501
     523
     499
     523
     455
     464
     425
     417
     422
     403
     413
     398
     398
     392
     440
     405
     401
     445
     431
     412
     435
     420
     392
     397
     379
     378
     370
     362
     401
     368
     424
     382
     388
     408
     351
     378
     387
     385
     381
     369
     381
     358
     356
     356
     362
     358
     343
     365
     338
     377
     355
     356
     351
     378
     342
     346
     357
     347
     360
     357
     332
     351
     353
     336
     338
     367
     372
     404
     424
     354
     367
     317
     358
     349
     314
     364
     383
     367
     380
     433
     492
     583
     594
     616
     548
     451
     365
     376
     322
     352
     331
     330
     361
     360
     359
     339
     362
     370
     335
     340
     333
     322
     358
     339
     320
     335
     308
     342
     331
     308
     311
     305
     342
     345
     348
     297
     312
     309
     303
     323
     325
     305
     307
     338
     359
     295
     311
     314
     296
     285
     333
     346
     327
     298
     297
     312
     341
     311
     337
     295
     312
     301
     310
     295
     312
     318
     289
     306
     308
     297
     328
     288
     304
     294
     291
     268
     305
     298
     257
     306
     317
     308
     302
     304
     311
     270
     312
     295
     299
     295
     268
     286
     310
     271
     278
     259
     321
     266
     297
     267
     289
     284
     279
     288
     259
     300
     260
     233
     290
     272
     260
     270
     258
     292
     251
     274
     270
     278
     271
     263
     262
     305
     264
     259
     291
     319
     262
     290
     273
     265
     219
     255
     259
     251
     243
     273
     250
     256
     243
     261
     237
     254
     231
     246
     267
     226
     217
     247
     220
     220
     240
     221
     223
     236
     229
     211
     237
     259
     239
     228
     233
     232
     212
     276
     205
     242
     240
     213
     221
     221
     236
     220
     225
     240
     226
     238
     212
     238
     216
     224
     198
     211
     220
     208
     229
     221
     201
     210
     221
     220
     236
     203
     226
     228
     201
     203
     197
     225
     192
     210
     215
     177
     214
     219
     217
     204
     174
     213
     212
     225
     214
     206
     210
     225
     200
     208
     204
     220
     195
     209
     223
     230
     232
     216
     233
     243
     243
     304
     408
     614
     754
     988
     970
     719
     532
     378
     244
     198
     190
     192
     198
     181
     171
     186
     202
     192
     216
     259
     303
     348
     330
     303
     260
     229
     199
     202
     189
     190
     183
     180
     199
     164
     175
     187
     183
     187
     191
     175
     177
     194
     178
     199
     178
     160
     200
     204
     183
     182
     185
     176
     170
     190
     179
     219
     234
     297
     301
     387
     398
     375
     318
     258
     195
     176
     196
     178
     180
     193
     212
     251
     331
     425
     530
     583
     589
     480
     341
     256
     209
     184
     182
     173
     182
     186
     183
     166
     170
     164
     181
     178
     181
     178
     179
     185
     190
     207
     168
     186
     147
     176
     165
     171
     202
     149
     194
     184
     159
     152
     188
     168
     163
     167
     214
     209
     177
     184
     154
     195
     187
     182
     173
     170
     172
     173
     156
     181
     185
     170
     181
     179
     167
     187
     178
     167
     174
     180
     169
     193
     193
     201
     168
     175
     193
     177
     190
     178
     167
     197
     196
     212
     179
     175
     173
     199
     169
     173
     169
     178
     169
     158
     198
     187
     172
     154
     184
     189
     164
     176
     187
     186
     197
     209
     170
     195
     197
     161
     199
     225
     223
     201
     203
     220
     211
     246
     242
     264
     221
     245
     249
     303
     343
     562
     897
    1949
    4076
    8082
   14284
   20951
   24870
   24142
   18369
   10798
    5073
    1873
     618
     229
     153
     114
     123
     117
     114
     115
     116
     128
     113
     114
     118
     119
     108
     121
     125
     124
     107
     124
     127
     114
     123
     117
     130
     132
     121
     125
     126
     138
     134
     111
     106
     113
     120
     124
     133
     136
     136
     130
     127
     129
      95
     114
     130
     137
     130
     116
      99
     108
     116
     109
     108
     108
     106
     125
     109
      98
     113
     117
     102
     114
     129
     109
     110
      95
     130
     112
     106
     130
     120
     101
     126
     140
     171
     198
     280
     256
     275
     250
     203
     138
     140
     145
     120
     132
     152
     131
     156
     181
     183
     202
     172
     193
     147
     136
     130
     114
     109
     109
     117
     121
     128
     153
     180
     204
     280
     370
     459
     485
     452
     290
     244
     169
     163
     134
     168
     158
     163
     171
     149
     156
     132
     131
      99
     117
     117
     113
     119
      94
     116
     112
      91
     125
     109
     122
     114
      99
     114
     112
     103
     112
     131
     130
     121
     123
     107
     116
     125
      99
     126
     119
     103
     133
     116
     145
     126
     126
     148
     131
     120
     120
     138
     122
     105
     105
     118
     116
     134
     124
     106
     121
     121
     112
     134
     129
     167
     196
     180
     187
     149
     128
     102
     121
     121
     116
     137
     134
     149
     168
     189
     168
     150
     109
     101
      79
      97
     100
     112
     105
     101
     108
     102
     106
      92
     111
     101
     102
     102
     124
      85
      96
      87
      97
      98
     110
     105
     106
     131
     117
     129
     128
     137
     133
      99
     107
     111
      81
     110
     107
      98
      95
      91
      89
     105
      80
      91
     107
      96
      93
      71
      87
      86
     102
      96
      88
     103
      95
      93
      93
      85
     104
      86
      90
      95
     104
      92
      95
      98
      96
     100
     115
      89
     113
     100
     104
      95
     112
      84
      88
      97
     101
      99
     115
     128
     165
     189
     214
     182
     192
     158
     163
     187
     219
     220
     187
     160
     120
     110
     118
     141
     220
     264
     400
     505
     660
     622
     532
     386
     230
     165
     137
     135
     187
     276
     272
     333
     293
     314
     210
     196
     163
     142
     126
     116
      83
     109
     110
     104
      96
     144
     115
     135
     139
      97
      96
     100
      99
      86
      99
      89
      86
      95
     105
      77
      95
      88
      97
      90
     107
      92
      98
      88
     115
      99
     102
      89
      80
      93
     106
      80
      86
      86
      75
     105
      78
      83
     101
      96
      99
      86
      87
      88
      93
      92
      93
      99
      99
     142
     155
     220
     301
     321
     344
     284
     222
     149
     136
     106
     108
     112
     104
     143
     141
     116
     125
      90
     103
     100
      97
     105
     121
     150
     228
     240
     318
     348
     359
     234
     163
     134
      92
      71
      64
      94
      79
      74
      58
     108
     106
      94
     109
     119
     139
     153
     151
     139
      83
      94
      74
      69
      72
      79
      85
      73
      71
      75
      71
      78
      72
      73
      76
      66
      83
      75
      66
      71
      79
      67
      90
      78
      72
      52
      67
      82
      98
      55
      86
      80
      77
      65
      58
      64
      91
      86
      81
      76
      79
      85
      99
      90
      73
      76
      91
     101
     142
     157
     225
     250
     218
     232
     151
     114
      96
      65
      86
      71
      74
      89
      99
     123
     106
     112
      93
      84
      63
      85
      68
      75
      65
      75
      79
      67
      66
      61
      66
      84
      63
      73
      83
      77
      60
      82
      73
      78
      88
      78
      79
      84
      62
      78
      87
      93
      79
      56
      74
      78
      70
      83
      93
      90
      92
     105
     100
      92
     101
      91
      93
      95
      76
      65
      70
      81
      75
      68
      72
      75
      63
      94
      81
      91
     103
      97
      82
      89
     118
      86
      93
      81
      74
      78
      62
      61
      70
      62
      77
      60
      54
      58
      67
      72
      78
      75
      70
      62
      82
      79
      80
      80
      84
      70
      79
      62
      66
      61
      82
      71
      86
      76
      71
      71
      71
      66
      65
      64
      74
      65
      61
      60
      70
      68
      72
      62
      62
      69
      83
      86
      67
      60
      61
      65
      69
      76
      56
      55
      68
      67
      75
      79
      87
      70
      69
      76
      71
      62
      74
      87
      76
      73
      79
      74
      59
      80
      93
     108
     158
     214
     370
     479
     585
     558
     457
     336
     187
     128
      83
      75
      81
      72
      72
      69
      65
      60
      70
      59
      61
      74
      64
      62
      68
      68
      72
      70
      81
      87
      69
      74
      69
      84
      68
      61
      66
      66
      70
      68
      76
      76
      70
      86
      73
      71
      61
      56
      60
      63
      71
      72
      68
      76
      66
      62
      63
      57
      78
      71
      62
      54
      82
      72
      79
      59
      72
      61
      73
      85
      76
      76
      73
      75
      84
      72
      69
      78
      73
      96
     148
     251
     430
     761
    1198
    1838
    2284
    2465
    2161
    1588
     996
     445
     184
     121
      70
      77
      54
      76
      72
      55
      59
      64
      64
      73
      59
      56
      51
      65
      59
      58
      71
      66
      72
      63
      63
      52
      62
      55
      56
      65
      57
      60
      57
      74
      78
      79
      55
      65
      59
      63
      54
      70
      52
      57
      61
      52
      66
      68
      67
      63
      62
      58
      62
      65
      62
      70
      58
      62
      57
      54
      70
      68
      58
      71
      63
      67
      69
      49
      52
      56
      62
      58
      57
      48
      63
      69
      70
      81
      55
      57
      62
      51
      64
      65
      63
      55
      55
      54
      76
      66
      58
      60
      76
      78
      75
      93
      70
      67
      65
      69
      63
      68
      49
      63
      52
      47
      57
      61
      68
      77
      60
      77
      64
      54
      71
      61
      44
      58
      57
      55
      74
      73
      64
      69
      47
      70
      75
      52
      61
      61
      65
      63
      60
      63
      56
      60
      69
      60
      58
      51
      59
      56
      69
      53
      66
      76
      54
      69
      81
      69
      44
      68
      67
      64
      76
      73
      63
      58
      72
      82
      59
      52
      69
      82
      63
      60
      84
      70
      84
     110
      98
     101
     107
     119
      89
      74
      57
      55
      68
      74
      63
      82
      74
      71
      74
      70
      76
      98
     155
     195
     261
     381
     342
     381
     294
     220
     154
      97
      91
      67
      69
      56
      62
      55
      51
      68
      41
      57
      77
      63
      57
      48
      57
      65
      74
      58
      62
      69
      62
      62
      54
      55
      64
      58
      60
      50
      50
      71
      48
      50
      55
      67
      57
      61
      49
      69
      52
      67
      77
      63
      65
      53
      71
      65
      56
      70
      86
      53
      68
      73
      89
      72
      97
      93
      91
      77
      78
      68
      63
      64
      60
      54
      51
      52
      58
      63
      57
      60
      68
      72
      74
      73
      63
      62
      51
      70
      58
      60
      70
      55
      68
      64
      67
      68
      81
      76
      82
      90
      74
      77
      78
      87
      71
      73
      87
      80
      72
      74
      64
      67
      52
      60
      79
      73
      75
      89
      70
      85
      72
      73
      74
      75
      68
      77
      68
      84
      61
      64
      64
      67
      76
      75
      60
      48
      50
      56
      65
      61
      67
      67
      70
      44
      70
      62
      64
      60
      80
      61
      59
      59
      53
      71
      64
      72
      70
      61
      67
      64
      51
      55
      67
      71
      50
      74
      58
      72
      60
      83
      68
      69
      57
      73
      63
      68
      56
      60
      69
      60
      60
      60
      68
      73
      61
      69
      66
      65
      71
      74
      68
      62
      66
      59
      62
      70
      54
      78
      78
      74
      57
      69
      77
      68
      59
      64
      70
      79
      66
      79
      83
      72
     104
      84
      79
      88
      76
      72
      62
      71
      63
      69
      63
      72
      64
      58
      54
      57
      71
      64
      65
      60
      70
      56
      70
      69
      55
      61
      68
      52
      49
      70
      62
      62
      67
      76
      67
      79
      64
      69
      60
      83
      65
      60
      67
      63
      56
      79
      61
      50
      67
      68
      60
      55
      51
      73
      66
      56
      51
      72
      63
      55
      52
      59
      58
      55
      73
      63
      71
      64
      68
      84
      72
      74
      66
      66
      45
      70
      62
      57
      67
      50
      59
      56
      76
      48
      70
      66
      70
      65
      62
      79
      65
      53
      56
      49
      58
      62
      50
      57
      53
      67
      50
      65
      63
      61
      59
      57
      51
      56
      44
      63
      56
      49
      56
      55
      56
      55
      49
      51
      69
      49
      63
      51
      60
      57
      60
      54
      62
      47
      69
      62
      51
      68
      50
      63
      52
      56
      57
      57
      62
      55
      67
      69
      51
      46
      65
      53
      55
      57
      54
      51
      49
      52
      62
      69
      55
      50
      52
      55
      60
      64
      55
      60
      52
      68
      47
      69
      54
      53
      47
      62
      56
      51
      45
      75
      63
      66
      71
      55
      64
      61
      50
      62
      51
      53
      55
      59
      45
      60
      52
      62
      68
      68
      54
      60
      68
      51
      65
      61
      58
      57
      50
      53
      47
      55
      48
      41
      59
      64
      48
      50
      50
      56
      68
      67
      51
      59
      55
      61
      47
      45
      69
      54
      45
      63
      63
      49
      63
      64
      41
      59
      61
      50
      52
      54
      68
      54
      48
      48
      44
      64
      58
      41
      56
      61
      41
      63
      61
      59
      62
      57
      55
      49
      57
      53
      56
      56
      61
      59
      61
      58
      58
      57
      60
      59
      50
      60
      48
      51
      55
      47
      59
      51
      67
      50
      53
      60
      57
      65
      62
      55
      61
      59
      64
      48
      56
      52
      54
      59
      35
      64
      48
      56
      61
      44
      60
      63
      51
      53
      60
      49
      49
      51
      54
      53
      53
      59
      50
      62
      61
      67
      54
      67
      66
      55
      62
      53
      71
      68
      62
      43
      53
      55
      60
      54
      43
      51
      42
      46
      52
      51
      58
      53
      47
      56
      62
      51
      59
      46
      47
      46
      52
      48
      45
      48
      47
      52
      57
      49
      43
      44
      56
      63
      55
      44
      58
      57
      52
      59
      60
      44
      55
      66
      60
      50
      51
      51
      44
      46
      73
      59
      66
      47
      51
      49
      45
      48
      58
      51
      49
      51
      56
      55
      54
      65
      55
      78
      97
      98
     121
     162
     228
     298
     320
     391
     364
     372
     337
     276
     229
     184
     122
     107
      90
      44
      72
      55
      59
      72
      72
      70
      66
      69
      69
      63
      57
      53
      56
      40
      56
      67
      59
      71
      65
      59
      66
      92
     124
     168
     174
     194
     181
     181
     128
      96
      89
      69
      61
      60
      41
      62
      56
      45
      54
      45
      49
      56
      50
      41
      64
      53
      56
      54
      54
      61
      47
      54
      55
      48
      56
      69
      58
      64
      51
      54
      55
      61
      76
      61
      54
      60
      55
      50
      58
      63
      52
      65
      57
      51
      45
      56
      62
      61
      57
      55
      64
      52
      46
      50
      49
      59
      58
      58
      61
      66
      64
      53
      59
      65
      55
      51
      44
      57
      68
      53
      55
      58
      54
      59
      69
      61
      62
      45
      47
      60
      51
      54
      48
      61
      63
      51
      50
      70
      50
      54
      52
      66
      38
      57
      55
      52
      55
      61
      43
      49
      53
      64
      55
      64
      69
      52
      61
      49
      62
      59
      52
      54
      66
      58
      70
      55
      65
      56
      55
      50
      58
      60
      59
      61
      74
      61
      52
      56
      67
      56
      62
      64
      66
      65
      64
      65
      40
      62
      56
      52
      76
      64
      61
      64
      59
      45
      51
      62
      69
      61
      59
      65
      58
      54
      59
      63
      59
      69
      72
      59
      57
      68
      70
      68
      62
      45
      48
      78
      65
      70
      74
      75
      57
      70
      51
      60
      52
      67
      66
      59
      72
      64
      67
      76
      60
      51
      61
      67
      99
      98
     112
     193
     258
     402
     534
     567
     649
     600
     503
     330
     230
     121
      84
      81
      61
      60
      64
      56
      68
      62
      60
      60
      53
      56
      68
      57
      56
      75
      41
      60
      56
      60
      44
      58
      56
      51
      55
      69
      50
      68
      58
      74
      63
      51
      56
      56
      62
      56
      67
      63
      60
      68
      64
      53
      70
      56
      66
      52
      53
      65
      51
      69
      51
      70
      52
      50
      48
      56
      66
      57
      54
      63
      60
      68
      65
      60
      61
      58
      54
      59
      49
      57
      58
      59
      58
      69
      55
      62
      50
      60
      65
      67
      62
      56
      72
      52
      60
      55
      56
      52
      66
      59
      69
      55
      62
      67
      72
      64
      53
      59
      48
      60
      58
      67
      60
      64
      57
      66
      54
      68
      66
      51
      50
      68
      61
      52
      63
      60
      68
      55
      66
      62
      62
      74
      60
      59
      59
      60
      65
      63
      64
      60
      58
      70
      61
      56
      61
      65
      77
      71
      61
      52
      64
      73
      51
      64
      73
      66
      60
      70
      58
      62
      46
      62
      75
      66
      62
      61
      63
      62
      66
      60
      74
      58
      64
      64
      75
      52
      77
      80
      54
      56
      53
      64
      53
      69
      76
      64
      61
      67
      58
      62
      48
      62
      61
      59
      66
      62
      64
      68
      74
      69
      74
      73
      62
      70
      68
      80
      66
      65
      67
      73
      80
      89
     110
     101
      95
      85
      87
      73
      64
      80
      63
      76
      66
      66
      84
      68
      61
      81
      68
      53
      73
      80
      66
      68
      75
      71
      73
      86
      62
      74
      66
      70
      71
      68
      81
      60
      67
      71
      68
      53
      59
      77
      67
      70
      58
      62
      63
      71
      75
      71
      81
      83
      74
      74
      55
      53
      55
      73
      65
      67
      62
      68
      59
      79
      60
      70
      78
      66
      70
      74
      67
      59
      67
      76
      65
      57
      73
      75
      68
      88
      65
      82
      61
      84
      55
      81
      46
      84
      79
      66
      78
      80
      67
      66
      72
      79
      76
      69
      70
      66
      57
      60
      69
      91
      63
      76
      62
      67
      81
      63
      62
      65
      75
      72
      72
      64
      84
      77
      68
      64
      73
      64
      66
      81
      66
      78
      82
      72
      73
      57
      76
      79
      86
      70
      58
      62
      67
      75
      61
      72
      82
      67
      58
      66
      72
      79
      70
      74
      69
      61
      75
      79
      73
      62
      59
      63
      81
      76
      68
      84
      79
      76
      76
      78
      65
      80
      67
      77
      80
      70
      64
      71
      68
      78
      80
      69
      65
      70
      81
      84
      67
      79
      78
      83
      63
      77
      82
      87
      69
      83
      62
      76
      63
      70
      81
      94
      71
      69
      66
      75
      74
      84
      86
      81
      66
      75
      76
      78
      66
      68
      67
      56
      82
      67
      71
      68
      55
      54
      50
      60
      61
      61
      59
      74
      50
      65
      42
      61
      50
      56
      61
      56
      73
      60
      56
      72
      63
      66
      48
      45
      54
      62
      54
      53
      62
      58
      46
      58
      49
      43
      53
      66
      50
      49
      55
      57
      64
      57
      49
      67
      63
      48
      63
      57
      55
      51
      47
      47
      47
      52
      46
      54
      54
      46
      56
      51
      62
      51
      61
      55
      51
      51
      46
      55
      62
      66
      47
      49
      58
      55
      48
      59
      50
      40
      54
      64
      46
      44
      59
      51
      42
      65
      43
      52
      54
      43
      54
      61
      48
      50
      43
      40
      50
      48
      44
      47
      49
      61
      52
      45
      54
      48
      42
      46
      38
      63
      47
      37
      60
      45
      53
      42
      42
      42
      44
      39
      48
      39
      47
      31
      62
      49
      42
      42
      44
      60
      45
      40
      47
      36
      40
      41
      57
      41
      55
      45
      49
      66
      56
      59
      91
     118
     142
     171
     218
     221
     215
     189
     117
      98
      69
      46
      52
      54
      35
      46
      45
      38
      40
      43
      46
      42
      41
      42
      54
      41
      46
      38
      41
      36
      41
      47
      33
      48
      37
      35
      47
      36
      49
      45
      42
      39
      30
      33
      35
      43
      40
      48
      39
      48
      41
      46
      41
      39
      48
      33
      42
      34
      35
      23
      27
      41
      45
      27
      38
      24
      33
      41
      31
      38
      41
      45
      40
      36
      29
      38
      37
      36
      37
      33
      28
      35
      36
      37
      35
      42
      20
      35
      38
      33
      43
      35
      41
      32
      37
      29
      32
      29
      22
      25
      23
      34
      32
      37
      25
      30
      42
      41
      21
      33
      28
      26
      30
      33
      33
      26
      29
      24
      26
      31
      33
      22
      20
      27
      27
      31
      27
      29
      27
      33
      34
      25
      30
      24
      28
      32
      29
      23
      22
      22
      27
      22
      28
      23
      13
      20
      28
      32
      25
      29
      27
      26
      24
      17
      20
      22
      22
      23
      26
      25
      22
      22
      19
      23
      23
      18
      24
      25
      28
      17
      30
      25
      21
      21
      20
      23
      24
      22
      26
      24
      22
      18
      19
      18
      10
      27
      20
      23
      16
      22
      14
      28
      20
      21
      21
      18
      32
      16
      22
      19
      19
      14
      24
      18
      24
      23
      14
      21
      29
      14
       9
      18
      23
      20
      16
      18
      15
      21
      19
      20
      22
      28
      15
      16
      17
      19
      19
      19
      19
      21
      15
      22
      18
      23
      23
      18
      17
      15
      23
       9
      18
      20
      14
      22
      14
      19
      15
      15
      19
      23
      17
      23
      20
      18
      15
      18
      18
      21
      15
      26
      12
      20
      15
      25
      12
      12
      18
      19
      16
      14
      16
      16
      17
      14
      14
      18
      16
      15
      14
      23
      14
      14
      22
      17
      21
      23
      13
      19
      21
      22
      18
      11
      12
      14
      17
      19
      21
      28
      14
      11
       8
      16
      13
      17
      20
      15
      11
      16
      24
      18
      20
      13
      13
      18
      24
      14
      20
      20
      16
      17
      21
      22
      16
      12
      12
      14
      17
      16
      10
      29
      22
      17
      16
      20
      17
      19
      18
      14
      17
      16
      15
      12
      18
      19
      18
       9
      18
      23
      12
      21
      15
      16
      26
      17
      20
      19
      19
      25
      16
      19
      19
      12
      25
      16
      21
      23
      23
      24
      13
      28
      28
      20
      19
      20
      24
      24
      32
      32
      29
      30
      26
      23
      41
      38
      44
      62
      98
     169
     254
     401
     630
     986
    1464
    2144
    2835
    3275
    3382
    3024
    2267
    1588
     908
     390
     187
      73
      42
      26
      12
      20
       9
      24
      10
      16
      17
      10
       9
       9
      17
      13
      14
       8
      13
       8
      13
       9
      14
      13
      10
      11
      13
      12
       8
       8
      14
       9
       8
       8
       7
       5
       9
      13
      10
       8
      10
      14
      12
      11
      11
      11
       9
      10
      11
       8
      12
      12
      13
      12
      14
      13
      10
       9
      13
      11
      15
      13
       8
      10
      11
       9
      11
       7
       9
      13
      12
       4
      12
      10
      13
       9
      14
       7
      10
       9
       8
       8
      13
       8
       3
      13
      10
       9
      12
       7
      14
      12
      13
       8
       3
       8
       9
       6
       9
       6
       8
      15
      11
      10
       8
       7
      13
      14
       9
      13
       6
       8
       6
      12
      19
      13
      16
      16
      13
      11
      10
      11
       7
       9
       7
      10
       4
      11
       6
       9
      10
      10
      11
      10
       9
      10
       9
       8
      11
      10
      12
      12
      12
       6
      10
       6
       5
       6
      10
      11
      12
       7
      10
      10
       7
       7
      15
       7
      14
       7
      14
      12
      18
      15
      12
      14
      14
      13
      14
       7
      11
      13
      10
      12
      12
       7
      11
      18
      14
      19
       8
       9
       6
       9
      10
      11
       9
       9
      10
       8
       8
      11
      13
       3
      13
       9
      13
      14
       9
       9
       8
      15
       7
       7
       5
      12
       9
       7
       9
      10
       3
      10
       7
       8
       7
       9
      12
       8
      11
      14
      12
       8
      10
       8
       5
      12
      14
       9
       7
       9
      12
      12
       9
      10
      10
       7
       9
       5
       6
      10
       9
      10
      10
      11
       9
       9
      10
      13
       8
      11
      12
       5
      17
      13
      10
      13
       7
       7
       9
      18
       5
       8
       8
       8
       8
       6
      11
       8
      10
      15
      14
      12
      15
       5
       6
       8
      11
      14
       9
       6
       8
      13
      10
      13
       9
       8
      10
       8
       7
      11
      14
       9
      11
       9
       6
      15
      10
       8
      11
       7
      10
      16
       9
       9
       8
       8
       4
      13
       6
      12
      11
       6
       6
       7
       7
       6
       8
       7
       7
      10
       7
      12
       7
      11
      14
      14
      15
      10
       9
      14
      11
       8
      12
       8
      10
       7
       4
      11
      11
      13
      20
       9
       9
       6
       8
      12
       8
       8
       9
      10
       5
       7
      17
       7
      12
      13
      16
       8
      11
      14
      12
       5
       9
      13
       8
       6
      16
       9
      11
       8
      11
       2
       9
      11
       9
       6
       9
       9
      11
       8
      10
      12
      10
       7
       4
       9
       6
       9
      10
       8
       7
       6
      10
       7
       8
      10
      16
       6
      13
       7
       6
      11
       5
       8
       9
      10
       8
      10
       3
       7
      10
      14
       4
      11
      12
      11
      12
      12
       8
      10
       7
       8
      16
      17
       6
       8
       9
      19
      17
      10
      13
       9
       9
       4
       7
      10
       9
       5
       8
      13
      12
       8
       7
      14
       7
      13
      13
       8
      10
       7
       7
       6
       9
      11
      13
       8
      12
      10
       7
      14
       6
       7
      10
       8
      10
       4
       7
       9
       8
       8
      11
      12
       6
      15
       8
       5
       5
       7
       6
       8
       8
       9
       9
      15
       6
       7
      12
      17
       6
       8
       6
       9
      11
       7
       6
      11
      14
       4
      12
      12
       6
       5
      11
      10
       7
      13
      11
       9
       8
      10
       8
      10
      10
       5
       9
      11
      16
      10
       9
       9
       8
       9
       8
       8
       6
      11
      11
      13
       9
       6
       9
      10
       5
       1
       9
       6
      11
      10
       4
       4
       6
      11
      17
       6
      12
       8
       6
       7
       9
       7
       9
       3
       6
       7
       6
      13
       6
       9
       4
       8
      11
      11
       6
       6
       5
      11
       5
       3
       2
       4
       8
      10
      12
      10
       4
       9
       8
      13
      12
       9
       7
      10
       6
      10
       6
       6
       6
       6
      12
       7
      12
       5
       9
       4
       7
       4
       4
       5
       5
       8
      14
       8
       6
      14
       5
       5
       8
      11
      10
       5
      10
      16
       8
       9
       5
      14
       9
       7
      11
       8
       4
       8
       7
       9
       7
       5
       5
      16
       8
      14
      11
      13
       7
      10
       2
       4
       6
      14
       7
      12
       9
      14
      12
      16
      15
       5
      13
      14
      10
      10
       4
       3
       5
       4
       8
      11
       8
       7
       6
       5
       7
       7
       8
       9
       9
       6
       4
      13
       3
       9
       8
       9
       9
       5
       8
       2
       5
       8
       4
       5
       5
      13
       6
       8
       8
       4
       9
       8
       8
       1
      11
       8
       9
       4
       5
       7
       9
      11
      10
       7
       6
       4
       6
      10
       3
       8
       8
       6
       8
       5
      11
       6
       8
      12
      11
      11
       8
       8
       5
       2
       3
       8
      13
       6
       4
       5
       5
      10
      12
      10
      10
      11
       6
       3
       9
       6
       6
      12
       5
       7
      10
       7
      10
       5
       6
       7
       5
      10
       7
       8
       7
       9
       0
       5
       5
      14
       7
       3
      11
      10
       2
       3
       7
       7
       6
       4
       6
       6
       6
       9
       5
       3
      14
       6
       6
       8
       3
       3
       5
      10
       3
      18
       6
      11
       8
       9
       8
       9
       5
      11
       7
       7
      15
       5
      11
       6
       6
      12
       6
       8
       8
      10
       6
       7
      11
       7
      10
      14
       8
       9
       4
       6
       7
       5
       7
       3
      11
       8
       9
       8
      10
       6
       7
       5
       5
       9
       7
       8
       4
      10
      12
       6
       5
       6
       6
       9
       7
       7
       7
       8
       3
       5
      12
       7
       8
       4
       9
      11
      10
       5
       4
       6
       7
       3
       8
       9
       4
       3
       6
      10
       5
       6
       9
       7
       7
       9
      12
       5
       4
       6
       5
       3
       6
       4
       5
       5
       5
       5
       5
       9
       7
       5
       8
       6
       6
       7
       7
      11
       7
       6
       6
       8
       4
       7
      12
       7
       7
       9
       6
       6
      10
       7
       6
       7
       6
       1
       8
      12
       5
       9
       9
       3
      11
       8
       9
      10
       7
      13
       7
       2
       2
      10
      13
       6
       5
       3
       6
       7
      10
       8
       5
       3
       8
       7
       8
       4
       6
       7
      11
       6
       0
       5
       4
      10
      12
       5
       4
       7
       5
       5
       5
       7
       3
       8
       7
       8
      11
       7
       8
       5
       6
       7
       9
       4
       7
       9
       6
       5
       7
       5
       9
       5
       5
       3
       5
      11
       7
       6
       2
       4
       7
       3
       2
       3
       3
       5
       1
       8
       2
       5
       6
       5
       4
       5
       7
       6
       3
       7
       9
       5
       3
       7
       8
       6
       2
       3
       4
       4
       3
       2
       6
       4
       3
       4
       4
      10
       4
       9
       8
       5
       9
       6
       5
      10
       5
       7
       7
       2
       5
       2
       3
       7
       6
       3
       3
       4
       6
       7
       5
      10
       4
       9
       7
       4
       2
       7
       5
       6
       6
       7
       6
       5
       5
       9
       4
       5
       5
       4
       4
       1
       5
       7
       3
       3
       6
       8
       4
       6
       1
       7
       4
       5
       9
       5
       2
       8
      11
       3
       5
       2
       5
       3
       5
       4
       3
       6
       5
       3
       9
       7
       6
       7
       5
       3
       7
       4
       5
       5
       3
       6
       4
       5
       7
       5
       5
       8
      10
       5
       1
       2
       8
       7
       4
       3
       2
       5
       6
       8
       4
       9
       5
       3
       3
       2
       5
       6
       7
       2
       6
       3
       7
       3
       4
       2
       3
       3
       6
       7
       8
       6
       8
       6
       1
       1
       4
       3
       6
      10
       4
       2
       5
       6
       4
       2
       1
       4
       2
       7
       4
       4
       1
       5
       6
       1
       5
       7
       5
       5
       5
       6
       5
       9
       3
       4
       2
       6
       5
       8
       3
       6
       4
       5
       3
      13
      10
       7
      13
      19
      12
      22
      19
      18
       7
      16
       6
       9
       2
       5
       5
       7
      10
       2
       6
       4
       3
       6
       4
       4
      11
       4
       4
       2
       2
       5
       1
       7
       9
       3
       2
       6
       7
       2
       2
       2
       3
       6
       4
       7
       7
       5
       3
       6
       3
       4
       5
       8
       5
       2
       4
       1
       8
       5
       1
       4
       7
       7
       2
       3
       5
       8
       7
       3
       5
       7
       3
       9
       3
       0
       2
       4
       3
       4
       6
       3
       3
       2
       4
       4
       5
       5
       4
       5
       3
       6
       6
       3
       3
       1
       3
       5
       6
       5
       4
       4
       7
       4
       6
       5
       3
       4
       4
       4
       4
       7
       5
       4
      10
       2
       7
       2
       5
       3
       4
       2
       4
       6
       7
       2
       2
       3
       6
       2
       3
       2
       4
       8
       3
       5
       4
       6
       5
       6
       5
       5
       8
       7
       2
       4
       4
       8
       4
       1
       6
       8
       3
       5
       8
       5
       3
       6
       5
       5
       5
       2
       6
       5
       6
       6
       4
      12
       8
       6
      25
      27
      37
      32
      41
      53
      53
      53
      39
      27
      28
      10
       6
      12
       2
       5
       7
       2
       4
       8
       3
       5
       2
       5
       1
       9
       2
       6
       3
       5
       1
       6
       8
       1
       7
       0
       7
       4
       4
       3
       3
       3
       6
       5
       5
       7
       6
       3
       5
       2
       2
       4
       4
       6
       3
       1
       2
       5
       9
       4
       3
       2
       6
       3
       3
       7
       5
       2
       1
       3
       3
       5
       5
       2
       2
       5
       7
       2
       6
       9
     111
     718
    6986
    7883
    4989
    8336
   12017
   26616
   36762
   21455
   17054
    5041
    3076
    2388
    1880
    1655
    1399
    1289
    1067
     950
     832
     670
     541
     499
     419
     336
     291
     256
     231
     270
     291
     275
     277
     248
     236
     215
     219
     213
     204
     187
     191
     182
     171
     156
     163
     146
     147
     144
     144
     140
     148
     141
     137
     115
     116
     120
      75
      41
      22
      14
       2
       4
       7
       5
       4
       3
       2
       5
       5
      10
       8
       9
       5
       8
       9
       9
      15
       8
      10
      11
       7
      18
      20
      32
      30
      39
      39
      55
      44
      39
      49
      41
      48
      43
      44
      49
      48
      58
      57
      65
      51
      56
      71
      66
      56
      65
      77
      79
      90
      78
      85
      99
     115
     113
     125
     132
     126
     145
     126
     144
     147
     148
     164
     110
      89
      41
      22
       9
      10
       2
       3
       0
       2
       3
       3
       4
       2
       0
       0
       0
       2
       1
       1
       0
       1
       1
       0
       0
       1
       0
       1
       0
       0
       0
       0
       0
       0
       0
       0
       0
       0
       0
       0
       0
       0
       0
       0
       0
       0
       0
       0
       0
       0
       0
       0
       0
       0
       0
       0
       0
       0
       0
       0
       0
       0
       0
       0
       0
       0
       0
       0
       0
       0
       0
       0
       0
       0
       0
       0
       0
       0
       0
       0
       0
       0
       0
       0
       0
       0
       0
       0
       0
       0
       0
       0
       0
       0
       0
       0
       0
       0
       0
       0
       0
       0
       0
       0
       0
       0
       0
       0
       0
       0
       0
       0
       0
       0
       0
       0
       0
       0
       0
       0
       0
       0
       0
       0
       0
       0
       0
       0
       0
       0
       0
       0
       0
       0
       0
       0
       0
       0
       0
       0
       0
       0
       0
       0
       0
       0
       0
       0
       0
       0
       0
       0
       0
       0
       0
       0
       0
       0
       0
       0
       0
       0
       0
       0
       0
       0
       0
       0
       0
       0
       0
       0
       0
       0
       0
       0
       0
       0
       0
       0
       0
       0
       0
       0
       0
       0
       0
       0
       0
       0
       0
       0
       0
       0
       0
       0
       0
       0
       0
       0
       0
       0
       0
       0
       0
       0
       0
       0
       0
       0
       0
       0
       0
       0
       0
       0
       0
       0
       0
       0
       0
       0
       0
       0
       0
       0
       0
       0
       0
       0
       0
       0
       0
       0
       0
       0
       0
       0
       0
       0
       0
       0
       0
       0
       0
       0
       0
       0
       0
       0
       0
       0
       0
       0
       0
       0
       0
       0
       0
       0
       0
       0
       0
       0
       0
       0
       0
       0
       0
       0
       0
       0
       0
       0
       0
       0
       0
       0
       0
       0
       0
       0
       0
       0
       0
       0
       0
       0
       0
       0
       0
       0
       0
       0
       0
       0
       0
       0
       0
       0
       0
       0
       0
       0
       0
       0
       0
       0
       0
       0
       0
       0
       0
       0
       0
       0
       0
       0
       0
       0
       0
       0
       0
       0
       0
       0
       0
       0
       0
       0
       0
       0
       0
       0
       0
       0
       0
       0
       0
       0
       0
       0
       0
       0
       0
       0
       0
       0
       0
       0
       0
       0
       0
       0
       0
       0
       0
       0
       0
       0
       0
       0
       0
       0
       0
       0
       0
       0
       0
       0
       0
       0
       0
       0
       0
       0
       0
       0
       0
       0
       0
       0
       0
       0
       0
       0
       0
       0
       0
       0
       0
       0
       0
       0
       0
       0
       0
       0
       0
       0
       0
       0
       0
       0
       0
       0
       0
       0
       0
       0
       0
       0
       0
       0
       0
       0
       0
       0
       0
       0
       0
       0
       0
       0
       0
       0
       0
       0
       0
       0
       0
       0
       0
       0
       0
       0
       0
       0
       0
       0
       0
       0
       0
       0
       0
       0
       0
       0
       0
       0
       0
       0
       0
       0
       0
       0
       0
       0
       0
       0
       0
       0
       0
       0
       0
       0
       0
       0
       0
       0
       0
       0
       0
       0
       0
       0
       0
       0
       0
       0
       0
       0
       0
       0
       0
       0
       0
       0
       0
       0
       0
       0
       0
       0
       0
       0
       0
       0
       0
       0
$ROI:
1
8119 8145
$PRESETS:
None
0
0
$ENER_FIT:
16.120037 0.423844
$MCA_CAL:
3
1.612004E+001 4.238438E-001 0.000000E+000 keV
$SHAPE_CAL:
3
2.822795E+000 5.986273E-004 0.000000E+000
