$SPEC_ID:
Background_Lab7
$SPEC_REM:
DET# 1
DETDESC# Rayleigh
AP# Maestro-PRO Version 9, 0, 2, 0
$DATE_MEA:
10/31/2025 17:18:32
$MEAS_TIM:
348974.86 349502.16
$DATA:
0 8191
       0
       0
       0
       0
       0
       0
       0
       0
       0
       0
       0
       0
       0
       0
       0
       0
       0
       0
       0
       0
       0
       0
       0
       0
       0
       0
      14
     155
     605
    2776
    4262
    4409
    4313
    4378
    4241
    4227
    4389
    4190
    4219
    4082
    4134
    4189
    4121
    4240
    4149
    4024
    4122
    4182
    3978
    4001
    4050
    4060
    3894
    4043
    3952
    4044
    3818
    3925
    4020
    3915
    3848
    3871
    3834
    3961
    3967
    3862
    3821
    3789
    3878
    3817
    3812
    3805
    3688
    3866
    3843
    3837
    3766
    3794
    3823
    3826
    3760
    3807
    3879
    3919
    3976
    3949
    3839
    3705
    3779
    3638
    3767
    3667
    3717
    3726
    3706
    3817
    3709
    3717
    3719
    3720
    3812
    3760
    3905
    3836
    3859
    3760
    3866
    3845
    3905
    3889
    3954
    3991
    3934
    4052
    4004
    4157
    4048
    4157
    4208
    4197
    4202
    4395
    4396
    4374
    4422
    4330
    4397
    4510
    4575
    4700
    5436
    5803
    5389
    4606
    4479
    4424
    4685
    4652
    4740
    4695
    4923
    4964
    4944
    4910
    4881
    4982
    5003
    5046
    5162
    5147
    5153
    5234
    5405
    5368
    5309
    5609
    5884
    6365
    6507
    6283
    6325
    7658
   11563
   14554
   11527
    7219
    6281
    7523
   12203
   18503
   16310
    8535
    5422
    4746
    4956
    5169
    5246
    4987
    4757
    5123
    5342
    5185
    5121
    4854
    4966
    5042
    5230
    5937
    6619
    6988
    6522
    6105
    5583
    5266
    5477
    6695
    8712
   10536
    9882
    7369
    5578
    5313
    5490
    6404
    8024
    8723
    7228
    5551
    5173
    5066
    6126
    8007
    9939
   10068
    9386
    7676
    5935
    5093
    5072
    5016
    4659
    4644
    4517
    4558
    4573
    4697
    4813
    4829
    5106
    5078
    5178
    5544
    5440
    5079
    4752
    4592
    4712
    4694
    4740
    4658
    4704
    4706
    4680
    4766
    4837
    5023
    5452
    5576
    5805
    5567
    5199
    4783
    4854
    4831
    4722
    4940
    5081
    5315
    5307
    5087
    5033
    4906
    4943
    4989
    4916
    4961
    4917
    5087
    5194
    5191
    4958
    4997
    4973
    5114
    5273
    5495
    5208
    4951
    4801
    4781
    4775
    4780
    4823
    4993
    4788
    4879
    4849
    4936
    4829
    4775
    4953
    4996
    4975
    4936
    5069
    5091
    5083
    4967
    4995
    4995
    5109
    5051
    5044
    5126
    5113
    5185
    5263
    5226
    5269
    5108
    5372
    5615
    6614
    7823
    7065
    5886
    5081
    5046
    5291
    5200
    5303
    5270
    5343
    5202
    5153
    5033
    5149
    5236
    5068
    5143
    5182
    5100
    5153
    5242
    5017
    5175
    5064
    5228
    5087
    5033
    5062
    5139
    5023
    5133
    5239
    5178
    5320
    5271
    5227
    5032
    5149
    5100
    5389
    5691
    6001
    5664
    5300
    5018
    5086
    5132
    5209
    5044
    5061
    5020
    4930
    4989
    5051
    4919
    4995
    4974
    4994
    4966
    4865
    4976
    4948
    4987
    5018
    4984
    4925
    4936
    5131
    5584
    6019
    5850
    5199
    4834
    4995
    4795
    4852
    4762
    4960
    4650
    4649
    4722
    4842
    4779
    4767
    4696
    4767
    4839
    4717
    4519
    4671
    4599
    4705
    4669
    4789
    4848
    5039
    4921
    4687
    4687
    4649
    4515
    4475
    4657
    4606
    4595
    4519
    4517
    4538
    4589
    4538
    4376
    4506
    4496
    4426
    4470
    4350
    4386
    4485
    4299
    4486
    4311
    4385
    4426
    4372
    4453
    4352
    4456
    4418
    4320
    4331
    4194
    4317
    4460
    4542
    4332
    4267
    4399
    4397
    4449
    4349
    4317
    4259
    4361
    4315
    4185
    4559
    4285
    4316
    4314
    4334
    4354
    4426
    4531
    4442
    4631
    5405
    7813
   10554
   11331
    9366
    6176
    4450
    4210
    4266
    4183
    4134
    4231
    4071
    4155
    4179
    4097
    4170
    4099
    4207
    4218
    4099
    4213
    4146
    4071
    4056
    4070
    4151
    4169
    4086
    4167
    4092
    4178
    4111
    4159
    4005
    3992
    4047
    4098
    4139
    4228
    4297
    4265
    4058
    4072
    3975
    4040
    3947
    4126
    4074
    3936
    3971
    4044
    4130
    3998
    4044
    4247
    4147
    4140
    4007
    3819
    3823
    3834
    3782
    3772
    4017
    4744
    6420
    8165
    7269
    5198
    4080
    3815
    3759
    3715
    3838
    3695
    3717
    3786
    3697
    3801
    3663
    3773
    3605
    3681
    3736
    3870
    3944
    3794
    3695
    3630
    3725
    3619
    3679
    3795
    3601
    3619
    3671
    3613
    3580
    3605
    3717
    3750
    3715
    3513
    3704
    3557
    3735
    3563
    3742
    3594
    3618
    3697
    3599
    3513
    3605
    3558
    3591
    3681
    3518
    3642
    3637
    3586
    3532
    3598
    3593
    3523
    3602
    3657
    3630
    3657
    3553
    3525
    3721
    3706
    3747
    3715
    3580
    3563
    3630
    3642
    3888
    4127
    4071
    3809
    3878
    5147
   10419
   25614
   47749
   49423
   27373
    9189
    4030
    4300
    6222
    8236
    8967
    9879
   10471
    7779
    4491
    3082
    2875
    2842
    2825
    2872
    2815
    2854
    2905
    2821
    2737
    2881
    2948
    2879
    2877
    2716
    2794
    2736
    2743
    2719
    2737
    2732
    2677
    2691
    2724
    2706
    2846
    2884
    2878
    2750
    2709
    2728
    2716
    2607
    2720
    2738
    2915
    2893
    3023
    2806
    2666
    2667
    2921
    2943
    3077
    3096
    2845
    2684
    2553
    2585
    2502
    2556
    2585
    2635
    2488
    2587
    2680
    2562
    2647
    2639
    2532
    2575
    2521
    2422
    2542
    2443
    2501
    2489
    2417
    2529
    2541
    2519
    2729
    3171
    4168
    5102
    5817
    4951
    3812
    3065
    2793
    2587
    2467
    2411
    2538
    2515
    2464
    2637
    2696
    2631
    2518
    2425
    2427
    2562
    3241
    3984
    4296
    3666
    2687
    2507
    2512
    2513
    2421
    2266
    2325
    2383
    2391
    2343
    2299
    2353
    2298
    2257
    2334
    2370
    2322
    2446
    2232
    2309
    2326
    2258
    2371
    2301
    2277
    2327
    2386
    2596
    2590
    2467
    2374
    2274
    2201
    2288
    2225
    2254
    2262
    2287
    2291
    2291
    2134
    2283
    2311
    2491
    3424
    6501
   13083
   18360
   15328
    7642
    3304
    2255
    2094
    2120
    2142
    2086
    2166
    2228
    2354
    3440
    4768
    5212
    3967
    2719
    2111
    2103
    2104
    2040
    2103
    2005
    2065
    1978
    2049
    1992
    2073
    2041
    2056
    1976
    2114
    2097
    2094
    1900
    1952
    1946
    1933
    1982
    1928
    1919
    2022
    2042
    1927
    2027
    2013
    1963
    1937
    1996
    1941
    1970
    1910
    1960
    2073
    2046
    2020
    1912
    2008
    1983
    1824
    1909
    1844
    2059
    1854
    1918
    1989
    1926
    1826
    1922
    1868
    1939
    1918
    1972
    2005
    2059
    1979
    1866
    1876
    1971
    2124
    1971
    2017
    1968
    1849
    1901
    1818
    1946
    1939
    2246
    2771
    3904
    4232
    3615
    2614
    2071
    1953
    2035
    2057
    1939
    1859
    1936
    1874
    2106
    2149
    2113
    1940
    2041
    1901
    1896
    1943
    1857
    1887
    1823
    1855
    1816
    2001
    2317
    3727
    7093
   11031
   10664
    6649
    3202
    2009
    1891
    1851
    1970
    2024
    1978
    1846
    1797
    1802
    1790
    1781
    1699
    1717
    1723
    1773
    1742
    1782
    1751
    1749
    1773
    1758
    1732
    1700
    1770
    1805
    1775
    1919
    1834
    1837
    1937
    2604
    4670
   10500
   21312
   29050
   23815
   11669
    3918
    1914
    1543
    1601
    1570
    1604
    1586
    1606
    1596
    1575
    1563
    1568
    1498
    1603
    1522
    1562
    1516
    1519
    1544
    1506
    1453
    1569
    1469
    1509
    1389
    1550
    1504
    1515
    1535
    1508
    1606
    1587
    1560
    1446
    1481
    1563
    1547
    1536
    1493
    1511
    1571
    1486
    1533
    1541
    1536
    1529
    1513
    1512
    1544
    1421
    1496
    1425
    1519
    1468
    1462
    1525
    1499
    1561
    1544
    1491
    1411
    1506
    1525
    1463
    1491
    1509
    1484
    1524
    1558
    1556
    1471
    1562
    1450
    1456
    1436
    1451
    1491
    1508
    1487
    1475
    1496
    1479
    1500
    1447
    1475
    1447
    1491
    1467
    1556
    1512
    1487
    1468
    1610
    1590
    1642
    1534
    1507
    1554
    1602
    1675
    1724
    1599
    1489
    1418
    1486
    1448
    1441
    1559
    1479
    1485
    1439
    1410
    1516
    1514
    1433
    1403
    1485
    1516
    1423
    1445
    1490
    1416
    1470
    1415
    1506
    1386
    1412
    1452
    1443
    1416
    1489
    1460
    1439
    1535
    1590
    1592
    1583
    1530
    1426
    1465
    1395
    1503
    1480
    1534
    1481
    1470
    1514
    1455
    1435
    1406
    1417
    1352
    1394
    1551
    1705
    2206
    2783
    2519
    2051
    1632
    1424
    1343
    1382
    1431
    1349
    1341
    1307
    1282
    1388
    1386
    1403
    1378
    1355
    1378
    1401
    1354
    1366
    1370
    1339
    1263
    1336
    1340
    1340
    1387
    1324
    1338
    1324
    1263
    1286
    1298
    1320
    1359
    1315
    1326
    1425
    1271
    1333
    1276
    1306
    1291
    1351
    1330
    1248
    1270
    1288
    1299
    1351
    1320
    1326
    1210
    1289
    1287
    1226
    1264
    1210
    1137
    1229
    1299
    1251
    1235
    1285
    1241
    1257
    1218
    1221
    1180
    1174
    1257
    1176
    1261
    1174
    1192
    1184
    1231
    1229
    1289
    1232
    1381
    1372
    1291
    1257
    1235
    1232
    1213
    1235
    1204
    1220
    1242
    1250
    1170
    1144
    1184
    1197
    1186
    1220
    1159
    1224
    1217
    1179
    1174
    1215
    1169
    1199
    1219
    1183
    1213
    1249
    1183
    1088
    1141
    1109
    1218
    1241
    1222
    1236
    1323
    1482
    1493
    1321
    1181
    1176
    1300
    1336
    1240
    1186
    1162
    1219
    1146
    1116
    1153
    1098
    1138
    1143
    1113
    1113
    1070
    1112
    1130
    1101
    1158
    1233
    1464
    1869
    2782
    3595
    3730
    2733
    1750
    1245
    1123
    1135
    1106
    1102
    1066
    1129
    1127
    1034
    1129
    1114
    1155
    1097
    1119
    1094
    1166
    1216
    1132
    1063
    1121
    1115
    1135
    1111
    1054
    1062
    1095
    1138
    1095
    1184
    1138
    1126
    1058
    1091
    1089
    1035
    1117
    1133
    1159
    1141
    1145
    1101
    1100
    1075
    1163
    1235
    1267
    1200
    1120
    1032
    1107
    1020
    1017
    1035
    1036
    1065
    1055
    1043
    1090
    1107
    1100
    1134
    1171
    1137
    1282
    1163
    1070
    1112
    1032
    1061
    1006
    1023
    1019
    1017
    1006
    1009
    1046
    1014
    1010
     946
    1059
    1052
    1056
    1045
     972
     984
    1011
     991
     978
    1076
    1015
    1050
    1005
    1003
    1040
    1087
    1021
    1065
    1002
     976
    1054
     964
     940
    1020
    1041
    1018
    1016
    1015
    1029
    1069
    1118
    1094
    1061
    1041
    1021
     972
     968
    1039
    1045
     982
    1050
    1092
    1178
    1377
    1513
    1772
    2238
    3112
    4745
    6157
    6475
    5370
    3694
    2570
    1994
    1620
    1356
    1247
    1160
    1056
    1054
     966
    1027
     998
     999
     948
     956
     972
    1000
     968
    1001
     967
     955
     953
    1030
     996
     983
     972
     891
     940
     968
     975
     952
    1058
     983
     984
    1030
    1013
     937
     947
     946
     959
     985
     925
     951
     976
     913
     967
     957
     963
     931
     972
     929
     967
     977
     971
     945
     935
     997
     981
     986
     972
    1010
    1008
    1012
     948
     959
     919
     894
     884
     893
     974
     919
     974
     954
     915
     936
     918
     926
     948
     938
     940
     897
     894
     911
     897
     900
     958
     946
    1035
     913
     981
     949
     937
     955
     938
     959
     939
    1040
     990
    1060
     998
     912
     873
     929
     956
    1002
     914
     921
     940
     909
     959
     844
     882
     898
     950
     856
     885
     844
     891
     948
     875
     945
    1007
     897
     925
     893
     899
     917
     865
     921
     898
     887
     944
     901
     902
     911
     933
     990
     950
    1016
    1130
    1250
    1413
    1249
    1072
     945
     940
     857
     906
     910
     953
     890
     894
     907
     854
     938
     920
     885
     861
     903
     905
     932
     901
     919
     912
    1000
     991
     970
     989
     993
    1033
     968
     921
     890
     923
     889
     867
     849
     870
     907
     929
     913
     888
     937
     970
     852
     929
     920
     920
     997
    1112
    1098
    1042
     994
    1108
    1596
    3191
    7004
   12062
   14991
   13336
    8122
    3532
    1497
     994
     875
     827
     849
     868
     906
     818
     861
     888
     822
     819
     828
     881
     850
     863
     838
     815
     866
     895
     801
     840
     824
     876
     846
     863
     826
     834
     879
     844
     882
     826
     847
     842
     852
     828
     873
     888
     827
     856
     899
     856
     804
     860
     870
     854
     857
     845
     839
     795
     837
     817
     830
     898
     844
     872
     872
     819
     866
     887
     876
     820
     860
    1005
    1446
    3111
    7094
   13319
   18975
   18918
   12960
    6077
    2375
    1057
     812
     828
     741
     781
     777
     800
     830
     741
     829
     763
     797
     815
     772
     808
     828
     759
     831
     777
     753
     783
     761
     735
     765
     821
     796
     805
     772
     773
     751
     800
     779
     767
     791
     778
     801
     756
     770
     745
     800
     786
     742
     742
     748
     766
     730
     751
     718
     765
     716
     767
     744
     768
     775
     749
     809
     708
     719
     756
     740
     759
     780
     752
     791
     748
     718
     763
     741
     767
     681
     730
     774
     737
     793
     759
     764
     780
     700
     756
     762
     780
     762
     755
     725
     765
     778
     718
     790
     749
     774
     750
     747
     721
     723
     748
     736
     726
     741
     771
     746
     779
     712
     738
     795
     742
     801
     767
     763
     750
     725
     716
     764
     740
     728
     800
     686
     724
     778
     724
     775
     710
     757
     658
     751
     698
     737
     771
     740
     739
     763
     762
     762
     756
     780
     740
     770
     821
    1090
    1786
    2620
    3313
    3077
    2300
    1438
     933
     770
     800
     785
     853
    1037
    1214
    1273
    1126
     952
     857
     776
     747
     734
     712
     728
     686
     743
     757
     719
     685
     692
     745
     721
     722
     722
     711
     686
     767
     787
     719
     771
     765
     768
     756
     728
     718
     723
     769
     744
     760
     721
     734
     754
     679
     700
     768
     707
     717
     776
     710
     694
     751
     693
     781
     741
     675
     718
     732
     751
     710
     684
     684
     704
     683
     703
     750
     723
     758
     811
     734
     743
     748
     758
     729
     757
     690
     708
     761
     688
     664
     747
     702
     708
     714
     685
     738
     738
     676
     716
     702
     699
     717
     712
     702
     681
     740
     722
     734
     754
     728
     746
     762
     753
     705
     727
     764
     807
     809
     846
     876
     926
     829
     823
     756
     765
     805
     757
     737
     732
     757
     755
     777
     761
     771
     775
     737
     698
     734
     674
     745
     700
     748
     727
     660
     752
     658
     695
     677
     706
     680
     692
     755
     736
     722
     684
     680
     705
     673
     697
     684
     721
     686
     698
     708
     728
     702
     795
     804
     781
     727
     676
     698
     746
     744
     724
     732
     689
     691
     729
     717
     660
     735
     750
     900
    1459
    2212
    2983
    3678
    3320
    2418
    1411
     824
     749
     644
     655
     647
     664
     711
     691
     604
     674
     626
     691
     678
     741
     671
     677
     678
     704
     679
     666
     669
     649
     656
     659
     595
     681
     659
     697
     660
     633
     686
     605
     659
     634
     659
     676
     674
     763
     693
     764
     696
     682
     632
     683
     647
     630
     651
     685
     665
     645
     679
     630
     618
     626
     638
     632
     624
     622
     665
     649
     642
     669
     653
     663
     671
     653
     657
     626
     680
     693
     677
     753
     844
     949
     993
     987
     813
     736
     699
     632
     646
     569
     683
     621
     624
     660
     617
     594
     649
     663
     613
     673
     633
     680
     757
     829
     829
     823
     752
     698
     656
     614
     701
     766
     806
     836
     928
    1124
    1572
    2092
    2204
    1948
    1293
     946
     685
     640
     655
     654
     704
     945
    1159
    1129
    1050
     850
     693
     702
     584
     614
     642
     609
     582
     600
     608
     626
     605
     599
     593
     611
     577
     579
     600
     630
     589
     568
     605
     622
     681
     760
     835
     740
     672
     619
     609
     646
     688
     760
    1036
    1235
    1310
    1213
     995
     797
     695
     634
     576
     583
     590
     556
     543
     571
     552
     586
     602
     600
     569
     566
     563
     601
     638
     642
     843
    1181
    1689
    2098
    2088
    1675
    1132
     789
     635
     604
     517
     561
     576
     591
     534
     556
     560
     534
     602
     578
     539
     541
     586
     587
     527
     574
     506
     558
     580
     547
     547
     643
     667
     817
     910
     945
     821
     697
     648
     561
     533
     571
     537
     552
     541
     531
     538
     572
     522
     555
     568
     561
     524
     574
     571
     550
     561
     595
     543
     517
     540
     567
     546
     552
     513
     569
     548
     532
     500
     503
     554
     532
     550
     551
     541
     587
     583
     567
     588
     530
     553
     521
     522
     517
     541
     564
     536
     575
     601
     607
     526
     605
     562
     538
     546
     510
     508
     551
     558
     597
     613
     721
     758
     763
     690
     614
     613
     616
     597
     540
     545
     559
     552
     652
     789
    1019
    1101
    1085
     960
     730
     630
     553
     589
     577
     663
     785
     826
     832
     861
     840
     778
     687
     653
     560
     509
     517
     554
     545
     563
     505
     564
     520
     538
     516
     488
     521
     543
     557
     529
     506
     532
     510
     479
     497
     517
     521
     528
     532
     509
     518
     521
     535
     512
     525
     552
     534
     480
     509
     530
     510
     500
     547
     521
     515
     530
     504
     502
     548
     539
     530
     547
     692
     921
    1296
    1805
    2046
    1908
    1474
    1014
     724
     586
     506
     534
     517
     521
     538
     562
     544
     490
     493
     495
     506
     519
     527
     510
     502
     511
     548
     484
     523
     475
     524
     517
     546
     537
     512
     515
     527
     525
     558
     508
     541
     539
     563
     493
     563
     513
     525
     511
     490
     516
     478
     488
     512
     490
     469
     522
     529
     497
     513
     530
     516
     533
     510
     512
     493
     543
     523
     513
     525
     501
     504
     490
     506
     488
     492
     520
     509
     498
     524
     529
     519
     496
     484
     519
     483
     498
     479
     514
     505
     532
     459
     506
     535
     558
     594
     630
     591
     575
     539
     551
     556
     484
     502
     536
     509
     545
     514
     524
     495
     533
     541
     537
     497
     503
     527
     529
     550
     507
     515
     548
     486
     574
     576
     599
     777
     716
     717
     660
     630
     529
     519
     533
     526
     526
     523
     545
     543
     570
     591
     762
    1228
    2312
    4517
    7093
    9329
    9299
    7225
    4104
    2070
     950
     626
     503
     450
     523
     497
     500
     471
     449
     492
     492
     455
     483
     456
     472
     484
     484
     507
     489
     465
     486
     473
     453
     488
     468
     474
     484
     506
     461
     509
     433
     502
     475
     503
     459
     436
     487
     481
     464
     502
     490
     513
     473
     482
     464
     456
     486
     493
     509
     491
     482
     484
     484
     458
     521
     660
     760
    1091
    1250
    1300
    1165
     965
     659
     567
     472
     497
     462
     472
     450
     447
     459
     508
     446
     490
     480
     472
     480
     457
     458
     493
     470
     434
     483
     447
     462
     490
     500
     491
     473
     491
     518
     520
     499
     511
     532
     520
     532
     508
     539
     589
     604
     615
     663
     656
     625
     591
     535
     559
     541
     545
     519
     503
     484
     493
     455
     484
     486
     483
     476
     469
     481
     475
     476
     509
     473
     548
     552
     562
     586
     500
     482
     501
     474
     448
     454
     464
     475
     532
     526
     641
     752
    1147
    1596
    2069
    2050
    1852
    1355
     894
     659
     516
     691
     986
    1641
    2857
    4443
    5505
    5608
    4163
    2543
    1429
     721
     517
     445
     443
     424
     494
     426
     438
     481
     458
     476
     463
     449
     464
     453
     466
     464
     427
     434
     464
     475
     474
     488
     463
     449
     456
     492
     471
     483
     442
     473
     420
     485
     452
     484
     447
     451
     453
     426
     447
     445
     474
     451
     431
     395
     492
     504
     509
     495
     509
     464
     462
     448
     438
     472
     479
     444
     454
     444
     469
     456
     453
     413
     435
     457
     464
     444
     445
     427
     444
     459
     469
     444
     450
     436
     455
     470
     443
     420
     466
     535
     567
     618
     791
     806
     769
     715
     569
     521
     463
     443
     426
     490
     463
     481
     408
     461
     443
     461
     492
     460
     434
     452
     424
     462
     416
     456
     438
     456
     452
     425
     439
     468
     402
     466
     442
     431
     438
     485
     469
     453
     414
     480
     469
     427
     472
     499
     444
     438
     497
     460
     447
     429
     443
     447
     453
     422
     485
     435
     446
     457
     457
     466
     471
     448
     433
     450
     449
     420
     462
     468
     433
     471
     457
     419
     419
     404
     438
     461
     424
     460
     437
     453
     461
     472
     399
     481
     467
     474
     463
     493
     515
     488
     512
     527
     512
     511
     466
     493
     474
     457
     439
     455
     453
     455
     436
     420
     473
     460
     453
     437
     458
     469
     433
     450
     466
     480
     398
     429
     419
     430
     437
     447
     424
     432
     423
     439
     442
     469
     472
     389
     432
     462
     426
     502
     429
     512
     459
     448
     468
     481
     472
     490
     524
     495
     520
     509
     480
     498
     492
     494
     492
     430
     440
     474
     421
     449
     430
     422
     400
     444
     464
     454
     442
     481
     449
     453
     437
     442
     429
     477
     432
     457
     433
     455
     465
     433
     453
     476
     462
     477
     498
     537
     530
     480
     485
     452
     480
     470
     474
     437
     455
     511
     479
     459
     525
     536
     537
     477
     450
     410
     466
     460
     464
     472
     499
     482
     463
     475
     475
     437
     457
     467
     443
     456
     456
     542
     594
     588
     616
     613
     573
     503
     463
     445
     505
     442
     462
     497
     454
     473
     460
     466
     437
     450
     431
     459
     448
     491
     441
     473
     441
     449
     464
     497
     447
     440
     474
     459
     439
     476
     449
     465
     468
     472
     458
     448
     454
     513
     566
     575
     583
     611
     555
     566
     513
     524
     538
     515
     480
     474
     456
     471
     460
     467
     464
     476
     468
     433
     501
     444
     425
     437
     500
     458
     466
     544
     517
     481
     549
     474
     501
     541
     518
     446
     464
     471
     508
     461
     479
     457
     430
     466
     475
     516
     522
     534
     576
     561
     583
     484
     546
     505
     494
     486
     495
     475
     434
     470
     456
     501
     472
     478
     476
     497
     548
     506
     550
     550
     629
     901
    1402
    2157
    3113
    3962
    3994
    3275
    2233
    1430
     766
     607
     539
     514
     459
     518
     491
     516
     496
     505
     487
     480
     476
     472
     476
     532
     461
     512
     475
     504
     486
     472
     490
     461
     532
     468
     489
     484
     471
     479
     517
     500
     534
     545
     512
     531
     481
     492
     504
     519
     478
     445
     512
     492
     491
     557
     469
     504
     522
     485
     522
     510
     476
     517
     473
     518
     486
     497
     503
     487
     471
     496
     494
     485
     494
     491
     526
     497
     484
     516
     485
     478
     484
     484
     477
     533
     446
     518
     484
     516
     517
     462
     484
     508
     521
     538
     569
     561
     583
     664
     760
     834
     882
     868
     778
     707
     597
     527
     484
     496
     483
     503
     488
     546
     505
     473
     523
     523
     532
     472
     528
     490
     525
     520
     484
     512
     546
     518
     491
     572
     521
     501
     491
     458
     505
     493
     496
     499
     548
     521
     514
     483
     530
     504
     522
     487
     499
     510
     514
     528
     535
     550
     517
     546
     530
     527
     504
     476
     557
     568
     513
     527
     501
     497
     525
     460
     548
     472
     502
     505
     528
     557
     519
     534
     532
     539
     529
     538
     525
     527
     541
     521
     499
     537
     537
     558
     527
     486
     543
     483
     554
     491
     546
     538
     545
     534
     468
     551
     550
     508
     510
     537
     545
     503
     547
     544
     518
     537
     558
     586
     562
     529
     531
     512
     523
     567
     563
     526
     534
     525
     530
     527
     531
     541
     584
     509
     519
     564
     484
     544
     532
     534
     550
     545
     583
     531
     575
     572
     540
     547
     571
     541
     521
     603
     570
     634
     611
     599
     671
     556
     604
     588
     573
     532
     577
     590
     544
     580
     530
     559
     558
     509
     542
     585
     583
     589
     520
     509
     585
     534
     571
     550
     533
     578
     577
     563
     570
     564
     596
     563
     560
     564
     583
     559
     584
     563
     616
     563
     597
     546
     575
     549
     575
     553
     556
     553
     565
     585
     615
     597
     581
     588
     575
     579
     571
     584
     580
     546
     591
     595
     584
     592
     588
     547
     579
     584
     574
     561
     567
     548
     533
     604
     597
     585
     560
     617
     620
     721
     878
    1206
    1488
    1740
    1831
    1711
    1312
     981
     763
     616
     565
     536
     544
     510
     540
     523
     500
     503
     500
     586
     495
     535
     509
     576
     512
     537
     484
     556
     585
     609
     575
     516
     509
     492
     462
     468
     457
     464
     472
     468
     460
     481
     470
     485
     470
     443
     492
     474
     513
     478
     440
     435
     458
     433
     409
     432
     416
     435
     373
     434
     415
     449
     448
     400
     427
     427
     418
     437
     419
     407
     427
     377
     439
     406
     403
     397
     435
     388
     422
     378
     431
     387
     433
     373
     383
     376
     400
     408
     425
     421
     357
     402
     403
     393
     365
     384
     351
     381
     367
     374
     404
     376
     397
     406
     379
     405
     365
     392
     396
     374
     407
     405
     393
     357
     377
     394
     372
     403
     419
     495
     544
     635
     679
     677
     567
     525
     473
     371
     376
     388
     386
     365
     388
     346
     357
     370
     388
     393
     342
     399
     373
     416
     391
     369
     368
     380
     369
     373
     378
     383
     373
     362
     348
     365
     357
     353
     353
     361
     320
     346
     358
     321
     348
     351
     360
     336
     345
     350
     349
     325
     342
     375
     333
     344
     330
     316
     339
     341
     332
     333
     377
     341
     312
     328
     346
     353
     330
     347
     318
     359
     329
     323
     357
     306
     367
     312
     333
     337
     317
     339
     340
     316
     334
     307
     295
     319
     306
     341
     310
     313
     324
     324
     305
     329
     307
     318
     286
     307
     320
     289
     296
     344
     316
     322
     332
     322
     313
     301
     326
     320
     300
     298
     298
     285
     323
     290
     317
     287
     314
     315
     289
     312
     306
     300
     298
     279
     277
     298
     293
     277
     286
     288
     315
     297
     309
     267
     273
     303
     280
     288
     278
     267
     271
     294
     283
     298
     263
     266
     262
     276
     280
     290
     289
     288
     268
     285
     248
     302
     285
     278
     259
     297
     284
     246
     256
     249
     263
     252
     281
     252
     261
     279
     260
     258
     250
     274
     256
     254
     275
     233
     274
     233
     260
     253
     240
     251
     245
     235
     252
     254
     229
     265
     231
     240
     251
     232
     273
     228
     242
     259
     232
     249
     249
     227
     244
     255
     232
     237
     222
     237
     243
     208
     228
     243
     221
     230
     284
     197
     201
     241
     231
     224
     231
     217
     233
     209
     220
     207
     226
     243
     212
     215
     217
     236
     236
     231
     237
     207
     206
     212
     225
     182
     229
     203
     245
     230
     224
     232
     230
     221
     226
     211
     235
     182
     206
     222
     234
     245
     230
     247
     245
     246
     216
     243
     283
     352
     447
     608
     801
    1057
    1121
    1021
     821
     549
     378
     275
     220
     202
     199
     213
     182
     207
     210
     199
     202
     199
     200
     231
     274
     301
     325
     373
     343
     329
     286
     243
     199
     210
     202
     194
     185
     203
     190
     207
     193
     186
     178
     202
     209
     215
     198
     170
     198
     180
     191
     199
     224
     184
     201
     212
     188
     190
     182
     167
     188
     216
     195
     189
     191
     206
     207
     216
     252
     299
     353
     411
     428
     443
     383
     352
     259
     232
     190
     185
     204
     230
     175
     211
     214
     224
     276
     402
     479
     603
     614
     603
     543
     431
     316
     234
     193
     188
     195
     199
     192
     184
     189
     193
     172
     186
     187
     198
     189
     184
     237
     203
     204
     163
     206
     177
     163
     171
     196
     199
     162
     175
     189
     201
     211
     185
     194
     180
     183
     175
     186
     222
     187
     170
     176
     191
     188
     215
     191
     169
     200
     184
     217
     202
     176
     192
     180
     204
     210
     191
     172
     200
     202
     199
     191
     196
     188
     193
     196
     206
     176
     208
     192
     160
     191
     192
     203
     194
     195
     191
     199
     182
     199
     197
     192
     192
     204
     193
     184
     203
     187
     170
     220
     171
     199
     178
     171
     191
     217
     200
     201
     220
     178
     208
     176
     194
     190
     211
     216
     210
     189
     234
     212
     182
     195
     210
     191
     228
     219
     201
     232
     208
     232
     227
     220
     222
     226
     237
     259
     267
     248
     234
     267
     235
     279
     282
     273
     341
     410
     482
     903
    1456
    3022
    5861
   10384
   17072
   23911
   28756
   29018
   24707
   17238
    9994
    4835
    1971
     753
     276
     167
     152
     124
     167
     170
     138
     151
     135
     165
     152
     136
     139
     162
     133
     149
     124
     104
     120
     124
     130
     134
     138
     145
     147
     126
     115
     136
     123
     128
     140
     141
     133
     135
     107
     126
     126
     103
     115
     134
     125
     118
     145
     110
     132
     143
     139
     144
     133
     133
     120
     125
     106
     141
     136
     118
     132
     141
     130
     149
     132
     149
     120
     137
     124
     131
     118
     135
     127
     103
     128
     119
     150
     117
     114
     138
     133
     125
     112
     139
     136
     128
     127
     119
     156
     168
     183
     210
     284
     329
     344
     317
     247
     203
     189
     168
     142
     154
     118
     131
     131
     127
     170
     202
     202
     235
     223
     205
     190
     161
     161
     154
     127
     128
     120
     131
     137
     131
     131
     135
     147
     154
     164
     265
     359
     443
     515
     507
     484
     410
     319
     215
     180
     187
     168
     169
     196
     183
     208
     182
     152
     135
     150
     128
     114
     137
     126
     103
     107
     126
      96
     121
     118
     139
     132
     104
     122
     135
     113
     124
     144
     130
     127
     117
     116
     116
     140
     118
     127
     133
     110
     131
     110
     137
     135
     114
     119
     133
     142
     144
     131
     118
     161
     138
     138
     129
     112
     126
     138
     110
     117
     136
     128
     106
     120
     133
     135
     107
     106
     129
     109
     124
     131
     116
     152
     178
     179
     202
     210
     201
     177
     131
     135
     132
     106
     122
     140
     136
     147
     160
     160
     211
     190
     186
     174
     131
     123
     111
     121
     118
      99
     102
     134
     108
     142
     123
     113
     137
     112
     117
     112
     123
     125
     120
     120
     114
     100
     111
     110
     110
      93
     100
     120
     126
     141
     113
     114
     139
     129
     139
     122
     146
     128
     114
     123
     111
     127
      96
     112
     119
     111
      98
     105
      87
     107
      99
     102
     104
      89
     106
     103
     112
     105
      91
      99
     104
      85
     117
      95
      93
     101
     100
      99
     119
     117
     100
     133
     100
     101
      97
     106
     104
     134
     114
     106
     106
     118
     115
      99
      92
      98
     102
      98
      96
     119
      94
     108
     126
      95
     102
     143
     153
     176
     222
     235
     214
     183
     179
     182
     203
     213
     240
     226
     195
     197
     153
     130
     134
     129
     159
     193
     290
     427
     543
     678
     785
     649
     584
     409
     267
     161
     149
     140
     162
     185
     260
     320
     365
     390
     357
     258
     226
     170
     192
     151
     143
     115
     121
     101
     100
     115
     111
     139
     145
     141
     159
     163
     128
     130
     129
     114
     107
     111
      86
     115
     104
     106
      93
     101
     123
      96
     100
     115
     108
     106
     127
      84
     104
     104
     124
     104
     100
     101
      96
     110
      98
      88
      94
      95
      96
      96
      98
     102
      87
     102
      93
     101
     107
      97
     116
      94
      97
      92
      79
     102
      94
      98
     112
     118
     129
     155
     212
     231
     320
     393
     357
     341
     288
     237
     150
     129
     115
     100
     119
     130
     139
     145
     142
     119
     119
     116
      94
      98
      94
      88
     115
     114
     152
     186
     261
     370
     374
     422
     401
     299
     291
     190
     137
     104
     101
      77
      83
      78
      86
      80
     103
      91
      89
     109
     126
     121
     169
     155
     187
     175
     140
     122
     113
      96
      73
      89
      98
      98
      86
      95
      55
      84
      82
      91
      83
      84
      84
      87
      89
      83
     101
      72
      85
      89
      71
      99
      81
      89
      87
      96
      79
      85
      80
      74
      88
      90
      77
      85
      69
      76
      98
      73
      76
      80
      76
      96
      83
      82
     106
      81
     101
      89
      94
      78
      84
      96
      91
     128
     141
     164
     215
     283
     279
     234
     181
     168
     115
      95
      87
      97
      88
     103
      99
     102
      94
     102
     134
     114
     105
      99
      96
      94
      81
      83
      90
      69
      75
      77
      62
      68
      77
      97
      82
      91
      76
      72
      72
      74
      65
      77
      73
      75
      76
      99
      87
      90
      79
      93
      88
      94
     101
      88
     105
     103
      91
      63
      76
      76
      77
      80
      84
      90
      99
     106
     106
     120
     102
     113
     126
     106
      97
     110
      89
      94
      82
      77
      75
      76
      67
      86
      60
      72
      82
      73
      78
     111
     108
     115
     107
      93
      99
     111
     132
      99
      99
      90
      88
      86
      81
      81
      82
      79
      72
      68
      93
      72
      78
      76
      77
      70
      52
     101
      75
      82
      92
      83
      84
      71
      82
      84
      74
      71
      65
      83
      71
      75
      69
      93
      80
      75
      65
      66
      71
      83
      67
      78
      82
      88
      69
      74
      72
     107
      69
      91
      65
      77
      76
      58
      73
      71
      73
      72
      63
      76
      83
      82
      83
      66
      78
      56
      68
      70
      79
      82
      81
      92
      70
      74
      63
      76
      86
      77
      72
      66
      89
     111
      78
      87
      72
      88
      98
      98
      81
     104
     150
     203
     240
     381
     483
     631
     622
     646
     452
     372
     214
     141
      89
      74
      71
      75
      89
      72
      75
     100
      63
      65
      58
      76
      84
      80
      64
      75
      90
      85
      73
      77
     100
      77
      65
      81
      80
      66
      74
      87
      84
      62
      76
      81
      69
      70
      64
      88
      68
      64
      73
      79
      85
      60
      76
      81
      54
      67
      65
      75
      69
      77
      84
      68
      77
      79
      78
      71
      73
      68
      81
      76
      56
      92
      79
      75
      66
      62
      67
      78
      87
      91
      91
      97
      89
      76
      95
      74
      93
      82
      79
      84
      88
     101
     170
     211
     320
     552
     966
    1418
    1977
    2527
    2724
    2488
    2043
    1466
     904
     490
     241
     122
      94
      71
      83
      73
      68
      78
      75
      88
      67
      79
      65
      62
      51
      68
      69
      75
      64
      81
      62
      81
      49
      63
      78
      57
      63
      64
      61
      66
      81
      62
      84
      68
      84
      69
      68
      71
      63
      62
      62
      73
      68
      64
      66
      70
      63
      64
      66
      62
      53
      74
      54
      70
      66
      64
      51
      66
      62
      52
      66
      56
      57
      60
      69
      79
      67
      61
      55
      61
      66
      64
      63
      62
      55
      77
      52
      60
      62
      49
      54
      73
      58
      74
      60
      66
      68
      72
      68
      78
      58
      75
      66
      73
      61
      76
      60
      66
      68
      70
      68
      73
      68
      67
      68
      98
      79
      73
     111
      92
      88
      82
      69
      59
      63
      77
      69
      63
      65
      67
      59
      75
      77
      47
      53
      78
      57
      63
      79
      79
      73
      67
      61
      65
      66
      79
      62
      66
      62
      76
      79
      58
      72
      60
      66
      67
      58
      66
      54
      73
      65
      59
      79
      64
      70
      85
      77
      74
      85
      75
      76
      61
      67
      66
      73
      62
      72
      66
      68
      59
      56
      65
      74
      56
      77
      63
      81
      74
      72
      65
      63
      67
      67
      69
      68
      56
      61
      80
      84
      70
      77
      99
      94
      92
      97
      87
     122
     117
     123
     108
      95
      88
      76
      71
      88
      82
      73
      81
      69
      80
      69
      78
      81
      75
      73
      87
     119
     127
     200
     253
     340
     363
     446
     379
     332
     256
     175
     121
      83
      75
      64
      69
      52
      65
      55
      74
      77
      73
      71
      88
      68
      55
      73
      71
      60
      69
      74
      59
      71
      60
      61
      68
      50
      80
      70
      61
      60
      82
      73
      77
      65
      65
      67
      49
      66
      77
      60
      68
      66
      81
      74
      72
      65
      63
      66
      64
      61
      66
      68
      76
      79
      70
      71
      74
      68
      66
      75
      76
      82
      76
      94
      83
      95
     106
      75
      79
      80
      81
      67
      58
      72
      76
      60
      64
      72
      69
      64
      67
      57
      73
      65
      73
      60
      72
      70
      73
      75
      79
      58
      64
      69
      66
      53
      61
      59
      93
      74
      73
      69
      72
      84
      83
      82
      65
      73
      81
      79
      79
      90
      99
      81
      75
      88
      76
      69
      81
      74
      66
      69
      59
      67
      64
      92
      88
      81
      92
      89
      80
      79
      72
      81
      87
      86
      85
      78
      77
      67
      57
      75
      69
      62
      57
      63
      55
      62
      68
      67
      61
      62
      60
      64
      71
      75
      68
      67
      83
      73
      76
      71
      78
      71
      62
      62
      69
      80
      74
      70
      65
      74
      63
      78
      60
      82
      75
      62
      57
      68
      72
      65
      66
      70
      60
      91
      51
      67
      65
      69
      67
      62
      79
      63
      78
      72
      70
      70
      70
      80
      76
      64
      71
      65
      60
      71
      65
      75
      67
      71
      70
      76
      66
      59
      71
      64
      71
      56
      72
      65
      59
      74
      69
      74
      68
      64
      70
      68
      69
      69
      47
      74
      59
      60
      78
      77
      68
      90
      95
      83
      99
      73
     106
      86
      75
      79
      75
      69
      67
      64
      69
      73
      75
      74
      59
      68
      82
      69
      70
      68
      71
      60
      71
      74
      68
      73
      58
      62
      65
      57
      65
      63
      76
      65
      62
      78
      70
      53
      64
      73
      64
      79
      76
      75
      80
      86
      67
      85
      67
      64
      72
      83
      64
      73
      75
      70
      65
      63
      67
      83
      81
      67
      88
      68
      64
      73
      56
      72
      66
      73
      72
      71
      72
      69
      63
      73
      74
      71
      80
      63
      71
      72
      68
      58
      63
      73
      58
      78
      62
      63
      75
      70
      52
      88
      58
      66
      61
      76
      80
      63
      76
      71
      75
      65
      53
      58
      59
      75
      57
      67
      52
      56
      77
      68
      75
      52
      65
      63
      68
      61
      60
      65
      67
      67
      64
      52
      89
      68
      60
      73
      57
      67
      64
      70
      48
      71
      74
      59
      60
      68
      74
      71
      68
      50
      65
      63
      71
      60
      62
      63
      64
      64
      56
      66
      60
      61
      48
      46
      75
      62
      62
      78
      71
      73
      60
      64
      60
      68
      74
      59
      51
      60
      53
      53
      56
      84
      50
      60
      77
      55
      66
      59
      53
      70
      61
      58
      58
      67
      62
      78
      59
      89
      57
      60
      56
      67
      58
      56
      63
      67
      63
      62
      61
      63
      71
      65
      65
      74
      64
      72
      59
      47
      86
      60
      58
      71
      77
      71
      65
      68
      71
      67
      82
      76
      70
      67
      73
      69
      69
      60
      59
      70
      70
      82
      59
      60
      55
      69
      62
      69
      59
      59
      61
      52
      62
      53
      58
      56
      62
      51
      63
      57
      71
      70
      68
      69
      61
      65
      62
      72
      72
      63
      52
      60
      67
      54
      51
      68
      58
      61
      70
      70
      61
      69
      61
      64
      63
      55
      64
      57
      60
      68
      62
      55
      52
      55
      65
      63
      59
      54
      67
      64
      59
      73
      69
      55
      55
      56
      61
      47
      48
      57
      51
      76
      64
      58
      55
      59
      45
      53
      58
      67
      70
      62
      51
      52
      68
      66
      75
      55
      61
      62
      59
      42
      73
      55
      59
      57
      52
      64
      59
      61
      58
      59
      76
      55
      59
      61
      64
      49
      65
      69
      66
      66
      74
      58
      55
      67
      47
      51
      58
      65
      66
      61
      50
      64
      61
      56
      55
      55
      56
      58
      63
      62
      58
      61
      67
      59
      67
      72
      57
      59
      46
      54
      50
      45
      51
      51
      59
      54
      56
      58
      60
      68
      62
      60
      60
      62
      59
      59
      61
      52
      64
      58
      60
      49
      72
      58
      69
      58
      64
      64
      64
      65
      66
      73
      70
      56
      53
      69
      68
      76
      56
      54
      65
      61
      55
      67
      87
      69
      62
      66
      61
      65
      65
      52
      58
      56
      56
      67
      67
      55
      78
      64
      67
      44
      55
      62
      61
      59
      64
      51
      61
      69
      65
      68
      71
      68
      80
      73
      98
     120
     149
     169
     208
     300
     377
     392
     458
     440
     405
     387
     355
     269
     219
     148
     138
     100
      86
      93
      65
      64
      64
      61
      75
      79
      55
      61
      65
      55
      79
      65
      63
      71
      55
      80
      76
      62
      63
      73
      58
      71
      65
      69
      81
     111
     119
     161
     174
     203
     250
     196
     203
     154
     118
     105
      89
      86
      56
      62
      71
      57
      54
      60
      70
      50
      61
      65
      76
      56
      78
      72
      70
      59
      57
      62
      59
      59
      63
      57
      67
      65
      64
      55
      55
      68
      58
      61
      53
      47
      63
      66
      55
      66
      57
      73
      72
      71
      51
      69
      59
      74
      73
      57
      57
      62
      76
      64
      57
      73
      64
      58
      40
      57
      71
      63
      69
      61
      56
      69
      66
      60
      67
      64
      63
      68
      55
      66
      53
      46
      60
      68
      64
      63
      64
      67
      64
      65
      58
      56
      52
      53
      60
      67
      61
      45
      79
      63
      63
      67
      64
      74
      57
      65
      70
      65
      88
      61
      63
      52
      73
      56
      61
      67
      57
      64
      62
      57
      66
      62
      62
      61
      49
      71
      76
      68
      73
      50
      45
      55
      71
      65
      63
      54
      62
      75
      60
      63
      47
      67
      76
      67
      52
      58
      50
      43
      65
      57
      63
      65
      75
      72
      57
      57
      64
      69
      77
      77
      65
      68
      73
      64
      71
      49
      68
      66
      63
      75
      54
      54
      64
      59
      56
      61
      63
      51
      75
      70
      67
      66
      86
      72
      54
      83
      72
      65
      73
      67
      71
      50
      52
      61
      62
      68
      83
      82
      69
      68
      72
      59
      76
      66
      75
      75
      66
      69
      67
      55
      46
      59
      62
      59
      58
      66
      64
      64
      47
      64
      71
      62
      73
      46
      59
      69
      80
      71
      83
      96
     133
     200
     248
     318
     458
     602
     628
     743
     696
     562
     450
     313
     206
     127
      97
      94
      81
      67
      75
      54
      64
      58
      78
      54
      57
      57
      77
      56
      66
      71
      62
      65
      59
      63
      55
      79
      52
      60
      64
      61
      55
      76
      69
      59
      58
      68
      63
      77
      55
      58
      52
      53
      72
      56
      57
      58
      62
      65
      68
      72
      68
      67
      68
      66
      55
      55
      66
      62
      57
      77
      61
      77
      68
      61
      66
      58
      58
      73
      60
      70
      66
      51
      60
      51
      69
      72
      66
      64
      61
      58
      62
      75
      66
      55
      55
      58
      73
      65
      85
      80
      59
      71
      56
      56
      74
      63
      64
      68
      59
      71
      55
      66
      79
      57
      63
      80
      59
      60
      63
      74
      55
      63
      61
      71
      64
      65
      54
      65
      75
      49
      76
      70
      60
      78
      55
      56
      71
      82
      74
      87
      57
      83
      65
      63
      59
      81
      62
      61
      61
      67
      71
      69
      53
      77
      80
      68
      61
      69
      55
      69
      59
      71
      65
      62
      51
      87
      63
      60
      70
      78
      66
      76
      74
      65
      72
      69
      72
      69
      69
      69
      75
      64
      69
      57
      67
      62
      77
      65
      70
      61
      56
      67
      66
      68
      81
      63
      79
      74
      65
      76
      71
      54
      72
      72
      70
      65
      93
      76
      58
      85
      74
      61
      75
      91
      58
      81
      81
      71
      83
      65
      68
      78
      60
      62
      91
      68
      79
      71
      49
      58
      74
      77
      59
      67
      83
      55
      70
      61
      70
      54
      62
      75
      70
      70
      69
      75
      87
      89
      87
      82
      98
     107
     105
      93
     100
      98
      82
      84
      78
      80
      76
      71
      88
      61
      89
      72
      71
      73
      82
      67
      97
      63
      67
      74
      71
      75
      68
      69
      80
      73
      83
      94
      64
      84
      78
      71
      64
      54
      77
      65
      78
      72
      63
      68
      76
      79
      75
      64
      69
      83
      68
      67
      70
      54
      75
      85
      86
      82
      78
      72
      85
      76
      75
      75
      76
      71
      74
      88
      73
      64
      55
      92
      80
      70
      76
      74
      72
      83
      77
      71
      66
      80
      86
      89
      63
      53
      87
      73
      69
      80
      73
      81
      70
      75
      80
      56
      59
      92
      63
      77
      81
      68
     110
      84
      75
      82
      90
      79
      95
      75
      92
      86
      83
      71
      73
      85
      74
      62
      74
      69
      82
      84
      83
      76
      67
      67
      84
      91
      68
      72
      87
      87
      96
      82
      83
      70
      71
      62
      89
      67
      84
      84
      76
      83
      80
      86
      77
      80
      84
      81
      73
      72
      75
      70
      73
      80
      72
      73
      83
      71
      79
      70
      82
      74
      62
      66
      74
      80
      79
      98
      79
      82
      77
      76
      75
      82
      81
      91
      73
      81
      83
      85
      96
      98
      81
      97
      91
      96
      84
      80
      83
      77
      81
      73
      81
      87
      85
      78
      85
      92
      82
      76
      95
      81
      99
      97
      67
      70
      84
      82
      71
      70
      92
      88
      80
      74
      96
      64
      63
      82
      96
      91
     108
      75
      60
      84
      75
      83
      84
      98
      85
      80
      84
      77
      79
      88
      76
      74
      84
      68
      74
      68
      59
      65
      60
      64
      76
      60
      58
      63
      57
      63
      50
      62
      70
      77
      71
      64
      68
      64
      67
      51
      59
      65
      66
      62
      56
      60
      75
      61
      67
      70
      74
      69
      52
      74
      72
      74
      63
      59
      56
      52
      64
      73
      78
      47
      60
      77
      65
      72
      52
      65
      54
      71
      61
      51
      61
      64
      64
      73
      73
      70
      63
      66
      52
      55
      54
      66
      48
      63
      64
      62
      60
      57
      56
      53
      76
      56
      68
      67
      52
      76
      64
      63
      71
      59
      61
      52
      58
      55
      61
      62
      57
      64
      50
      52
      58
      47
      61
      54
      61
      67
      62
      62
      69
      51
      52
      43
      52
      61
      62
      51
      55
      61
      42
      56
      60
      59
      57
      67
      54
      53
      59
      51
      56
      49
      51
      50
      54
      59
      54
      52
      52
      45
      48
      69
      63
      58
      46
      61
      54
      51
      49
      51
      52
      47
      53
      55
      52
      54
      54
      47
      63
      65
      58
      43
      47
      40
      43
      42
      59
      66
      66
      47
      46
      41
      54
      58
      50
      50
      49
      48
      49
      46
      55
      67
      47
      61
      74
      69
     104
     108
     157
     166
     181
     229
     235
     201
     192
     152
     115
      92
      40
      64
      62
      50
      49
      47
      43
      35
      51
      48
      42
      48
      49
      46
      52
      49
      42
      49
      42
      48
      43
      44
      37
      49
      39
      52
      39
      58
      42
      52
      52
      38
      46
      41
      32
      45
      44
      42
      38
      45
      42
      37
      44
      43
      42
      36
      45
      42
      49
      43
      46
      39
      53
      43
      36
      39
      47
      48
      48
      28
      26
      41
      30
      42
      34
      35
      47
      56
      36
      37
      33
      39
      40
      29
      33
      30
      36
      30
      35
      29
      37
      42
      37
      37
      30
      33
      45
      42
      38
      38
      30
      49
      38
      43
      46
      37
      36
      30
      44
      38
      43
      33
      37
      34
      29
      39
      30
      35
      35
      33
      38
      34
      31
      29
      30
      28
      32
      39
      33
      31
      32
      35
      41
      34
      24
      28
      35
      37
      32
      25
      32
      36
      34
      26
      43
      34
      31
      27
      31
      33
      30
      34
      34
      34
      32
      32
      30
      33
      26
      29
      37
      34
      34
      28
      29
      36
      25
      28
      33
      26
      26
      20
      25
      33
      21
      28
      15
      18
      18
      25
      22
      35
      24
      25
      27
      30
      30
      30
      31
      31
      19
      22
      23
      35
      30
      21
      28
      23
      25
      20
      24
      28
      22
      32
      20
      29
      33
      24
      26
      29
      30
      17
      11
      25
      25
      27
      34
      19
      26
      31
      21
      26
      22
      17
      30
      22
      24
      20
      19
      27
      26
      17
      21
      14
      27
      30
      23
      30
      21
      23
      27
      26
      24
      28
      26
      20
      27
      16
      19
      24
      21
      25
      26
      14
      26
      19
      21
      24
      23
      19
      28
      26
      25
      19
      26
      22
      23
      21
      27
      21
      29
      21
      22
      32
      24
      24
      23
      23
      33
       8
      18
      26
      28
      18
      14
      16
      25
      25
      20
      22
      22
      18
      24
      26
      21
      20
      14
      11
      15
      28
      17
      17
      22
      20
      21
      22
      18
      17
      18
      23
      16
      17
      23
      21
      21
      21
      21
      10
      17
      24
      16
      20
      18
      15
      27
      28
      26
      14
      17
      21
      16
      21
      20
      21
      18
      20
      14
      18
      20
      22
      32
      24
      17
      19
      18
      11
      13
      16
      21
      26
      19
      33
      20
      21
      23
      10
      16
      21
      22
      13
      19
      18
      26
      17
      24
      18
      24
      35
      16
       9
      17
      16
      21
      17
      20
      12
      19
      24
      13
      29
      25
      22
      18
      17
      19
      20
      23
      20
      25
      22
      22
      23
      22
      20
      25
      20
      13
      30
      30
      28
      19
      28
      27
      16
      22
      16
      22
      18
      25
      20
      20
      21
      25
      18
      23
      16
      23
      26
      21
      14
      20
      22
      23
      26
      16
      21
      16
      33
      22
      17
      25
      31
      25
      16
      26
      25
      23
      28
      21
      29
      34
      32
      33
      43
      37
      45
      39
      40
      56
      55
      67
     119
     181
     294
     468
     699
    1082
    1508
    2109
    2674
    3183
    3452
    3530
    3151
    2605
    1972
    1327
     810
     401
     220
     114
      50
      27
      28
      17
      28
      10
      18
      20
      25
      18
      19
      17
      11
      21
       8
      16
      16
      13
      16
      16
      18
      13
      25
       7
      23
      20
      14
      15
       7
      11
      18
      16
      15
      16
      18
       4
      10
      16
      13
      14
      15
      11
      14
      21
      12
      19
      22
      12
      20
      15
      15
      12
       6
      20
      13
       9
      17
      16
      17
       9
      15
       5
      18
      12
      11
      22
      19
      13
      20
      16
      21
      14
      17
      16
      16
       9
      14
      10
      21
      17
      12
      10
      10
      10
      14
      16
      18
      10
      13
      18
      20
      20
      15
      12
      12
      18
       8
      16
      10
      10
      15
      15
       7
      14
       8
      10
      10
      14
      17
      13
      10
      13
      13
      11
      10
       8
      15
      17
      20
      14
      10
      12
      14
       5
      12
      22
      13
       6
      15
      17
      10
      10
      17
       9
      10
      15
      18
      11
      17
       9
      19
      10
       9
      10
       7
      16
      14
      12
      14
      15
       7
      14
      11
      11
       7
      10
      19
      11
      10
       6
      15
      10
      15
       6
      14
      14
      16
      12
      14
      11
      17
      18
      17
      13
       8
      11
      16
      13
      17
      16
      10
      20
      19
      15
      20
      17
      23
      18
      27
      13
      17
      13
      11
      12
      14
      19
      10
      18
       6
       9
      15
       9
      10
      16
       9
      16
      16
      14
      15
       9
      10
      13
      20
      21
      20
      11
       7
      13
      14
      17
      15
       7
      19
      19
      16
      12
      13
      14
      14
       8
      10
      15
       9
      16
      10
       9
       9
      11
      13
      10
      15
      13
       8
      13
      10
       9
      18
      16
      13
      15
      13
      16
      15
      15
      12
      13
      11
      13
       8
      17
      10
      14
      11
       8
       6
      14
      12
      18
      23
      10
      13
      16
      17
      19
       8
      12
       9
      14
      18
       8
       5
      15
      22
      14
      12
      18
      11
      13
      14
       9
      18
      16
      21
      13
      16
      14
      18
      13
      11
       7
       8
       2
      12
      11
      19
      13
      15
      13
      14
      12
      10
      16
      15
      13
      13
       9
       8
      20
      12
      13
      10
      11
      12
      12
      13
      15
      12
      17
      18
      10
      14
       5
      13
      16
      18
      13
       7
      12
       8
      14
      11
      12
      12
       7
      20
       9
      10
      16
      13
      15
      19
      10
      12
      15
      16
      18
       5
       6
      13
      16
      15
       9
      13
      10
      10
       2
      11
       9
      11
      15
      11
       7
       8
       7
      14
      12
      11
      14
      10
      13
      13
      13
      17
      11
       9
      10
      16
      24
      12
      12
      12
      13
      12
      10
      15
      12
      13
      14
       7
       6
      17
      11
       8
      21
      19
       7
      12
      12
      17
      15
      13
       9
      10
      11
      16
      17
      15
      21
       7
      12
      13
      12
      14
      17
       9
      18
       9
      11
      11
      10
      10
      10
       4
      13
      12
      15
      14
       9
       8
      11
      13
      14
      13
      13
      13
       7
      14
      15
      11
      10
      13
      13
      14
      22
      13
      20
      15
      11
      13
      13
      12
      11
      14
       4
      20
      14
      12
      15
      18
      11
      14
      12
       8
      17
      14
      20
      11
      17
      12
      11
       9
      18
      14
       9
      11
      13
      15
      13
       5
      12
      10
      12
      15
      13
      14
      11
      14
      19
      14
       8
      18
      12
      14
      14
       9
       9
       5
      17
       6
       6
      12
       5
      13
       9
      11
      19
      19
       9
      15
      12
       9
      12
       8
      14
      12
      17
       8
       7
       9
      16
      12
       9
      11
      17
       9
       8
      17
      14
      11
      15
       7
      17
      11
       6
       9
      14
      13
      10
      13
      10
      14
       6
      14
      11
       7
      13
      19
       7
      11
      13
      11
      10
       8
      17
      12
      10
      12
      16
      12
      10
       8
       9
      13
       9
       9
      11
      13
      12
       5
       7
       5
       9
      15
      20
      12
      10
       8
      10
      10
      14
      10
      17
      11
      16
       6
       5
       9
      13
      11
      20
      11
       7
       8
      10
      15
      17
      14
      19
      12
      10
       7
      12
       9
      18
      13
      12
      11
      15
       7
      14
      16
      10
      15
      19
      16
      18
       8
      13
      13
      15
      15
      10
      14
      11
      14
      13
      15
      15
      11
      11
       8
      12
      12
       8
       9
      14
      10
       9
      10
       9
      10
      12
      15
       8
       7
      14
       6
       8
      19
      11
      16
       7
       7
      13
       9
      11
       9
       7
      17
      10
      14
      11
      13
       5
       8
       9
      12
       8
       6
      12
      10
      11
      10
      13
       8
      11
      14
       8
      16
      17
      11
      13
       5
      13
       6
      11
      11
      14
      11
      12
      11
       5
      12
       9
      16
       6
       7
      14
      11
       9
       8
      12
       7
      12
      17
       4
      15
      12
      12
       8
      10
       9
      15
      11
      18
       6
      14
       7
       9
       6
       9
       8
       8
      17
       8
       8
      15
      13
      14
       9
      10
      11
      14
      12
      20
      14
      19
      10
      15
      18
      19
      17
      14
      14
      13
      16
      11
      15
      11
      15
       7
      12
       8
      12
      19
       9
       8
      11
      12
      20
      11
      10
      11
      10
      16
      11
      10
      14
      10
      13
       9
      11
       8
      10
       8
      13
       9
      13
       8
      10
       5
      10
      10
      10
      12
       6
       7
      15
       8
       5
      13
      10
       8
      14
      10
      10
       5
      12
      12
       9
      10
      12
      12
       8
      10
      14
      13
      10
       9
       9
      18
       9
      13
     679
    1444
    1437
    1489
    1469
    1389
    1380
    1481
    1451
    1431
    1375
    1439
    1443
    1503
    1479
    1494
    1401
    1525
    1460
    1457
    1407
    1403
    1433
    1493
    1468
    1484
    1383
    1473
    1463
    1480
    1478
    1509
    1756
    1840
    1887
    1938
    1995
    3663
   16101
   45704
   45571
   24221
   16333
   16497
    3787
    2543
    1948
    1780
    1526
    1296
    1177
    1090
     911
     919
     825
     779
     756
     715
     620
     608
     619
     559
     540
     558
     545
     495
     463
     467
     463
     440
     391
     371
     353
     354
     356
     245
     151
     125
     106
     104
      94
      94
      96
      91
      84
      96
      84
      88
     103
      80
      77
      93
      80
      82
      82
      95
      89
      98
      76
      79
      77
     103
      95
      89
      75
     106
      80
      85
      91
      93
      87
      96
      91
     114
      93
      90
     101
     127
     106
     112
     113
     126
     111
     167
     154
     160
     187
     155
     182
     180
     183
     258
     364
     727
    1002
     668
     151
      35
      16
       4
       0
       0
       0
       0
       0
       0
       1
       0
       0
       0
       0
       0
       0
       0
       0
       0
       0
       0
       0
       0
       0
       0
       0
       0
       0
       0
       0
       0
       0
       1
       0
       0
       0
       0
       0
       0
       0
       0
       0
       0
       0
       0
       0
       0
       0
$ROI:
0
$PRESETS:
None
0
0
$ENER_FIT:
16.546301 0.358951
$MCA_CAL:
3
1.654630E+001 3.589510E-001 2.820340E-007 keV
$SHAPE_CAL:
3
2.043840E+000 1.584700E-003 -2.059380E-007
