$SPEC_ID:
Background_Lab7
$SPEC_REM:
DET# 1
DETDESC# Rayleigh
AP# Maestro-PRO Version 9, 0, 2, 0
$DATE_MEA:
10/24/2025 15:12:52
$MEAS_TIM:
263220.76 263558.80
$DATA:
0 8191
       0
       0
       0
       0
       0
       0
       0
       0
       0
       0
       0
       0
       0
       0
       0
       0
       0
       0
       0
       0
       0
       0
       0
       0
       0
       0
      13
      99
     364
    1492
    2373
    2316
    2307
    2379
    2324
    2379
    2298
    2370
    2257
    2245
    2311
    2190
    2287
    2259
    2257
    2258
    2187
    2196
    2199
    2088
    2212
    2225
    2173
    2129
    2180
    2125
    2162
    2046
    2141
    2098
    2114
    2154
    2035
    2114
    2000
    2171
    2129
    2079
    1976
    2050
    2032
    2134
    2074
    2075
    2088
    2103
    2053
    2023
    2068
    2051
    1988
    2054
    2184
    2141
    2225
    2174
    2062
    2022
    2056
    2043
    2013
    2002
    2057
    2075
    2057
    2100
    2005
    2043
    2002
    2076
    2032
    2066
    2107
    2141
    2167
    2145
    2089
    2058
    2046
    2131
    2161
    2078
    2132
    2181
    2199
    2185
    2297
    2225
    2269
    2304
    2240
    2361
    2411
    2457
    2411
    2407
    2452
    2378
    2472
    2578
    2864
    3193
    3064
    2579
    2503
    2499
    2486
    2462
    2498
    2550
    2551
    2664
    2560
    2699
    2653
    2621
    2661
    2683
    2725
    2776
    2810
    2730
    2819
    2866
    2979
    3085
    3178
    3506
    3572
    3385
    3333
    3964
    5500
    7379
    6896
    4324
    3298
    3816
    5545
    8654
    9266
    5607
    2959
    2552
    2569
    2715
    2652
    2521
    2549
    2578
    2804
    2767
    2671
    2492
    2669
    2570
    2664
    3066
    3437
    3684
    3666
    3442
    3037
    2784
    2847
    3285
    4116
    5062
    5312
    4291
    3105
    2723
    2803
    3047
    3864
    4572
    3963
    3002
    2712
    2628
    2937
    3748
    4835
    5395
    4977
    4376
    3233
    2760
    2697
    2689
    2394
    2392
    2339
    2404
    2444
    2444
    2410
    2493
    2499
    2579
    2679
    2823
    2784
    2610
    2451
    2383
    2403
    2422
    2314
    2348
    2326
    2376
    2443
    2497
    2392
    2616
    2707
    2787
    2977
    2787
    2618
    2490
    2449
    2493
    2464
    2516
    2579
    2616
    2787
    2547
    2591
    2573
    2641
    2508
    2516
    2539
    2482
    2631
    2668
    2604
    2392
    2532
    2532
    2567
    2603
    2747
    2739
    2537
    2471
    2483
    2481
    2437
    2438
    2474
    2448
    2464
    2551
    2415
    2422
    2463
    2498
    2523
    2465
    2464
    2531
    2563
    2496
    2491
    2559
    2595
    2642
    2640
    2660
    2645
    2602
    2614
    2667
    2687
    2707
    2695
    2648
    2825
    3111
    3618
    3905
    3398
    2801
    2615
    2649
    2697
    2732
    2715
    2719
    2557
    2584
    2670
    2616
    2596
    2562
    2632
    2567
    2538
    2514
    2596
    2555
    2597
    2586
    2636
    2574
    2694
    2585
    2621
    2644
    2654
    2662
    2668
    2567
    2555
    2603
    2602
    2551
    2590
    2723
    2745
    2938
    3046
    2802
    2623
    2601
    2443
    2641
    2632
    2554
    2577
    2626
    2489
    2547
    2570
    2549
    2485
    2479
    2542
    2566
    2507
    2493
    2497
    2432
    2564
    2493
    2581
    2472
    2658
    3001
    3007
    2832
    2629
    2492
    2507
    2413
    2414
    2418
    2425
    2420
    2451
    2383
    2449
    2464
    2409
    2459
    2412
    2421
    2368
    2417
    2393
    2535
    2309
    2326
    2408
    2503
    2564
    2473
    2362
    2356
    2311
    2340
    2257
    2354
    2368
    2374
    2330
    2233
    2217
    2293
    2262
    2310
    2252
    2228
    2327
    2392
    2303
    2292
    2301
    2230
    2264
    2285
    2293
    2308
    2328
    2235
    2237
    2227
    2285
    2194
    2158
    2287
    2265
    2295
    2244
    2239
    2247
    2260
    2268
    2222
    2202
    2249
    2209
    2229
    2266
    2285
    2183
    2266
    2236
    2162
    2212
    2160
    2285
    2315
    2383
    2561
    3022
    4263
    5673
    5729
    4256
    2920
    2361
    2158
    2173
    2168
    2170
    2152
    2181
    2182
    2097
    2190
    2107
    2175
    2187
    2146
    2218
    2119
    2124
    2083
    2130
    2085
    2095
    2165
    2080
    2131
    2075
    2180
    2105
    2145
    2065
    2110
    2037
    2124
    2173
    2219
    2260
    2105
    2126
    2097
    2081
    2077
    2142
    2178
    2185
    2095
    2059
    2080
    2036
    2185
    2173
    2157
    2175
    2184
    2023
    2044
    1959
    1981
    2130
    2009
    2088
    2548
    3335
    4151
    3489
    2487
    2083
    1956
    2008
    1966
    1949
    2004
    1979
    1869
    1926
    1937
    1925
    1951
    1979
    1940
    2001
    2041
    2012
    2072
    1922
    1958
    1886
    1967
    1882
    1944
    1915
    1914
    1942
    2002
    1998
    1974
    1941
    1922
    1925
    1918
    1914
    1895
    1960
    1932
    1879
    1919
    1935
    1877
    1883
    1926
    1884
    1822
    1980
    1845
    1872
    1808
    1839
    1867
    1856
    1836
    1917
    1856
    1862
    1892
    1857
    1864
    1966
    1853
    1876
    1806
    1927
    1871
    1837
    1944
    1891
    1945
    2105
    2258
    2127
    1912
    2095
    2912
    5751
   13109
   23359
   25003
   13994
    4639
    2120
    2299
    3228
    4214
    4396
    4881
    5071
    3856
    2251
    1622
    1487
    1530
    1584
    1477
    1506
    1534
    1544
    1459
    1541
    1453
    1485
    1406
    1511
    1461
    1472
    1460
    1436
    1492
    1468
    1512
    1503
    1451
    1474
    1463
    1536
    1548
    1575
    1497
    1447
    1460
    1459
    1434
    1508
    1476
    1436
    1471
    1523
    1427
    1472
    1460
    1478
    1565
    1684
    1634
    1480
    1381
    1374
    1357
    1373
    1356
    1449
    1350
    1389
    1418
    1318
    1339
    1413
    1407
    1377
    1296
    1433
    1335
    1325
    1345
    1356
    1334
    1289
    1299
    1439
    1338
    1402
    1660
    2074
    2647
    2899
    2610
    2067
    1668
    1569
    1288
    1287
    1347
    1376
    1315
    1250
    1483
    1373
    1392
    1465
    1285
    1336
    1388
    1647
    2021
    2184
    1990
    1601
    1372
    1363
    1376
    1326
    1301
    1318
    1315
    1287
    1312
    1201
    1287
    1238
    1228
    1248
    1310
    1264
    1274
    1253
    1176
    1265
    1234
    1245
    1270
    1249
    1294
    1273
    1406
    1388
    1365
    1219
    1261
    1277
    1292
    1211
    1167
    1278
    1333
    1267
    1221
    1266
    1178
    1216
    1296
    1769
    2759
    5410
    8482
    8112
    4887
    2083
    1267
    1106
    1083
    1112
    1151
    1164
    1192
    1297
    1730
    2307
    2695
    2298
    1521
    1197
    1165
    1150
    1132
    1193
    1124
    1109
    1099
    1168
    1115
    1030
    1100
    1032
    1093
    1117
    1193
    1141
    1124
    1073
    1089
    1080
    1014
    1086
    1070
    1087
    1073
    1041
    1096
    1080
    1114
    1091
    1094
    1081
    1048
    1079
    1103
    1097
    1079
    1068
    1067
    1074
    1041
    1076
    1038
    1065
    1041
    1072
    1033
    1030
    1031
    1055
    1071
    1049
    1056
    1044
    1099
    1069
    1131
    1079
    1059
    1065
    1074
    1066
    1102
    1138
    1043
    1150
    1063
    1013
    1101
    1029
    1101
    1340
    1772
    2186
    2059
    1635
    1185
    1075
    1048
    1073
    1062
    1031
    1062
    1070
    1097
    1132
    1198
    1079
    1068
    1058
    1024
    1054
    1028
     992
    1011
    1011
     977
    1018
    1178
    1668
    2737
    4709
    5732
    4469
    2275
    1228
     981
     943
    1076
    1094
    1134
    1034
     998
     971
     976
     956
     926
     880
     891
     959
     950
     954
     883
     959
     942
     948
     907
     947
     944
    1011
    1005
    1000
    1024
     990
    1041
    1200
    1737
    3522
    7596
   12522
   13515
    8822
    3623
    1346
     935
     913
     838
     853
     852
     863
     915
     870
     899
     844
     873
     834
     828
     907
     837
     886
     853
     828
     858
     853
     904
     835
     871
     819
     831
     843
     866
     806
     815
     854
     839
     832
     838
     890
     864
     831
     814
     793
     888
     833
     884
     852
     868
     790
     838
     854
     813
     808
     850
     813
     841
     819
     851
     797
     834
     792
     840
     803
     823
     840
     880
     784
     786
     797
     834
     807
     856
     797
     842
     810
     839
     820
     833
     811
     826
     804
     808
     808
     846
     824
     766
     832
     803
     805
     867
     871
     814
     801
     805
     769
     923
     871
     924
     914
     825
     877
     852
     873
     950
     915
     893
     821
     824
     817
     862
     757
     796
     842
     793
     775
     803
     796
     750
     801
     817
     762
     790
     832
     762
     794
     781
     838
     800
     810
     892
     838
     791
     809
     780
     857
     861
     847
     846
     908
     908
     891
     844
     826
     800
     790
     801
     808
     847
     869
     839
     802
     812
     812
     818
     783
     751
     800
     857
    1021
    1243
    1427
    1351
    1023
     850
     806
     755
     769
     753
     816
     745
     740
     728
     754
     751
     772
     756
     755
     721
     746
     769
     747
     769
     754
     710
     692
     767
     758
     687
     693
     708
     737
     724
     750
     764
     773
     733
     698
     737
     751
     702
     734
     689
     661
     684
     790
     716
     763
     755
     763
     747
     732
     732
     705
     757
     696
     691
     749
     712
     632
     674
     694
     725
     691
     707
     688
     688
     685
     654
     737
     647
     698
     699
     678
     672
     669
     671
     703
     741
     646
     728
     697
     679
     743
     725
     747
     717
     749
     688
     744
     686
     677
     685
     700
     702
     609
     671
     690
     647
     670
     667
     729
     684
     649
     673
     682
     643
     642
     657
     627
     655
     601
     703
     624
     635
     649
     726
     673
     679
     688
     749
     797
     777
     721
     690
     665
     718
     702
     696
     640
     631
     593
     639
     661
     648
     672
     622
     610
     602
     644
     650
     660
     647
     638
     653
     695
     813
     986
    1410
    1897
    1960
    1382
     871
     608
     638
     665
     595
     648
     629
     655
     653
     621
     602
     656
     629
     642
     616
     664
     650
     607
     618
     642
     597
     628
     618
     603
     606
     611
     646
     617
     651
     625
     610
     631
     610
     608
     559
     624
     618
     626
     613
     647
     676
     659
     617
     628
     663
     641
     705
     676
     604
     614
     595
     611
     580
     568
     572
     597
     555
     627
     573
     543
     583
     575
     651
     653
     708
     659
     647
     614
     618
     641
     601
     550
     616
     586
     569
     563
     549
     583
     616
     606
     576
     530
     600
     580
     552
     589
     582
     596
     553
     560
     574
     622
     607
     557
     586
     566
     552
     562
     600
     555
     573
     567
     554
     549
     562
     572
     581
     545
     587
     599
     643
     636
     646
     613
     540
     614
     610
     541
     584
     652
     613
     622
     677
     759
     850
    1072
    1321
    1743
    2467
    3452
    3777
    3420
    2372
    1715
    1338
    1045
     811
     746
     640
     643
     574
     581
     565
     569
     594
     591
     503
     537
     563
     531
     547
     519
     563
     499
     557
     571
     577
     568
     556
     549
     525
     528
     522
     599
     551
     544
     511
     542
     532
     522
     575
     524
     555
     527
     541
     512
     530
     575
     545
     543
     502
     548
     537
     499
     542
     501
     529
     575
     538
     496
     542
     531
     576
     556
     598
     549
     532
     535
     533
     546
     514
     486
     552
     496
     481
     504
     489
     548
     529
     444
     515
     501
     490
     513
     553
     500
     535
     545
     508
     529
     521
     506
     473
     564
     514
     531
     512
     511
     533
     599
     553
     512
     503
     502
     496
     513
     514
     527
     573
     488
     521
     492
     534
     540
     491
     540
     492
     490
     488
     509
     549
     500
     523
     524
     523
     495
     554
     529
     516
     496
     498
     527
     511
     520
     522
     468
     507
     489
     502
     509
     503
     595
     651
     700
     701
     639
     522
     527
     526
     533
     489
     523
     476
     537
     496
     538
     482
     478
     511
     488
     521
     517
     472
     507
     562
     542
     546
     525
     549
     520
     520
     522
     514
     529
     497
     497
     522
     503
     438
     500
     520
     535
     509
     496
     543
     475
     491
     521
     473
     540
     560
     628
     593
     565
     599
     600
     690
    1174
    2504
    4681
    7201
    7643
    5624
    2932
    1230
     643
     485
     437
     486
     467
     448
     434
     502
     502
     490
     476
     460
     488
     457
     474
     421
     459
     469
     516
     461
     475
     464
     458
     487
     469
     470
     464
     476
     488
     497
     491
     513
     465
     494
     480
     436
     482
     483
     489
     491
     476
     475
     483
     450
     430
     454
     482
     441
     445
     459
     461
     522
     496
     501
     454
     509
     486
     493
     491
     538
     500
     472
     559
     631
    1001
    2352
    4671
    7832
   10030
    8477
    5091
    2318
     903
     523
     460
     460
     398
     466
     444
     429
     427
     413
     417
     426
     449
     476
     493
     450
     455
     418
     444
     455
     460
     482
     434
     431
     433
     419
     433
     450
     405
     443
     423
     390
     449
     451
     435
     380
     443
     431
     462
     448
     436
     414
     441
     446
     425
     405
     403
     405
     447
     454
     387
     402
     435
     452
     399
     437
     428
     411
     421
     438
     433
     396
     432
     431
     438
     424
     435
     405
     449
     416
     425
     454
     434
     430
     447
     417
     397
     380
     368
     451
     413
     420
     434
     436
     417
     406
     401
     450
     432
     424
     440
     439
     425
     409
     423
     399
     390
     445
     410
     420
     429
     429
     425
     405
     439
     411
     429
     422
     466
     402
     429
     450
     437
     427
     441
     444
     419
     445
     440
     428
     452
     438
     422
     400
     435
     443
     423
     420
     446
     428
     422
     404
     416
     451
     419
     425
     394
     493
     608
     998
    1305
    1566
    1447
    1094
     709
     477
     410
     380
     451
     504
     522
     655
     652
     604
     554
     468
     440
     434
     410
     445
     404
     431
     425
     442
     387
     420
     384
     436
     427
     451
     416
     390
     416
     419
     391
     411
     438
     453
     448
     423
     398
     423
     404
     419
     413
     408
     429
     456
     415
     429
     390
     405
     408
     419
     392
     419
     379
     390
     389
     403
     397
     401
     461
     437
     409
     419
     374
     367
     409
     411
     393
     408
     423
     460
     418
     418
     417
     406
     440
     403
     405
     414
     384
     379
     394
     415
     378
     416
     411
     408
     449
     406
     366
     416
     400
     409
     388
     408
     422
     417
     416
     431
     417
     388
     438
     429
     439
     405
     414
     430
     427
     460
     452
     441
     450
     472
     515
     475
     437
     454
     416
     426
     410
     399
     367
     417
     397
     425
     405
     436
     464
     431
     436
     414
     418
     435
     385
     415
     382
     352
     392
     399
     416
     393
     374
     388
     382
     400
     379
     350
     393
     372
     396
     394
     407
     387
     417
     394
     409
     386
     407
     418
     440
     430
     405
     389
     391
     401
     395
     392
     374
     407
     381
     425
     410
     393
     343
     401
     396
     505
     640
    1056
    1467
    1785
    1725
    1290
     831
     499
     416
     360
     382
     352
     403
     368
     384
     378
     336
     352
     374
     394
     371
     379
     380
     391
     358
     364
     363
     388
     374
     379
     374
     383
     362
     381
     339
     324
     379
     376
     351
     385
     377
     399
     404
     364
     391
     369
     385
     389
     431
     384
     376
     358
     381
     340
     362
     356
     360
     318
     342
     332
     337
     347
     371
     384
     350
     350
     375
     385
     336
     372
     337
     394
     350
     384
     416
     391
     386
     376
     401
     479
     526
     524
     542
     467
     398
     400
     370
     374
     366
     344
     362
     379
     347
     346
     344
     348
     336
     342
     349
     360
     376
     407
     453
     520
     438
     413
     375
     386
     385
     399
     437
     439
     423
     495
     576
     707
     938
    1204
    1057
     870
     592
     411
     351
     391
     390
     428
     478
     620
     615
     563
     479
     415
     378
     345
     357
     320
     341
     333
     332
     367
     329
     357
     338
     345
     345
     321
     347
     333
     337
     321
     344
     327
     315
     368
     401
     382
     426
     389
     390
     342
     352
     395
     389
     485
     618
     672
     746
     562
     470
     384
     338
     327
     320
     292
     356
     320
     322
     340
     323
     310
     311
     324
     334
     336
     324
     358
     379
     384
     548
     754
     985
    1147
     995
     720
     564
     401
     330
     335
     321
     321
     316
     336
     303
     328
     315
     311
     310
     320
     301
     302
     326
     322
     309
     334
     379
     344
     355
     296
     328
     358
     404
     482
     496
     459
     422
     374
     321
     338
     321
     311
     337
     300
     313
     294
     316
     302
     296
     299
     278
     337
     291
     299
     304
     292
     321
     295
     312
     308
     312
     307
     315
     316
     294
     329
     315
     301
     327
     302
     311
     320
     314
     315
     308
     324
     349
     339
     339
     289
     295
     305
     312
     328
     338
     260
     317
     277
     321
     346
     341
     311
     320
     310
     306
     280
     311
     308
     328
     357
     353
     401
     389
     379
     368
     334
     318
     329
     306
     343
     312
     278
     343
     372
     436
     583
     631
     550
     514
     399
     330
     303
     325
     311
     362
     448
     442
     459
     483
     440
     431
     387
     309
     301
     302
     300
     267
     274
     253
     295
     323
     294
     292
     328
     292
     286
     293
     312
     309
     293
     293
     298
     293
     310
     292
     283
     286
     290
     301
     307
     305
     275
     298
     305
     283
     318
     326
     270
     277
     309
     266
     296
     284
     304
     281
     279
     322
     290
     285
     311
     318
     389
     521
     757
     986
    1155
     980
     713
     508
     345
     315
     291
     265
     329
     277
     271
     287
     291
     285
     269
     277
     305
     297
     274
     261
     289
     306
     292
     300
     317
     264
     281
     292
     242
     311
     281
     293
     298
     282
     287
     263
     293
     312
     282
     308
     291
     283
     293
     298
     273
     291
     301
     298
     313
     301
     282
     288
     313
     299
     315
     310
     295
     279
     261
     317
     279
     268
     334
     294
     267
     288
     269
     293
     280
     287
     281
     303
     270
     277
     287
     261
     305
     286
     289
     272
     302
     288
     321
     245
     281
     286
     304
     265
     295
     366
     317
     353
     336
     285
     302
     256
     272
     270
     321
     317
     304
     300
     277
     302
     294
     297
     288
     289
     274
     280
     289
     285
     297
     338
     320
     288
     284
     278
     309
     362
     389
     432
     399
     421
     323
     281
     328
     315
     279
     295
     328
     269
     320
     336
     369
     448
     716
    1297
    2396
    3730
    4617
    4633
    3455
    2134
    1046
     494
     319
     307
     264
     247
     260
     282
     246
     262
     262
     271
     266
     270
     289
     258
     248
     263
     315
     232
     252
     247
     256
     242
     270
     289
     337
     292
     283
     257
     290
     253
     270
     282
     254
     255
     247
     275
     263
     269
     276
     280
     249
     251
     267
     283
     243
     283
     279
     283
     267
     226
     252
     249
     292
     324
     375
     439
     531
     670
     729
     573
     494
     379
     289
     279
     255
     238
     253
     278
     263
     265
     254
     236
     281
     246
     269
     264
     272
     261
     276
     274
     290
     266
     267
     268
     281
     279
     284
     276
     280
     263
     280
     262
     259
     287
     272
     279
     317
     322
     297
     340
     343
     344
     342
     323
     313
     366
     285
     314
     300
     281
     278
     267
     273
     271
     245
     273
     253
     234
     253
     292
     270
     276
     271
     282
     324
     275
     338
     266
     309
     260
     241
     277
     285
     243
     265
     219
     269
     286
     307
     389
     594
     775
    1020
    1071
     974
     751
     500
     409
     325
     377
     483
     843
    1326
    2062
    2730
    2885
    2410
    1604
     871
     465
     284
     276
     241
     248
     267
     219
     238
     265
     251
     262
     258
     272
     255
     246
     253
     266
     242
     243
     241
     239
     269
     264
     259
     270
     246
     242
     247
     234
     263
     234
     243
     255
     265
     288
     264
     263
     267
     222
     261
     244
     257
     237
     212
     251
     248
     271
     241
     239
     304
     276
     289
     265
     267
     272
     266
     231
     223
     266
     255
     243
     235
     252
     241
     263
     254
     252
     242
     250
     257
     216
     238
     241
     243
     254
     256
     269
     243
     247
     271
     277
     301
     313
     387
     437
     463
     417
     339
     292
     243
     245
     262
     254
     249
     267
     268
     232
     234
     239
     249
     248
     257
     256
     218
     240
     227
     255
     264
     238
     236
     248
     247
     270
     256
     262
     246
     234
     260
     254
     295
     241
     279
     258
     232
     255
     247
     219
     249
     254
     233
     214
     261
     226
     245
     241
     258
     245
     242
     251
     257
     257
     279
     261
     244
     297
     238
     231
     256
     250
     230
     245
     226
     245
     249
     262
     274
     236
     244
     243
     250
     255
     246
     232
     228
     240
     226
     224
     211
     255
     254
     222
     258
     270
     288
     254
     255
     271
     262
     237
     207
     232
     237
     238
     248
     247
     239
     283
     259
     243
     271
     254
     257
     251
     270
     253
     279
     278
     252
     267
     261
     247
     238
     264
     250
     281
     229
     246
     221
     266
     252
     262
     243
     253
     280
     261
     237
     262
     249
     206
     214
     237
     251
     267
     231
     250
     272
     274
     272
     256
     250
     260
     275
     275
     258
     252
     253
     239
     255
     247
     248
     253
     256
     262
     257
     242
     262
     248
     245
     232
     241
     260
     288
     249
     245
     265
     248
     231
     281
     255
     265
     262
     253
     288
     287
     264
     266
     239
     275
     272
     264
     258
     212
     267
     262
     300
     295
     283
     293
     283
     246
     215
     268
     243
     250
     251
     269
     243
     265
     274
     245
     266
     233
     235
     252
     263
     249
     251
     244
     317
     348
     337
     343
     320
     269
     246
     246
     224
     246
     259
     272
     265
     246
     255
     244
     249
     267
     265
     256
     256
     276
     272
     275
     265
     284
     244
     261
     279
     250
     259
     265
     236
     250
     257
     257
     277
     245
     251
     241
     256
     288
     335
     307
     305
     318
     315
     276
     289
     300
     297
     279
     261
     263
     265
     281
     280
     266
     237
     255
     249
     250
     260
     243
     271
     272
     263
     275
     240
     253
     228
     274
     272
     277
     242
     263
     263
     245
     240
     275
     241
     291
     259
     225
     255
     279
     255
     254
     281
     327
     275
     352
     283
     312
     268
     284
     263
     255
     290
     277
     269
     286
     252
     306
     281
     280
     280
     271
     284
     297
     295
     350
     370
     509
     739
    1171
    1632
    2012
    1946
    1762
    1123
     701
     430
     307
     304
     270
     278
     280
     237
     298
     273
     269
     257
     254
     248
     283
     256
     282
     214
     274
     273
     274
     274
     273
     265
     264
     269
     274
     277
     249
     264
     268
     287
     274
     284
     289
     307
     287
     301
     285
     279
     253
     258
     253
     272
     276
     280
     287
     283
     250
     270
     244
     223
     266
     277
     254
     249
     288
     242
     257
     284
     265
     247
     243
     277
     301
     269
     256
     245
     277
     250
     286
     259
     275
     284
     275
     263
     268
     271
     292
     301
     262
     286
     256
     252
     257
     293
     287
     266
     301
     302
     360
     384
     430
     450
     481
     397
     398
     302
     327
     260
     271
     272
     236
     266
     282
     263
     239
     286
     286
     294
     265
     283
     284
     273
     268
     274
     301
     258
     284
     298
     281
     268
     271
     259
     271
     251
     247
     264
     292
     270
     297
     304
     284
     304
     305
     265
     267
     284
     282
     284
     271
     299
     302
     298
     297
     295
     291
     272
     301
     272
     324
     270
     273
     283
     313
     272
     286
     269
     308
     266
     250
     246
     273
     279
     262
     287
     286
     270
     293
     293
     295
     255
     302
     305
     293
     256
     287
     274
     282
     301
     303
     253
     246
     256
     252
     290
     259
     294
     255
     280
     291
     291
     260
     270
     327
     263
     275
     286
     307
     277
     299
     285
     259
     298
     277
     275
     285
     288
     300
     270
     305
     267
     273
     308
     286
     299
     257
     271
     290
     304
     317
     298
     304
     306
     281
     284
     270
     304
     287
     325
     272
     255
     283
     276
     327
     287
     310
     333
     314
     356
     335
     282
     314
     309
     315
     302
     293
     319
     277
     304
     312
     280
     288
     303
     299
     319
     290
     322
     340
     301
     295
     261
     331
     295
     319
     312
     281
     310
     325
     296
     315
     303
     315
     298
     290
     334
     288
     283
     334
     279
     304
     310
     280
     279
     301
     282
     292
     298
     310
     288
     298
     296
     309
     314
     352
     305
     320
     337
     306
     309
     281
     315
     296
     307
     319
     273
     315
     324
     305
     308
     300
     299
     295
     293
     314
     325
     324
     341
     360
     423
     525
     662
     836
     941
     915
     754
     606
     424
     360
     323
     290
     275
     294
     301
     281
     290
     271
     288
     279
     270
     255
     267
     288
     277
     277
     282
     303
     295
     313
     289
     272
     292
     256
     287
     262
     243
     293
     261
     260
     241
     239
     279
     241
     252
     260
     243
     246
     247
     248
     213
     229
     258
     238
     222
     234
     237
     235
     226
     237
     207
     231
     239
     220
     214
     243
     215
     220
     225
     212
     230
     223
     220
     229
     239
     201
     202
     200
     240
     200
     225
     227
     228
     212
     246
     207
     221
     198
     195
     236
     206
     219
     226
     217
     183
     225
     233
     206
     210
     190
     234
     208
     224
     209
     238
     224
     210
     194
     187
     217
     226
     207
     251
     184
     214
     203
     211
     209
     242
     254
     278
     328
     365
     349
     313
     331
     247
     260
     222
     218
     202
     186
     208
     210
     204
     213
     201
     207
     214
     194
     192
     229
     203
     175
     189
     192
     179
     181
     207
     182
     189
     203
     186
     215
     195
     184
     181
     192
     189
     180
     191
     163
     193
     193
     206
     208
     203
     216
     184
     178
     198
     191
     186
     195
     209
     181
     183
     175
     179
     208
     168
     202
     200
     191
     197
     196
     187
     163
     169
     187
     189
     189
     196
     172
     176
     181
     180
     181
     200
     186
     169
     192
     168
     172
     192
     157
     182
     167
     197
     170
     171
     168
     154
     148
     163
     151
     173
     187
     161
     176
     163
     163
     200
     186
     181
     164
     155
     163
     172
     169
     168
     190
     184
     170
     171
     144
     168
     155
     156
     179
     140
     154
     166
     171
     158
     178
     157
     176
     172
     146
     140
     141
     172
     170
     184
     152
     155
     156
     177
     146
     140
     160
     179
     174
     141
     148
     150
     165
     170
     151
     149
     159
     174
     149
     161
     164
     138
     151
     152
     145
     126
     149
     135
     158
     144
     118
     130
     132
     152
     155
     120
     133
     135
     159
     115
     135
     133
     141
     129
     159
     121
     130
     129
     124
     138
     154
     137
     134
     141
     146
     136
     121
     130
     124
     125
     144
     126
     145
     115
     131
     156
     130
     129
     142
     149
     137
     139
     149
     139
     138
     143
     139
     106
     128
     142
     121
     128
     142
     139
     132
     127
     136
     113
     136
     125
     124
     120
     126
     118
     132
     121
     136
     143
     114
     125
     134
     122
     130
     118
     136
     130
     128
     120
     137
     126
     132
     122
     127
     108
     113
     109
     107
     110
     119
     116
     118
     132
     122
     119
     133
     136
     138
     141
     154
     139
     175
     166
     250
     322
     416
     502
     601
     499
     412
     317
     217
     179
     108
     114
     109
     108
     124
     103
     130
     107
     105
     109
     119
     113
     133
     184
     153
     196
     190
     162
     159
     129
     105
     118
     116
     111
     138
     111
      95
     113
     117
     127
     116
     117
     133
     107
     113
     113
     114
     109
     109
     118
     116
     127
     126
     123
     140
     126
     116
     113
     130
     146
     115
     117
     114
     107
      91
     119
     144
     165
     187
     248
     238
     236
     208
     181
     144
     108
     124
     103
     105
     121
     129
     112
     117
     127
     154
     196
     222
     295
     343
     332
     307
     216
     172
     144
     110
     105
     108
     116
     120
     110
      93
     106
     101
     102
      97
     100
     101
     111
     100
     132
     113
     117
     108
      95
     110
      94
     112
     108
     110
      97
      97
     119
     123
     100
     112
      99
     107
     110
     105
     118
     102
     116
      99
     109
     122
     110
     109
     121
     104
     104
     113
     118
     117
      95
      85
     107
     104
     113
     112
     121
     119
     115
     103
     109
     125
     119
     137
     133
     118
     121
     109
     128
     119
      93
     110
     120
     119
     127
     118
     113
     123
     110
     110
     117
     108
     117
     115
     119
     105
     111
      99
      97
     106
     132
     104
     118
     109
     107
     115
     117
     111
     114
      96
      91
     125
     106
     112
     127
     127
     125
     107
     108
      98
     131
     121
     115
     116
     138
     130
     113
     121
     136
     145
     124
     121
     132
     126
     141
     140
     149
     151
     152
     154
     161
     185
     161
     222
     325
     459
     752
    1446
    2579
    4708
    7494
   10828
   13680
   14343
   12966
    9692
    6027
    3133
    1386
     544
     220
     104
      95
      69
      84
      78
      77
      79
      94
      83
      77
      56
      77
      65
      72
      72
      72
      83
      87
      77
      80
      88
      85
      77
      81
      80
      86
      65
      71
      79
      73
      72
      82
      94
      63
      66
      65
      70
      77
      70
      71
      74
      91
      99
      78
      57
      72
      79
      67
      88
      67
      96
      78
      58
      86
      83
      77
      71
      79
      82
      77
      72
      78
      70
      90
      79
      73
      64
      82
      72
      75
      88
      69
      61
      64
      74
      78
      82
      50
      80
      86
      70
      70
      77
      65
      88
     114
     131
     137
     157
     168
     168
     159
     132
     116
      85
      92
      81
      75
      65
     107
      88
      70
      96
     113
     132
     125
     119
      97
     115
      80
      85
      87
      79
      82
      74
      67
      64
      55
      65
      73
      90
      80
     142
     174
     214
     266
     304
     247
     234
     169
     145
     118
      90
      92
     109
     119
     106
      99
     115
      91
      79
      66
      78
      88
      74
      71
      82
      74
      71
      75
      69
      64
      76
      80
      81
      70
      59
      65
      70
      72
      71
      65
      68
      80
      67
      80
      76
      78
      73
      76
      65
      77
      59
      73
      73
      78
      85
      69
      83
      64
      85
      79
      82
      61
      75
      71
      79
      64
      76
      88
      83
      79
      61
      61
      79
      84
      63
      73
      71
      79
      63
      74
      82
      82
      82
      85
     115
     101
     100
     112
     104
      73
      75
      66
      66
      82
      76
     103
      85
      90
     105
     114
      98
      92
      73
      77
      71
      73
      76
      62
      61
      72
      58
      54
      69
      74
      62
      56
      76
      66
      59
      65
      67
      63
      74
      64
      67
      64
      53
      58
      67
      58
      57
      79
      77
      74
      79
      74
      68
      78
      92
      69
      64
      60
      61
      66
      66
      55
      73
      63
      71
      75
      56
      60
      65
      70
      64
      73
      55
      78
      51
      81
      62
      61
      73
      55
      53
      57
      71
      63
      51
      46
      65
      58
      69
      66
      69
      55
      71
      47
      61
      69
      63
      63
      76
      74
      40
      69
      45
      63
      60
      55
      58
      69
      74
      55
      62
      67
      54
      74
      78
      93
     109
     133
     134
     110
     143
      89
     114
     110
     131
     140
     117
     113
     100
      74
      88
      83
      75
      90
     137
     172
     245
     303
     389
     384
     352
     248
     200
     135
      92
      72
      88
     115
     118
     183
     207
     208
     196
     175
     149
     111
     110
      90
      88
      78
      79
      61
      65
      56
      57
      56
      70
      75
      98
      79
      85
      83
      78
      66
      70
      74
      55
      57
      56
      62
      61
      58
      58
      52
      56
      58
      51
      63
      72
      57
      55
      64
      54
      55
      63
      62
      64
      50
      55
      76
      45
      66
      57
      60
      59
      54
      56
      52
      50
      56
      46
      56
      58
      54
      47
      73
      59
      42
      57
      56
      59
      52
      74
      76
      81
     122
     156
     187
     224
     219
     186
     162
     122
      95
      63
      60
      73
      71
      70
      62
      73
      81
      82
      70
      51
      56
      63
      53
      59
      62
      64
      81
     121
     147
     176
     221
     221
     193
     147
     117
      93
      76
      46
      53
      61
      48
      60
      47
      54
      66
      49
      52
      60
      54
      75
      74
      88
      94
     104
      97
      74
      51
      57
      51
      55
      45
      52
      57
      53
      63
      55
      44
      56
      68
      33
      55
      56
      48
      53
      51
      56
      52
      49
      38
      53
      44
      41
      56
      42
      54
      71
      52
      46
      47
      54
      39
      50
      43
      62
      44
      47
      50
      56
      46
      52
      46
      46
      47
      49
      57
      58
      46
      58
      54
      59
      66
      75
      77
     115
     115
     133
     130
     135
     101
      80
      69
      59
      53
      50
      61
      57
      56
      68
      57
      70
      49
      63
      51
      46
      47
      40
      51
      57
      37
      52
      61
      52
      44
      58
      46
      45
      61
      38
      54
      48
      41
      53
      38
      49
      55
      42
      32
      55
      50
      41
      52
      66
      61
      48
      44
      51
      53
      56
      37
      49
      54
      53
      44
      49
      59
      55
      65
      57
      59
      57
      65
      64
      66
      61
      42
      64
      43
      46
      53
      59
      44
      51
      53
      43
      55
      46
      38
      55
      44
      51
      59
      68
      75
      65
      61
      54
      56
      63
      54
      49
      62
      41
      52
      46
      50
      60
      47
      45
      43
      46
      43
      47
      41
      45
      51
      56
      62
      44
      44
      51
      66
      40
      40
      44
      53
      47
      57
      45
      45
      48
      49
      53
      52
      46
      46
      37
      34
      45
      50
      37
      49
      40
      42
      33
      42
      36
      59
      47
      48
      49
      49
      43
      51
      51
      48
      40
      55
      28
      34
      47
      39
      46
      52
      44
      45
      44
      56
      50
      43
      45
      43
      42
      53
      41
      48
      39
      52
      56
      56
      52
      55
      48
      47
      54
      56
      45
      56
      65
      87
      89
     135
     186
     250
     294
     327
     325
     252
     196
     141
      96
      81
      48
      42
      45
      38
      46
      55
      44
      33
      32
      41
      59
      39
      48
      42
      41
      38
      52
      32
      46
      42
      39
      52
      39
      54
      40
      53
      36
      44
      34
      50
      34
      48
      44
      51
      36
      49
      50
      52
      43
      52
      43
      38
      42
      41
      44
      48
      43
      48
      46
      40
      58
      52
      35
      47
      47
      39
      37
      44
      34
      48
      46
      46
      48
      41
      58
      61
      39
      42
      51
      52
      40
      43
      58
      47
      48
      47
      55
      52
      41
      52
      73
     101
     128
     177
     303
     442
     721
    1027
    1266
    1413
    1349
    1154
     783
     511
     291
     150
      81
      56
      62
      47
      44
      39
      38
      47
      41
      39
      34
      43
      45
      47
      50
      41
      39
      38
      40
      52
      33
      28
      34
      33
      33
      41
      46
      47
      40
      29
      49
      39
      45
      47
      50
      52
      30
      42
      39
      30
      36
      53
      44
      48
      39
      40
      37
      38
      39
      40
      39
      41
      40
      40
      57
      36
      39
      36
      35
      28
      42
      35
      36
      40
      37
      41
      36
      27
      38
      37
      40
      51
      37
      33
      35
      41
      39
      42
      38
      24
      39
      46
      39
      37
      42
      37
      44
      35
      48
      42
      41
      54
      45
      35
      49
      46
      43
      44
      37
      37
      35
      48
      51
      33
      43
      37
      51
      49
      58
      52
      40
      47
      49
      35
      43
      39
      34
      46
      45
      47
      44
      41
      38
      42
      28
      42
      48
      40
      47
      37
      38
      26
      42
      43
      48
      37
      50
      44
      51
      41
      29
      36
      39
      46
      48
      32
      49
      34
      48
      45
      45
      44
      44
      43
      42
      46
      40
      42
      34
      36
      39
      35
      35
      47
      35
      29
      39
      43
      43
      55
      43
      53
      37
      49
      46
      53
      41
      49
      44
      35
      46
      41
      40
      54
      41
      48
      35
      38
      45
      50
      53
      44
      51
      41
      64
      59
      72
      64
      50
      54
      50
      47
      51
      36
      36
      43
      40
      34
      57
      46
      49
      62
      51
      38
      50
      58
      63
      93
     126
     158
     191
     211
     222
     223
     165
     124
      97
      62
      47
      36
      32
      35
      32
      34
      34
      41
      40
      45
      45
      46
      44
      42
      42
      48
      50
      49
      32
      44
      42
      37
      49
      44
      51
      40
      39
      29
      40
      37
      35
      42
      25
      35
      33
      45
      46
      45
      45
      35
      29
      47
      41
      42
      37
      45
      35
      37
      55
      32
      46
      53
      45
      42
      49
      51
      41
      45
      36
      58
      57
      48
      48
      60
      62
      57
      53
      46
      40
      47
      38
      40
      43
      34
      43
      36
      39
      41
      54
      53
      38
      53
      39
      35
      45
      45
      45
      37
      47
      32
      30
      45
      39
      31
      47
      36
      42
      43
      44
      48
      48
      57
      60
      51
      54
      44
      51
      35
      45
      49
      34
      46
      48
      45
      43
      41
      49
      42
      47
      52
      53
      42
      34
      51
      48
      49
      44
      53
      52
      45
      52
      44
      49
      45
      48
      56
      47
      39
      40
      57
      41
      41
      54
      35
      48
      40
      24
      43
      37
      41
      37
      46
      45
      44
      40
      44
      38
      48
      34
      44
      40
      43
      38
      51
      44
      43
      40
      42
      48
      40
      50
      38
      54
      44
      34
      44
      49
      33
      35
      32
      39
      40
      40
      42
      34
      36
      48
      33
      40
      38
      35
      42
      35
      42
      38
      32
      37
      41
      39
      39
      45
      35
      38
      44
      27
      43
      36
      41
      38
      36
      39
      37
      43
      30
      47
      52
      38
      41
      46
      39
      36
      42
      47
      37
      43
      48
      35
      37
      40
      40
      52
      38
      52
      31
      46
      47
      41
      47
      60
      48
      43
      54
      48
      41
      33
      39
      50
      45
      43
      57
      35
      45
      35
      43
      45
      42
      48
      30
      27
      34
      42
      48
      40
      47
      36
      29
      28
      50
      35
      45
      38
      45
      39
      39
      41
      39
      44
      34
      55
      46
      48
      40
      55
      46
      49
      41
      45
      33
      45
      56
      45
      42
      52
      40
      40
      41
      54
      34
      31
      48
      42
      34
      53
      36
      39
      38
      42
      29
      40
      43
      42
      42
      41
      43
      54
      38
      38
      38
      42
      44
      37
      40
      32
      34
      35
      38
      47
      37
      36
      48
      44
      44
      38
      39
      49
      48
      33
      48
      33
      37
      44
      43
      35
      33
      34
      38
      47
      40
      32
      41
      39
      30
      52
      45
      35
      27
      30
      33
      35
      37
      37
      31
      34
      41
      44
      38
      39
      36
      41
      42
      32
      37
      39
      29
      38
      38
      46
      36
      32
      36
      37
      38
      26
      48
      24
      42
      25
      26
      54
      26
      40
      31
      38
      52
      45
      43
      42
      38
      41
      43
      39
      56
      31
      39
      37
      33
      30
      36
      30
      37
      30
      39
      41
      44
      35
      55
      45
      38
      24
      38
      37
      32
      28
      28
      29
      31
      29
      35
      47
      35
      32
      30
      38
      42
      45
      23
      38
      43
      38
      43
      45
      45
      48
      43
      46
      52
      35
      37
      39
      35
      44
      32
      34
      31
      32
      39
      48
      39
      43
      48
      26
      44
      41
      39
      36
      44
      25
      33
      43
      41
      43
      38
      36
      47
      32
      40
      39
      32
      36
      38
      33
      41
      43
      37
      39
      27
      54
      28
      27
      41
      30
      36
      41
      41
      27
      32
      50
      35
      24
      27
      34
      30
      26
      31
      37
      36
      28
      41
      36
      32
      38
      36
      39
      24
      30
      28
      34
      34
      50
      37
      34
      40
      50
      40
      40
      39
      32
      38
      34
      38
      44
      34
      43
      39
      44
      27
      32
      30
      35
      31
      28
      48
      39
      36
      39
      36
      36
      37
      31
      30
      40
      45
      38
      35
      39
      29
      42
      37
      43
      30
      57
      54
      46
      30
      31
      48
      32
      38
      30
      37
      29
      40
      45
      29
      31
      26
      45
      36
      33
      39
      39
      36
      46
      28
      36
      35
      34
      33
      38
      32
      24
      30
      36
      33
      43
      27
      37
      43
      32
      37
      35
      45
      36
      35
      37
      39
      46
      37
      29
      51
      33
      47
      36
      31
      38
      38
      27
      29
      35
      37
      31
      32
      35
      36
      30
      29
      39
      32
      26
      34
      22
      31
      39
      44
      41
      23
      36
      37
      20
      29
      41
      27
      27
      35
      41
      38
      33
      37
      32
      40
      40
      29
      29
      43
      36
      34
      42
      39
      32
      36
      31
      39
      43
      38
      33
      26
      44
      37
      33
      32
      33
      40
      29
      37
      32
      37
      42
      40
      42
      47
      41
      44
      42
      38
      39
      30
      32
      43
      51
      52
      69
      84
     110
     130
     147
     192
     217
     226
     220
     268
     201
     180
     159
     127
      94
      82
      80
      44
      48
      55
      44
      35
      40
      39
      44
      39
      46
      43
      40
      37
      30
      30
      49
      44
      42
      29
      41
      30
      34
      52
      40
      39
      48
      40
      60
      60
      85
     101
     105
     132
     115
     114
      97
      74
      62
      56
      38
      50
      35
      31
      25
      34
      43
      38
      34
      45
      34
      36
      42
      45
      32
      37
      40
      34
      33
      33
      41
      39
      38
      38
      30
      41
      33
      37
      30
      32
      32
      39
      45
      42
      34
      38
      37
      28
      32
      35
      48
      38
      40
      29
      39
      35
      40
      34
      33
      45
      45
      30
      37
      34
      34
      34
      41
      39
      40
      29
      32
      34
      34
      40
      38
      36
      45
      37
      36
      40
      42
      51
      35
      43
      37
      28
      49
      47
      40
      33
      33
      30
      25
      26
      35
      42
      34
      37
      33
      26
      25
      33
      42
      31
      46
      44
      45
      37
      38
      42
      37
      42
      55
      30
      40
      30
      42
      33
      33
      34
      33
      28
      34
      44
      36
      28
      38
      29
      30
      37
      40
      39
      41
      30
      44
      38
      41
      37
      39
      35
      33
      33
      40
      37
      43
      30
      38
      44
      31
      40
      43
      32
      34
      44
      34
      36
      40
      40
      35
      38
      23
      34
      35
      44
      30
      35
      35
      34
      45
      26
      39
      33
      38
      44
      41
      36
      39
      39
      42
      44
      37
      41
      28
      50
      37
      33
      33
      48
      40
      36
      39
      42
      43
      34
      42
      45
      39
      39
      44
      44
      34
      51
      46
      37
      45
      43
      44
      36
      34
      40
      45
      46
      37
      36
      43
      32
      45
      34
      39
      32
      29
      43
      36
      42
      35
      42
      48
      44
      42
      50
      54
      72
      82
     110
     136
     217
     276
     344
     370
     389
     356
     281
     233
     147
     107
      71
      44
      35
      45
      39
      30
      52
      31
      42
      38
      35
      36
      45
      39
      36
      52
      47
      36
      28
      32
      35
      38
      40
      38
      28
      41
      44
      34
      36
      29
      29
      35
      26
      34
      44
      32
      38
      38
      42
      40
      28
      36
      41
      42
      40
      47
      53
      54
      36
      37
      41
      33
      39
      41
      45
      44
      52
      42
      34
      38
      36
      34
      26
      37
      33
      36
      40
      38
      44
      37
      35
      25
      44
      37
      37
      34
      29
      46
      30
      32
      41
      33
      46
      33
      38
      43
      45
      38
      43
      38
      32
      49
      34
      32
      36
      36
      40
      32
      32
      37
      49
      38
      35
      46
      45
      39
      40
      38
      37
      38
      33
      37
      45
      33
      42
      36
      40
      45
      43
      32
      41
      46
      42
      41
      40
      32
      29
      39
      33
      49
      52
      44
      40
      35
      29
      39
      45
      35
      34
      36
      32
      30
      48
      44
      37
      23
      37
      28
      29
      39
      48
      36
      41
      26
      46
      40
      32
      51
      40
      40
      46
      35
      33
      38
      46
      34
      41
      37
      35
      46
      42
      46
      36
      39
      45
      37
      56
      41
      36
      47
      39
      41
      45
      46
      37
      35
      47
      37
      36
      38
      42
      42
      33
      41
      43
      44
      47
      32
      44
      41
      52
      37
      40
      38
      39
      46
      43
      39
      32
      44
      48
      40
      38
      39
      47
      29
      43
      33
      45
      46
      42
      34
      33
      35
      48
      27
      50
      43
      34
      39
      40
      40
      54
      43
      46
      50
      58
      67
      64
      68
      52
      51
      59
      52
      61
      49
      49
      42
      41
      34
      40
      40
      43
      34
      50
      37
      49
      35
      41
      32
      41
      49
      43
      36
      51
      39
      43
      35
      55
      37
      47
      44
      40
      54
      43
      37
      41
      47
      32
      32
      42
      60
      38
      32
      47
      39
      38
      49
      41
      40
      39
      45
      30
      35
      48
      38
      44
      49
      37
      46
      48
      51
      57
      43
      41
      44
      40
      49
      48
      44
      50
      44
      39
      36
      37
      32
      49
      56
      33
      46
      54
      41
      43
      28
      48
      57
      37
      49
      37
      46
      49
      46
      51
      40
      49
      53
      35
      36
      45
      54
      54
      43
      46
      48
      39
      48
      47
      53
      53
      52
      39
      48
      48
      36
      40
      51
      50
      42
      47
      51
      39
      46
      42
      37
      42
      39
      51
      44
      46
      46
      54
      32
      63
      51
      51
      42
      47
      48
      45
      47
      48
      34
      46
      44
      47
      52
      48
      52
      44
      49
      49
      51
      52
      40
      45
      54
      53
      39
      37
      50
      50
      38
      39
      56
      43
      49
      45
      49
      43
      40
      41
      47
      44
      45
      52
      54
      56
      42
      53
      58
      51
      36
      43
      49
      52
      35
      55
      54
      52
      52
      36
      54
      48
      50
      46
      41
      49
      47
      45
      47
      55
      43
      49
      56
      60
      41
      59
      49
      47
      38
      69
      62
      38
      49
      52
      48
      49
      61
      47
      49
      42
      41
      57
      37
      39
      41
      41
      42
      54
      54
      46
      54
      39
      50
      56
      41
      49
      48
      55
      43
      39
      44
      38
      47
      45
      36
      42
      39
      35
      37
      33
      40
      36
      34
      37
      50
      44
      37
      44
      42
      34
      26
      40
      47
      21
      50
      32
      39
      38
      28
      44
      37
      40
      33
      49
      35
      25
      31
      37
      35
      39
      37
      43
      34
      37
      30
      37
      31
      36
      35
      35
      40
      35
      35
      33
      28
      38
      31
      27
      38
      25
      38
      40
      30
      32
      35
      39
      36
      34
      34
      30
      29
      39
      29
      45
      34
      34
      36
      40
      38
      29
      34
      30
      31
      38
      36
      34
      31
      40
      51
      33
      36
      33
      38
      41
      34
      27
      22
      30
      37
      28
      33
      36
      33
      33
      27
      33
      26
      41
      28
      42
      21
      25
      36
      34
      18
      28
      21
      27
      39
      40
      21
      32
      34
      20
      22
      23
      36
      39
      32
      30
      33
      26
      25
      36
      30
      35
      26
      33
      37
      22
      27
      33
      32
      41
      31
      32
      30
      34
      25
      43
      26
      34
      25
      28
      21
      25
      29
      31
      29
      36
      22
      26
      38
      31
      31
      29
      31
      28
      30
      34
      31
      48
      26
      27
      39
      36
      45
      53
      58
      88
     105
     116
     109
     116
     124
      89
      70
      57
      48
      31
      29
      32
      32
      32
      23
      26
      28
      32
      30
      33
      26
      35
      29
      33
      27
      25
      23
      20
      26
      23
      29
      28
      22
      24
      16
      20
      26
      22
      24
      30
      28
      27
      23
      24
      30
      25
      26
      21
      23
      27
      26
      26
      18
      27
      23
      22
      28
      20
      24
      27
      22
      25
      20
      26
      32
      26
      24
      19
      23
      21
      24
      19
      16
      19
      28
      25
      20
      21
      21
      26
      21
      19
      27
      19
      28
      18
      21
      22
      23
      25
      18
      18
      17
      21
      24
      22
      25
      18
      18
      29
      20
      24
      16
      17
      21
      20
      20
      20
      20
      15
      18
      15
      18
      23
      23
      23
      15
      23
      13
      15
      17
      25
      20
      28
      15
      22
      15
      16
      20
      21
      23
      15
      15
      13
      15
      16
      17
      19
      19
      16
      13
      14
      15
      21
      16
      25
      19
      17
      18
      21
      19
      11
      23
      18
      20
      17
      21
      26
      15
      17
      13
      19
      13
      19
      15
      24
      16
       9
      21
      12
      13
      17
      16
      17
      11
      13
      24
      20
      12
      28
      21
      18
      17
      18
      18
      16
      13
      19
      20
       8
      12
      16
      19
      10
      15
       9
      20
      19
      15
      17
      18
      19
      18
      18
      22
      17
      14
      13
      17
      11
      13
      17
      15
      17
      12
      12
      15
      12
       6
       8
      18
      13
      18
      17
      18
      11
       8
      17
      11
      16
      21
      17
      20
      19
       9
      17
      18
      15
      11
      16
      21
      13
      13
      12
      12
       9
      10
      16
      17
      18
      19
      16
      13
      10
      16
      15
      14
      16
      18
      17
       9
      13
      15
      13
      14
      18
      11
      12
      12
      12
      11
      14
      14
       6
      12
      10
      11
       9
      17
      15
      18
       8
      12
      15
       9
      10
      10
      18
      19
       7
      17
      14
      14
       7
      11
      12
       8
      15
       6
      11
      10
      13
      20
      14
      16
      11
      15
       8
      11
      10
      15
      12
       6
      13
       8
      11
      11
      20
      12
      14
      10
      15
       7
      13
      10
      13
      14
      12
      14
      20
      13
      12
      10
      14
      10
      12
      10
      13
       8
      15
      11
      11
      10
      11
      16
      14
      10
       6
      17
      14
      15
      14
      11
      18
       6
      18
       9
      13
      11
      21
      10
      17
      17
      10
      17
       8
       6
      12
       9
      15
      10
      16
      13
      13
      23
      11
      14
      11
      16
       5
      13
      13
      11
      17
      15
      11
      12
      13
      10
      13
      10
      23
      13
      15
      12
      15
       5
      12
      10
       8
      12
      24
       8
      11
      15
      16
      13
      18
      13
      15
      13
      11
      22
      11
       8
      17
      13
      19
       5
      10
       7
      13
       8
      11
      11
      12
      12
      13
      20
      19
      19
      20
      11
      16
      11
      14
      13
      18
      15
      23
      15
      24
      12
      26
      16
      20
      28
      33
      55
      54
      83
     119
     180
     237
     395
     606
     816
    1108
    1325
    1757
    1934
    1837
    1761
    1465
    1074
     751
     467
     267
     159
      72
      31
      18
      13
      15
       6
      15
      16
       9
       8
      20
      15
      13
       5
      16
      10
      14
       7
      12
       8
      10
      12
       9
       7
      10
       9
       6
      11
       7
       5
       4
      19
       4
       3
      14
       7
      11
       6
      12
      10
       7
      14
       6
      12
       5
      13
       8
      11
       7
      14
       5
      10
      13
       9
      10
      11
       9
       4
      11
       7
       6
       4
       8
      11
       7
      11
       3
       9
       6
      10
       9
      10
       6
       8
       9
       8
       3
       7
       4
      12
      14
      10
       5
       4
      10
       6
       8
      12
       4
       6
      14
       8
       4
       9
       8
       9
      11
       5
       8
      11
       9
       7
       6
       7
       8
       6
       7
       3
       8
      11
       8
       4
       5
       8
       6
      11
       4
       7
       7
       2
       8
       3
       4
       5
       7
       5
       9
       7
       7
      16
       8
       3
       3
       5
       5
      10
       6
       7
      10
      10
      12
       9
       9
       7
       8
      11
       8
      13
      11
      11
      12
       6
       9
       8
       7
       7
       6
       3
       9
       9
       5
      10
       5
      10
      10
       6
      14
       7
       7
      12
       4
      10
      10
       7
      14
      11
       6
       6
       6
       9
      11
      10
       9
      10
       7
       8
      17
       9
       8
      15
      16
       5
       8
       7
       7
       9
      12
       8
       9
      14
      14
       5
      15
       9
       7
      12
       8
      11
       4
       7
      10
      13
      11
      13
      10
       8
      10
      13
      11
      11
       5
       6
      11
       6
       8
       6
       7
       6
       8
       8
       9
       8
       8
       9
       2
      10
       4
       8
       2
       6
       6
       2
      10
      10
       9
       5
       7
       7
       6
       5
      11
       8
       7
      13
       9
       6
      10
       5
      10
       3
       7
       9
       4
      10
      10
       8
       1
       8
      11
       8
       3
       8
       6
       7
       4
       7
       9
       5
       6
       9
       5
      15
       9
      10
       7
      14
       8
       9
       3
       6
       3
      12
       6
       8
       5
       5
       8
      10
       3
       7
       9
       7
       5
       9
       7
      12
       5
      13
       7
       9
       7
       6
      11
       5
       7
      12
       8
       9
      11
       8
       8
       5
       5
       6
       5
      11
       9
       7
      12
       7
      10
       6
       8
       4
       8
       7
       6
      18
       8
       9
       9
      10
       5
      12
       7
       8
       8
       8
       7
       5
       6
       7
       6
       8
       7
       8
       3
       9
       7
       9
      11
       5
       9
       2
       7
       8
      11
       7
       5
      10
       6
       7
       8
       9
      12
       4
       4
       9
       5
      13
      10
       7
       8
      10
       5
       8
       5
      10
      10
      11
       5
       5
       7
      12
      10
      10
       4
       3
       4
       5
       5
       5
       7
       7
       6
      12
       7
       4
       4
       7
      13
       4
       8
       6
       5
      13
       4
       3
       8
      14
      14
       6
       9
       4
      12
       4
       6
       9
       7
       3
       6
      11
       4
       8
       8
       8
      12
       6
      11
       7
       5
       7
       5
       7
       7
       5
       8
       4
       5
       7
       7
       6
       7
       5
       5
      10
       4
       4
       8
       8
      10
       9
       6
       9
       8
       4
       8
       6
       7
       7
       4
       8
       7
       7
       7
      12
      10
       8
       3
       7
       7
       5
       6
      10
       7
       5
       6
       6
       7
      12
       4
       7
       5
       9
       6
       6
      11
       9
       8
       4
       5
       9
       5
       9
       4
      12
       4
       9
       8
       5
       6
       5
       2
       5
       4
       7
       5
      11
      14
       9
       7
       6
      10
      12
       4
       4
       5
      12
      10
       7
      12
       9
       6
      10
       6
       6
      11
       8
       7
       3
       9
       4
       9
       7
       5
       7
       8
       8
       6
      16
      10
       3
      10
       8
       7
       8
       5
      11
       9
       5
       7
       6
       5
      13
      11
       5
       7
       7
      10
       7
       4
       5
       5
       6
       7
       3
       9
       3
      14
       3
       3
       2
       6
      13
       7
       5
       7
       6
       6
       4
       5
       4
       8
       7
      13
       5
       9
       9
      11
       6
       9
       6
       4
       8
       8
       9
       6
      10
       6
       5
      10
      10
       7
       7
       7
       9
       6
       6
       5
       9
       6
       8
       6
       5
       6
       1
       6
       9
       6
       8
      13
       4
      10
       4
       6
       6
      10
       9
       9
       7
       8
      12
       7
       4
       5
       4
      12
       7
       9
       8
       4
       7
       8
      10
       5
       7
       5
      10
      13
       6
       4
       6
       5
       8
       6
       6
       5
      10
       4
       6
       5
       6
      11
       7
       5
      11
       4
      12
      10
       7
       9
       5
       8
       1
      13
       8
      11
       4
       9
       7
      10
       5
       7
       6
       6
       5
       9
       4
      10
       7
       6
       7
       6
       7
       6
       3
       6
       5
       7
      11
       9
       3
       8
       3
       5
       7
       6
       4
       8
       5
       5
       2
      11
       5
      11
       5
       6
       4
       7
       5
       9
       4
       8
       7
       3
       8
      12
       7
       9
       4
       4
       8
       7
       7
       9
       4
       9
       5
      10
       9
       7
       6
       9
      13
      10
       7
       5
       6
       3
       4
       6
       6
       9
       9
       3
       7
       4
      12
       5
       6
       7
       9
       8
       9
       8
       7
      14
       6
       5
       4
       5
       8
       8
       6
       8
       5
       4
       8
      10
       3
       8
       5
       8
       5
       7
       8
       8
       7
       3
      11
       4
       5
      10
       3
       7
       1
       7
       7
       8
      13
       5
       5
       3
       5
     520
    1068
    1064
    1085
    1137
    1118
    1092
    1062
    1129
    1086
    1031
    1081
    1112
    1125
    1035
    1072
    1108
    1134
    1051
    1072
    1080
    1059
    1136
    1134
    1125
    1089
    1061
    1118
    1108
    1068
    1065
    1124
    1062
    1049
    1141
    1079
    1097
    1097
    1062
    1056
    1107
    1159
    1214
    1380
    1365
    1265
    1332
    1999
    8137
   34303
   47062
   15556
    5821
    3229
    2388
    1869
    1686
    1474
    1300
    1259
    1044
    1180
    1254
     877
     801
     881
     894
     789
     677
     480
     423
     413
     410
     424
     349
     345
     382
     303
     313
     326
     283
     253
     244
     217
     232
     246
     270
     204
     142
      88
      73
      70
      57
      59
      73
      52
      66
      59
      57
      68
      58
      72
      55
      57
      56
      68
      54
      67
      58
      54
      57
      59
      56
      50
      70
      57
      60
      54
      53
      42
      64
      51
      53
      57
      55
      59
      54
      66
      59
      65
      70
      70
      79
      85
      79
      89
     107
      96
     112
     102
     111
     129
     135
     210
     406
     696
     254
      52
      24
      16
       8
       1
       0
       0
       1
       0
       0
       0
       0
       0
       0
       0
       0
       0
       0
       0
       0
       0
       0
       0
       0
       0
       0
       0
       0
       0
       0
       0
       0
       0
       0
       0
       0
       0
       0
$ROI:
0
$PRESETS:
None
0
0
$ENER_FIT:
16.546301 0.358951
$MCA_CAL:
3
1.654630E+001 3.589510E-001 2.820340E-007 keV
$SHAPE_CAL:
3
2.043840E+000 1.584700E-003 -2.059380E-007
