$SPEC_ID:
Sample
$SPEC_REM:
DET# 1
DETDESC# Rayleigh
AP# Maestro-PRO Version 9, 0, 2, 0
$DATE_MEA:
12/05/2025 14:18:02
$MEAS_TIM:
607774.22 608848.02
$DATA:
0 8191
       0
       0
       0
       0
       0
       0
       0
       0
       0
       0
       0
       0
       0
       0
       0
       0
       0
       0
       0
       0
       0
       0
       0
       0
       0
       2
     185
     569
    2853
    5299
    5267
    5245
    5178
    5247
    5259
    5190
    5019
    5034
    5090
    4996
    4997
    4908
    5081
    4924
    4848
    4948
    4899
    4922
    4958
    4758
    4777
    4912
    4796
    4775
    4723
    4677
    4774
    4668
    4712
    4802
    4637
    4678
    4668
    4711
    4655
    4597
    4497
    4693
    4642
    4652
    4594
    4498
    4702
    4577
    4469
    4576
    4688
    4650
    4615
    4561
    4752
    4684
    4674
    4740
    4593
    4682
    4591
    4451
    4457
    4476
    4351
    4417
    4471
    4563
    4609
    4538
    4529
    4541
    4518
    4578
    4634
    4586
    4673
    4630
    4669
    4583
    4556
    4615
    4691
    4655
    4613
    4696
    4754
    4808
    4903
    4928
    4793
    4949
    5014
    4971
    5029
    5197
    5260
    5198
    5376
    5307
    5747
    5870
    6104
    6254
    6181
    5834
    5555
    5527
    5366
    5382
    5535
    5503
    5569
    5675
    5717
    5709
    5872
    5767
    5803
    5902
    5962
    6039
    6108
    6218
    6345
    6278
    6512
    6772
    7033
    7356
    7791
    8332
    9378
   10907
   11880
   12217
   11289
   10744
   10904
   12176
   13817
   13907
   12457
    9799
    7586
    6353
    6005
    5828
    5782
    5712
    5829
    5968
    5866
    5851
    5654
    5919
    6147
    6275
    6781
    7244
    7527
    7621
    7237
    6935
    6833
    7201
    7891
    8935
    9637
    9569
    8655
    7670
    7052
    6991
    7574
    7862
    7977
    7817
    7077
    6807
    7104
    8222
    9352
   10337
   10390
    9990
    8960
    7683
    6550
    6101
    5654
    5409
    5365
    5248
    5278
    5262
    5154
    5434
    5619
    5688
    5827
    5856
    5876
    5710
    5526
    5421
    5377
    5318
    5174
    5189
    5268
    5310
    5408
    5438
    5443
    5716
    5738
    5980
    6166
    6121
    5916
    5818
    5584
    5615
    5526
    5436
    5716
    5742
    5745
    5669
    5615
    5518
    5444
    5728
    5793
    5459
    5587
    5546
    5700
    5751
    5732
    5810
    5770
    5691
    5866
    5748
    5725
    5596
    5702
    5478
    5453
    5325
    5329
    5378
    5529
    5454
    5329
    5540
    5438
    5496
    5572
    5426
    5494
    5451
    5554
    5681
    5638
    5539
    5719
    5743
    5515
    5578
    5738
    5740
    5747
    5858
    5824
    5870
    5805
    6010
    6161
    6584
    7003
    7318
    7218
    6759
    6474
    6165
    5918
    6018
    5951
    5754
    5813
    5847
    5740
    5669
    5845
    5742
    5747
    5809
    5806
    5765
    5569
    5633
    5736
    5743
    5646
    5807
    5612
    5712
    5773
    5700
    5552
    5752
    5737
    5863
    5815
    5712
    5756
    5748
    5776
    5940
    6152
    6554
    6467
    6306
    5998
    5951
    5750
    5740
    5685
    5602
    5655
    5575
    5535
    5697
    5536
    5599
    5566
    5670
    5562
    5665
    5469
    5640
    5480
    5725
    5490
    5671
    5741
    6010
    6035
    6171
    6269
    6106
    5965
    5621
    5591
    5414
    5525
    5386
    5423
    5448
    5485
    5416
    5391
    5370
    5392
    5240
    5242
    5388
    5293
    5202
    5312
    5281
    5278
    5360
    5556
    5525
    5520
    5428
    5406
    5278
    5351
    5200
    5162
    5225
    5228
    5199
    5219
    5158
    5186
    5165
    5084
    5054
    5091
    5176
    5098
    5186
    5069
    4972
    4963
    5020
    5077
    5032
    4879
    5025
    5071
    5025
    5037
    4899
    5065
    5225
    5058
    5101
    4936
    5065
    5048
    4927
    5100
    5011
    4994
    4970
    4855
    4957
    4935
    5016
    5199
    5081
    5155
    4998
    5053
    5101
    5135
    5284
    5468
    5987
    7054
    8488
    9942
   10889
   10537
    9244
    7557
    6196
    5394
    4931
    4912
    4907
    4556
    4835
    4801
    4787
    4680
    4743
    4795
    4841
    4816
    4750
    4639
    4713
    4640
    4708
    4691
    4682
    4731
    4733
    4730
    4926
    4860
    4720
    4604
    4688
    4790
    4766
    4853
    4790
    4806
    4750
    4763
    4814
    4695
    4689
    4746
    4585
    4591
    4718
    4610
    4657
    4703
    4688
    4949
    4795
    4824
    4772
    4671
    4592
    4590
    4579
    4589
    4857
    5313
    6135
    6645
    7074
    6848
    6293
    5510
    4959
    4774
    4483
    4385
    4285
    4410
    4291
    4449
    4404
    4367
    4277
    4321
    4308
    4340
    4507
    4375
    4422
    4404
    4292
    4208
    4403
    4252
    4277
    4413
    4344
    4267
    4416
    4386
    4338
    4282
    4322
    4309
    4313
    4356
    4363
    4356
    4372
    4217
    4369
    4260
    4253
    4294
    4181
    4211
    4327
    4175
    4285
    4301
    4310
    4259
    4229
    4307
    4277
    4184
    4207
    4179
    4177
    4204
    4250
    4257
    4339
    4277
    4350
    4401
    4363
    4206
    4304
    4517
    4598
    4841
    5086
    5687
    7413
   11281
   18055
   26217
   32694
   33935
   28754
   19815
   12956
    9590
    8839
    9150
    9473
    9984
    9290
    8191
    6380
    5171
    4122
    3888
    3727
    3562
    3475
    3407
    3489
    3471
    3475
    3450
    3458
    3487
    3497
    3382
    3433
    3419
    3376
    3392
    3393
    3342
    3446
    3330
    3373
    3401
    3450
    3484
    3504
    3372
    3338
    3316
    3328
    3289
    3333
    3333
    3396
    3482
    3430
    3413
    3438
    3429
    3511
    3495
    3630
    3545
    3464
    3253
    3264
    3168
    3116
    3094
    3164
    3233
    3196
    3191
    3176
    3125
    3113
    3083
    3106
    3075
    3103
    3081
    3132
    3054
    3028
    3102
    3106
    3161
    3327
    3679
    3983
    4574
    5137
    5325
    5368
    4849
    4323
    3749
    3414
    3214
    3132
    3076
    3111
    2975
    3063
    3146
    3119
    3128
    3064
    3328
    3496
    3850
    4101
    4314
    4066
    3862
    3380
    3244
    3010
    3060
    2949
    2906
    2937
    2906
    3014
    2930
    2872
    2853
    2843
    2945
    2936
    2982
    2899
    2952
    2916
    2832
    2844
    2970
    2848
    2858
    2843
    3079
    3079
    2924
    2761
    2857
    2903
    2739
    2707
    2841
    2766
    2797
    2806
    2810
    2801
    2882
    3229
    3828
    5031
    7460
    9950
   12709
   13249
   11661
    8683
    5937
    4041
    3326
    2985
    3004
    2781
    2866
    3274
    3807
    4245
    4518
    4387
    3898
    3306
    2968
    2836
    2661
    2649
    2748
    2545
    2631
    2590
    2563
    2504
    2586
    2585
    2594
    2468
    2550
    2517
    2475
    2410
    2506
    2383
    2537
    2485
    2521
    2445
    2503
    2371
    2535
    2545
    2490
    2461
    2450
    2485
    2444
    2465
    2564
    2469
    2428
    2496
    2537
    2476
    2466
    2412
    2415
    2404
    2374
    2437
    2402
    2350
    2398
    2398
    2395
    2378
    2358
    2443
    2392
    2595
    2424
    2454
    2449
    2424
    2557
    2514
    2556
    2474
    2369
    2472
    2417
    2410
    2446
    2895
    3086
    3658
    3937
    3957
    3687
    3212
    2979
    2658
    2534
    2458
    2520
    2557
    2464
    2535
    2583
    2542
    2530
    2458
    2448
    2338
    2307
    2368
    2334
    2389
    2348
    2538
    2854
    3611
    4841
    6531
    8030
    8670
    7880
    6375
    4448
    3264
    2641
    2676
    2628
    2605
    2348
    2284
    2186
    2275
    2278
    2204
    2226
    2172
    2198
    2247
    2263
    2270
    2188
    2164
    2240
    2193
    2175
    2178
    2308
    2339
    2352
    2473
    2762
    3510
    5456
    8704
   13242
   17922
   20789
   19422
   15115
    9703
    5837
    3497
    2808
    2614
    2398
    2232
    2037
    2028
    2112
    2008
    1983
    1967
    1987
    2129
    1954
    1991
    1945
    2035
    1945
    2036
    1850
    2007
    1992
    1979
    1916
    1994
    1933
    2041
    2014
    1939
    1928
    1904
    1970
    1942
    1946
    1968
    1876
    1957
    1890
    1898
    1903
    1908
    1949
    2005
    1944
    1972
    1844
    1958
    1942
    1956
    1867
    1900
    1990
    1869
    1963
    1889
    1930
    1950
    1993
    1897
    1864
    1849
    1973
    1944
    1894
    1932
    1939
    1932
    1880
    1857
    1901
    1916
    1902
    1928
    1933
    1891
    1912
    1918
    1897
    1836
    1760
    1829
    1867
    1896
    1870
    1904
    1889
    1893
    1896
    1953
    2041
    1979
    2035
    2034
    2011
    2108
    2006
    2071
    2144
    2017
    2041
    1933
    1881
    1849
    1867
    1872
    1821
    1867
    1850
    1915
    1854
    1808
    1849
    1906
    1856
    1894
    1918
    1861
    1781
    1881
    1875
    1826
    1844
    1799
    1839
    1850
    1855
    1895
    1919
    1861
    1927
    1932
    1948
    2012
    1993
    1920
    1866
    1861
    1864
    1840
    1929
    1979
    1897
    1937
    1942
    1753
    1767
    1860
    1824
    1908
    1961
    2220
    2419
    2584
    2597
    2607
    2405
    2072
    1893
    1822
    1791
    1740
    1717
    1692
    1763
    1736
    1717
    1693
    1778
    1833
    1754
    1734
    1713
    1726
    1724
    1763
    1752
    1741
    1731
    1731
    1800
    1762
    1668
    1661
    1612
    1786
    1666
    1735
    1716
    1685
    1702
    1688
    1660
    1691
    1706
    1655
    1664
    1608
    1754
    1698
    1789
    1661
    1715
    1715
    1689
    1650
    1712
    1688
    1639
    1666
    1657
    1613
    1671
    1549
    1692
    1651
    1552
    1638
    1525
    1569
    1611
    1680
    1637
    1601
    1544
    1522
    1582
    1670
    1586
    1573
    1619
    1640
    1734
    1744
    1746
    1755
    1755
    1673
    1644
    1597
    1653
    1573
    1617
    1559
    1539
    1517
    1530
    1529
    1526
    1580
    1624
    1604
    1557
    1532
    1571
    1529
    1500
    1561
    1504
    1527
    1554
    1527
    1511
    1612
    1609
    1557
    1578
    1467
    1440
    1587
    1625
    1636
    1683
    1757
    1659
    1646
    1631
    1650
    1637
    1629
    1603
    1533
    1587
    1488
    1503
    1511
    1514
    1516
    1504
    1412
    1580
    1447
    1541
    1492
    1593
    1630
    1775
    1970
    2486
    3039
    3238
    3241
    2924
    2541
    2013
    1747
    1570
    1537
    1461
    1466
    1527
    1427
    1448
    1451
    1429
    1448
    1527
    1435
    1471
    1491
    1467
    1441
    1413
    1388
    1453
    1465
    1383
    1448
    1469
    1485
    1510
    1452
    1458
    1397
    1431
    1441
    1499
    1380
    1382
    1405
    1489
    1467
    1468
    1488
    1511
    1527
    1467
    1513
    1586
    1545
    1519
    1499
    1429
    1397
    1367
    1399
    1385
    1383
    1300
    1364
    1392
    1364
    1379
    1421
    1431
    1491
    1508
    1437
    1448
    1462
    1410
    1381
    1366
    1300
    1399
    1431
    1375
    1368
    1357
    1338
    1377
    1348
    1382
    1341
    1326
    1323
    1373
    1354
    1332
    1358
    1354
    1395
    1354
    1394
    1328
    1315
    1338
    1353
    1381
    1333
    1259
    1335
    1407
    1328
    1289
    1339
    1312
    1399
    1391
    1341
    1401
    1406
    1414
    1424
    1380
    1345
    1396
    1399
    1364
    1316
    1331
    1498
    1486
    1518
    1731
    2024
    2386
    3004
    3748
    4938
    6007
    6671
    6880
    6357
    5156
    4200
    3212
    2593
    2108
    1824
    1651
    1533
    1528
    1477
    1417
    1358
    1366
    1339
    1297
    1307
    1224
    1284
    1281
    1303
    1308
    1255
    1391
    1293
    1225
    1239
    1306
    1351
    1295
    1246
    1259
    1329
    1285
    1257
    1203
    1196
    1305
    1268
    1248
    1218
    1221
    1272
    1265
    1275
    1254
    1248
    1290
    1284
    1275
    1249
    1199
    1197
    1303
    1252
    1199
    1237
    1237
    1291
    1260
    1314
    1287
    1271
    1308
    1291
    1312
    1229
    1191
    1236
    1271
    1253
    1226
    1194
    1224
    1315
    1250
    1183
    1163
    1249
    1165
    1175
    1224
    1221
    1210
    1193
    1238
    1308
    1212
    1261
    1233
    1275
    1244
    1287
    1275
    1268
    1253
    1267
    1194
    1335
    1244
    1230
    1207
    1219
    1281
    1273
    1211
    1243
    1224
    1212
    1201
    1235
    1212
    1186
    1232
    1224
    1195
    1247
    1226
    1217
    1257
    1174
    1205
    1207
    1233
    1257
    1161
    1213
    1183
    1202
    1171
    1204
    1217
    1178
    1282
    1214
    1230
    1281
    1310
    1350
    1513
    1534
    1527
    1390
    1351
    1346
    1226
    1207
    1162
    1212
    1223
    1177
    1209
    1193
    1189
    1225
    1180
    1187
    1212
    1246
    1204
    1247
    1211
    1215
    1231
    1332
    1306
    1301
    1246
    1276
    1201
    1208
    1155
    1225
    1256
    1187
    1159
    1209
    1235
    1187
    1170
    1264
    1196
    1222
    1206
    1173
    1256
    1330
    1320
    1322
    1403
    1541
    1771
    2267
    3512
    5562
    8314
   10745
   12054
   11092
    8495
    5738
    3563
    2084
    1578
    1273
    1200
    1174
    1249
    1216
    1305
    1300
    1217
    1165
    1060
    1165
    1124
    1160
    1179
    1149
    1151
    1096
    1110
    1146
    1087
    1174
    1103
    1111
    1157
    1125
    1157
    1075
    1086
    1147
    1151
    1158
    1126
    1130
    1099
    1133
    1141
    1157
    1098
    1170
    1188
    1120
    1085
    1086
    1134
    1111
    1160
    1149
    1160
    1220
    1076
    1173
    1177
    1191
    1168
    1169
    1147
    1201
    1312
    1502
    2043
    3296
    5420
    8663
   12310
   15410
   15785
   13668
   10177
    6181
    3480
    2038
    1440
    1216
    1128
    1128
    1204
    1211
    1359
    1336
    1300
    1083
    1038
    1116
    1092
    1083
    1098
    1072
    1048
    1055
    1062
    1055
    1064
    1036
    1041
    1086
    1074
    1081
    1030
    1025
    1067
    1000
    1006
    1051
    1020
    1050
     991
    1046
    1034
    1017
    1047
    1012
    1026
     988
    1114
     998
     991
    1021
     995
    1045
    1112
    1099
    1073
    1043
    1040
    1070
    1091
    1027
    1013
    1079
    1048
    1032
    1100
    1077
    1017
     980
     987
    1015
     999
    1019
     979
    1043
     986
    1095
     972
    1004
    1012
     988
    1028
    1107
    1042
    1017
     990
     995
    1000
     984
    1013
    1037
     962
     985
     983
     967
    1019
    1004
     981
     949
     962
    1006
     984
     976
    1060
    1008
    1001
    1070
    1027
    1063
    1040
    1033
    1069
    1016
    1011
    1048
    1019
    1027
     998
    1026
    1019
     978
    1002
     971
    1076
     971
     982
    1023
     982
     984
    1016
     949
    1003
    1021
    1001
     954
    1062
     994
     991
    1132
    1186
    1448
    1484
    1543
    1506
    1349
    1189
    1165
    1080
    1088
    1126
    1225
    1319
    1476
    1430
    1374
    1237
    1177
    1059
    1002
     994
    1024
    1044
    1010
     949
     965
     981
    1003
    1042
    1057
     975
     987
     954
    1015
    1012
    1052
     976
    1020
    1064
    1054
    1051
    1015
    1025
     987
    1016
    1014
    1003
     960
     957
     998
     984
     993
     899
     956
    1006
    1039
     974
    1018
    1025
     981
    1021
     979
    1000
     968
     963
    1040
     964
     993
     926
     985
     953
     968
     919
    1004
    1039
     988
    1015
    1038
    1046
     974
    1008
    1045
     959
     955
    1002
     995
     948
    1003
    1001
     978
     985
     979
     953
     999
     972
    1006
     939
    1007
     964
    1024
    1029
    1001
    1007
    1000
    1011
     995
    1028
    1021
    1049
     989
     968
    1073
    1079
    1097
    1087
    1132
    1177
    1167
    1135
    1049
    1098
    1035
    1075
     998
     985
     960
    1061
    1028
    1034
     986
    1023
    1015
    1044
    1061
     947
     976
     972
     979
     941
     946
     958
     904
     972
     907
     947
     941
     942
     955
     939
     942
     981
     893
     943
     989
     925
     938
     912
     951
     929
     969
     978
    1021
    1021
    1097
    1091
    1033
     996
     942
     968
     930
     869
     958
     978
     948
     906
     928
     966
    1004
    1234
    1502
    2010
    2533
    3067
    3278
    3139
    2662
    2089
    1462
    1157
     994
     942
     948
     904
     940
     931
     907
     902
     864
     981
     924
     906
     932
     910
     883
     866
     952
     911
     850
     848
     831
     867
     829
     922
     881
     898
     901
     961
     898
     949
     868
     936
     937
     995
     949
     946
     996
     980
     978
     914
     915
     912
     912
     917
     869
     866
     885
     877
     897
     896
     876
     898
     861
     887
     894
     845
     866
     919
     878
     889
     904
     893
     883
     919
     880
     937
     969
     949
    1022
    1052
    1185
    1183
    1170
    1125
    1011
     989
     881
     903
     904
     862
     819
     899
     873
     839
     866
     866
     884
     857
     923
     941
     962
     981
    1052
    1027
    1011
     971
     956
     940
     967
    1035
    1066
    1108
    1299
    1426
    1602
    1958
    2159
    2256
    2101
    1714
    1382
    1159
    1021
     952
    1061
    1105
    1251
    1280
    1248
    1237
    1094
    1016
     943
     881
     857
     878
     817
     843
     827
     821
     815
     852
     811
     812
     869
     873
     793
     763
     865
     823
     865
     879
     918
     913
     990
    1007
     985
     918
     887
     821
     924
    1052
    1289
    1354
    1425
    1376
    1339
    1154
    1004
     962
     843
     816
     812
     808
     829
     844
     781
     879
     810
     811
     822
     777
     810
     840
     906
    1009
    1255
    1502
    1762
    2018
    2048
    1882
    1498
    1250
    1030
     917
     858
     781
     784
     770
     804
     765
     819
     833
     835
     805
     858
     806
     773
     799
     795
     792
     792
     761
     812
     813
     857
     997
     962
    1020
    1070
    1031
    1050
     930
     925
     834
     819
     781
     792
     774
     732
     716
     711
     751
     768
     792
     787
     788
     761
     773
     786
     767
     763
     777
     845
     765
     767
     763
     783
     735
     754
     784
     750
     752
     776
     770
     774
     821
     808
     765
     785
     799
     736
     819
     773
     772
     781
     778
     743
     739
     797
     849
     769
     761
     790
     823
     876
     762
     760
     724
     763
     715
     751
     803
     839
     900
     870
     880
     901
     868
     875
     850
     841
     837
     768
     831
     819
     916
     983
    1038
    1129
    1195
    1272
    1140
    1041
     867
     918
     824
     907
     868
     946
    1067
    1073
    1069
    1048
    1003
    1000
     850
     866
     765
     739
     752
     709
     746
     690
     703
     730
     698
     767
     765
     718
     756
     730
     770
     766
     776
     716
     718
     725
     707
     746
     776
     728
     713
     738
     752
     725
     693
     692
     688
     798
     737
     727
     757
     681
     699
     724
     783
     737
     677
     729
     751
     739
     758
     848
     973
    1208
    1477
    1750
    2033
    2003
    1809
    1492
    1167
     998
     833
     802
     786
     743
     730
     731
     729
     719
     694
     688
     722
     743
     751
     737
     729
     739
     744
     703
     755
     785
     741
     769
     741
     696
     729
     728
     759
     719
     792
     698
     700
     747
     717
     741
     732
     778
     708
     734
     679
     712
     730
     751
     710
     726
     767
     786
     699
     722
     737
     684
     707
     743
     769
     733
     723
     715
     777
     770
     731
     761
     760
     674
     724
     688
     768
     725
     702
     736
     716
     704
     771
     759
     743
     733
     757
     698
     723
     714
     733
     708
     743
     759
     808
     859
     786
     877
     856
     780
     731
     755
     718
     718
     688
     736
     742
     796
     741
     743
     677
     733
     687
     734
     695
     755
     721
     727
     700
     742
     757
     741
     792
     845
     831
     958
     962
     892
     902
     839
     782
     790
     756
     758
     715
     717
     790
     782
     862
    1093
    1570
    2311
    3611
    5514
    7012
    7983
    7987
    6767
    4985
    3270
    2026
    1247
     922
     768
     706
     684
     762
     714
     711
     759
     704
     732
     767
     806
     741
     820
     762
     690
     703
     741
     689
     669
     630
     660
     683
     706
     665
     724
     707
     713
     728
     671
     684
     705
     672
     693
     725
     679
     689
     718
     729
     652
     717
     714
     679
     708
     673
     624
     718
     741
     719
     688
     757
     779
     858
    1043
    1251
    1276
    1400
    1444
    1248
    1064
     937
     816
     730
     637
     680
     643
     668
     702
     716
     659
     657
     687
     715
     707
     716
     753
     674
     636
     682
     701
     662
     710
     705
     700
     722
     714
     691
     749
     671
     727
     728
     719
     749
     754
     798
     801
     836
     885
     872
     901
     928
     894
     865
     821
     777
     823
     793
     682
     697
     715
     699
     700
     691
     697
     651
     686
     671
     697
     692
     672
     722
     704
     751
     725
     797
     701
     713
     731
     715
     723
     676
     694
     705
     700
     825
     938
    1070
    1360
    1614
    1980
    2109
    1920
    1803
    1489
    1230
    1206
    1182
    1546
    2218
    3118
    4095
    4924
    4946
    4568
    3531
    2562
    1672
    1179
     875
     711
     738
     670
     652
     674
     683
     672
     671
     658
     682
     751
     726
     726
     752
     707
     695
     685
     663
     652
     661
     638
     650
     720
     661
     655
     654
     656
     645
     693
     697
     655
     685
     715
     655
     642
     655
     664
     631
     604
     671
     662
     662
     676
     681
     678
     743
     667
     668
     669
     665
     669
     690
     661
     616
     656
     616
     626
     633
     630
     613
     668
     663
     713
     616
     637
     690
     720
     661
     647
     657
     660
     681
     630
     673
     663
     690
     767
     778
     873
     954
    1054
     979
     992
     880
     832
     743
     683
     671
     630
     709
     715
     586
     597
     618
     646
     661
     645
     622
     679
     639
     656
     668
     661
     640
     687
     686
     641
     669
     685
     663
     678
     709
     637
     656
     684
     661
     650
     615
     666
     642
     684
     655
     672
     701
     658
     651
     657
     674
     686
     667
     676
     702
     648
     678
     695
     643
     672
     640
     713
     702
     635
     695
     652
     657
     643
     683
     658
     640
     615
     674
     609
     632
     668
     675
     619
     618
     608
     638
     621
     620
     670
     663
     629
     630
     664
     682
     708
     711
     736
     696
     700
     659
     677
     602
     672
     644
     653
     664
     668
     647
     664
     625
     637
     666
     618
     684
     634
     627
     684
     667
     688
     662
     696
     656
     657
     609
     624
     669
     650
     663
     622
     631
     668
     660
     664
     666
     663
     641
     675
     659
     694
     648
     616
     692
     702
     662
     662
     680
     691
     721
     764
     691
     720
     712
     721
     684
     680
     714
     704
     662
     700
     663
     661
     632
     676
     637
     672
     613
     735
     682
     627
     606
     685
     661
     677
     692
     705
     608
     620
     690
     697
     683
     732
     684
     683
     766
     753
     695
     731
     695
     678
     658
     675
     674
     701
     703
     703
     715
     724
     723
     741
     740
     698
     641
     689
     693
     660
     715
     681
     698
     656
     700
     613
     634
     669
     720
     678
     714
     657
     682
     766
     683
     779
     792
     785
     816
     744
     723
     689
     638
     696
     692
     694
     683
     704
     640
     695
     614
     665
     666
     681
     682
     694
     692
     659
     689
     673
     697
     695
     710
     660
     669
     633
     698
     691
     667
     678
     673
     641
     647
     710
     714
     780
     780
     738
     774
     782
     770
     754
     777
     746
     727
     723
     712
     673
     702
     696
     676
     622
     636
     672
     719
     696
     724
     698
     713
     667
     726
     658
     682
     754
     746
     770
     696
     693
     686
     707
     698
     671
     722
     717
     683
     688
     677
     695
     684
     741
     712
     751
     797
     794
     856
     752
     789
     727
     696
     719
     775
     756
     722
     690
     757
     641
     754
     698
     691
     708
     764
     690
     720
     799
     856
    1110
    1444
    2032
    2687
    3520
    3881
    3947
    3649
    2965
    2274
    1551
    1150
     921
     807
     707
     761
     754
     714
     708
     669
     702
     719
     673
     695
     740
     740
     715
     705
     729
     767
     782
     751
     711
     771
     728
     693
     716
     700
     760
     746
     739
     703
     807
     781
     741
     752
     715
     706
     681
     704
     681
     712
     699
     715
     737
     737
     667
     728
     746
     701
     679
     696
     697
     720
     729
     709
     703
     739
     736
     708
     702
     721
     720
     751
     716
     726
     737
     745
     760
     699
     706
     794
     719
     708
     721
     754
     786
     697
     747
     745
     747
     756
     752
     806
     721
     779
     811
     863
     943
    1049
    1075
    1056
    1081
    1073
     985
     902
     846
     800
     743
     752
     728
     774
     769
     743
     714
     689
     737
     746
     773
     729
     744
     733
     776
     810
     766
     688
     785
     759
     796
     799
     819
     687
     756
     718
     718
     785
     767
     748
     759
     760
     778
     750
     755
     744
     755
     746
     732
     744
     808
     740
     789
     845
     793
     772
     751
     743
     812
     758
     780
     772
     781
     738
     819
     707
     734
     753
     754
     734
     770
     813
     704
     792
     768
     802
     820
     745
     835
     769
     785
     752
     771
     810
     760
     828
     776
     791
     762
     720
     804
     776
     793
     780
     813
     793
     753
     836
     791
     832
     811
     748
     827
     786
     764
     766
     819
     808
     856
     809
     803
     775
     752
     770
     810
     810
     765
     793
     842
     800
     767
     832
     822
     851
     752
     775
     804
     785
     807
     797
     812
     821
     773
     774
     816
     836
     835
     834
     834
     820
     801
     814
     844
     902
     865
     883
     881
     904
     877
     888
     933
     809
     781
     838
     794
     814
     833
     799
     834
     840
     827
     822
     831
     816
     839
     861
     846
     801
     833
     821
     836
     803
     854
     868
     863
     827
     828
     875
     889
     887
     852
     866
     857
     853
     756
     843
     824
     799
     821
     857
     891
     894
     852
     835
     856
     875
     838
     827
     839
     850
     831
     828
     863
     886
     828
     873
     871
     828
     884
     840
     870
     876
     848
     833
     839
     851
     879
     787
     880
     818
     854
     909
     897
     882
     950
     998
    1159
    1333
    1613
    1824
    1989
    2105
    1914
    1825
    1446
    1111
     982
     940
     814
     784
     786
     795
     810
     790
     735
     710
     754
     695
     760
     745
     776
     723
     778
     787
     824
     743
     787
     774
     741
     732
     690
     673
     671
     680
     659
     684
     620
     654
     639
     658
     668
     647
     708
     678
     676
     614
     676
     658
     656
     622
     603
     631
     616
     604
     603
     609
     600
     648
     584
     611
     624
     598
     585
     659
     588
     583
     621
     607
     650
     629
     602
     594
     586
     591
     601
     575
     613
     597
     602
     609
     558
     561
     554
     585
     598
     554
     571
     606
     588
     579
     541
     560
     564
     575
     580
     596
     596
     618
     591
     584
     605
     602
     585
     587
     567
     553
     528
     574
     576
     521
     554
     601
     567
     622
     646
     686
     780
     768
     920
     804
     799
     716
     682
     562
     566
     592
     532
     523
     549
     548
     559
     566
     537
     524
     566
     555
     550
     514
     526
     515
     526
     487
     520
     505
     513
     509
     487
     514
     510
     444
     490
     485
     545
     495
     490
     531
     498
     512
     483
     460
     507
     479
     512
     508
     485
     501
     495
     533
     457
     504
     506
     464
     473
     527
     469
     508
     448
     490
     484
     476
     504
     504
     500
     505
     477
     540
     457
     472
     462
     479
     471
     463
     483
     449
     477
     494
     473
     448
     495
     477
     432
     438
     480
     470
     455
     428
     456
     483
     484
     450
     440
     459
     475
     464
     489
     485
     447
     440
     464
     443
     467
     469
     461
     458
     445
     451
     433
     421
     432
     460
     427
     418
     433
     404
     377
     444
     436
     447
     409
     428
     403
     453
     434
     437
     434
     406
     392
     449
     411
     430
     431
     389
     420
     392
     432
     414
     392
     419
     403
     389
     386
     411
     400
     391
     388
     415
     389
     363
     414
     386
     408
     365
     384
     384
     377
     365
     390
     393
     369
     361
     347
     403
     379
     382
     376
     331
     369
     368
     383
     348
     334
     331
     369
     370
     358
     348
     360
     356
     403
     388
     374
     338
     361
     338
     340
     320
     372
     332
     364
     362
     338
     327
     354
     329
     328
     333
     334
     334
     324
     322
     353
     344
     312
     358
     330
     339
     285
     330
     305
     360
     347
     357
     326
     335
     301
     330
     321
     364
     339
     314
     316
     334
     316
     328
     284
     300
     339
     316
     314
     333
     318
     307
     305
     298
     321
     337
     302
     319
     309
     283
     316
     304
     279
     317
     300
     314
     291
     318
     330
     322
     325
     309
     306
     349
     319
     336
     354
     404
     459
     602
     736
     964
    1156
    1185
    1088
     988
     738
     653
     474
     382
     339
     332
     297
     295
     293
     268
     266
     296
     269
     307
     325
     390
     400
     441
     481
     486
     411
     362
     352
     329
     316
     304
     305
     319
     287
     302
     271
     300
     309
     275
     295
     296
     296
     271
     310
     290
     284
     286
     279
     274
     276
     302
     271
     285
     285
     293
     288
     267
     258
     279
     263
     286
     314
     301
     358
     386
     441
     481
     544
     557
     480
     457
     407
     351
     315
     259
     259
     280
     282
     258
     332
     365
     443
     511
     589
     660
     760
     667
     621
     516
     471
     367
     319
     282
     281
     274
     251
     260
     259
     296
     260
     265
     272
     259
     258
     261
     245
     270
     289
     244
     251
     242
     302
     268
     264
     262
     289
     271
     308
     250
     254
     244
     251
     220
     267
     291
     258
     284
     260
     259
     275
     271
     273
     308
     273
     292
     258
     283
     280
     270
     276
     265
     253
     257
     264
     268
     259
     273
     289
     279
     262
     297
     272
     275
     258
     249
     278
     274
     260
     281
     263
     295
     298
     271
     309
     276
     244
     276
     282
     224
     281
     270
     267
     258
     267
     272
     254
     254
     284
     267
     252
     288
     269
     269
     268
     288
     282
     265
     284
     308
     290
     271
     295
     275
     286
     294
     278
     286
     301
     303
     291
     273
     274
     263
     288
     292
     304
     307
     311
     322
     323
     312
     358
     326
     307
     356
     342
     375
     349
     389
     483
     649
     987
    1682
    3075
    5619
    9991
   15774
   23356
   30440
   35987
   37321
   33806
   27160
   19369
   11920
    6377
    3259
    1541
     709
     412
     261
     214
     210
     205
     228
     194
     231
     260
     238
     210
     217
     232
     243
     269
     234
     232
     299
     355
     452
     647
     738
     727
     694
     510
     384
     252
     206
     184
     174
     185
     156
     188
     158
     179
     178
     155
     169
     187
     169
     164
     192
     208
     203
     194
     166
     166
     158
     168
     177
     169
     177
     153
     142
     172
     159
     167
     168
     184
     181
     165
     170
     168
     166
     197
     165
     179
     186
     171
     167
     148
     165
     155
     179
     195
     179
     161
     171
     184
     176
     191
     194
     216
     230
     255
     351
     333
     367
     346
     320
     260
     226
     210
     203
     189
     197
     214
     177
     208
     211
     230
     258
     250
     267
     284
     237
     250
     205
     175
     160
     187
     168
     166
     172
     205
     160
     227
     184
     259
     294
     420
     425
     549
     530
     609
     504
     436
     337
     306
     263
     254
     231
     224
     234
     242
     221
     219
     195
     207
     198
     176
     168
     174
     173
     169
     183
     180
     154
     172
     171
     152
     171
     173
     172
     154
     185
     191
     177
     193
     175
     174
     175
     162
     170
     196
     171
     160
     155
     164
     169
     163
     154
     173
     156
     165
     191
     162
     208
     172
     200
     174
     199
     172
     154
     155
     159
     182
     163
     163
     169
     172
     164
     149
     181
     153
     177
     165
     174
     155
     183
     196
     233
     218
     272
     246
     224
     218
     195
     184
     179
     162
     185
     183
     209
     196
     241
     208
     216
     238
     207
     187
     181
     166
     147
     136
     161
     155
     157
     137
     166
     165
     150
     148
     157
     134
     142
     156
     152
     143
     147
     150
     149
     151
     133
     151
     152
     147
     168
     149
     167
     148
     160
     168
     194
     178
     171
     177
     170
     141
     161
     134
     154
     161
     141
     129
     147
     147
     142
     132
     151
     143
     139
     124
     150
     160
     135
     148
     144
     134
     115
     135
     168
     134
     132
     149
     133
     130
     139
     141
     131
     151
     139
     164
     123
     139
     138
     146
     137
     146
     156
     134
     149
     152
     143
     127
     153
     167
     100
     152
     154
     125
     152
     146
     181
     196
     215
     229
     239
     251
     253
     231
     246
     237
     272
     247
     266
     265
     239
     233
     228
     194
     188
     217
     225
     295
     363
     464
     582
     710
     731
     754
     659
     513
     440
     281
     235
     209
     240
     258
     331
     367
     453
     428
     401
     373
     310
     292
     250
     229
     210
     193
     156
     161
     149
     147
     178
     184
     180
     210
     192
     194
     206
     184
     183
     165
     158
     155
     138
     145
     130
     171
     164
     133
     127
     141
     153
     150
     123
     151
     143
     155
     157
     144
     140
     119
     140
     166
     129
     143
     140
     144
     138
     139
     117
     153
     147
     132
     135
     129
     134
     116
     122
     137
     126
     138
     131
     142
     135
     110
     152
     132
     140
     164
     182
     215
     294
     335
     430
     403
     374
     342
     318
     260
     207
     188
     172
     182
     173
     162
     166
     182
     171
     155
     140
     166
     148
     123
     131
     138
     154
     226
     232
     294
     384
     384
     414
     444
     385
     317
     240
     195
     144
     145
     114
     129
     127
     115
     119
     114
     138
     123
     140
     189
     153
     172
     210
     205
     179
     209
     189
     128
     151
     128
     117
     119
     142
     128
     122
     108
     132
     120
     132
      96
     136
     131
     106
     111
      94
     122
     122
     102
     117
     114
     139
     129
     104
     100
     127
     113
      96
     105
     141
     128
     130
     109
     106
      98
     117
      95
     106
     121
     111
     116
     130
     112
     133
     110
     123
     138
     123
     117
     102
     129
     129
     135
     189
     223
     240
     285
     309
     315
     271
     231
     196
     168
     125
     125
     105
     104
     132
     138
     130
     133
     142
     153
     157
     147
     144
     119
     109
     119
     115
      98
     113
     112
     118
     113
     115
     118
     128
     110
     112
     104
     108
     106
      97
     128
     100
     118
     131
     103
     104
     119
     116
     136
     137
     124
     120
     141
     137
     109
     119
     119
     100
     122
     109
     117
     143
     140
     155
     151
     159
     143
     125
     127
     140
     129
     117
     120
     119
     116
     119
     125
     110
     108
     125
      98
      94
      86
     132
     112
     129
     142
     151
     133
     124
     128
     133
     158
     145
     143
     146
     128
     114
     110
     125
      96
     106
     113
     104
     121
      98
     101
     127
      96
     111
     110
     104
      99
     114
     105
     113
     124
     117
     112
     111
     101
     116
      99
     117
      95
     101
     121
     105
      88
     112
     104
      96
     103
      85
     120
     113
      96
      94
      95
      85
      99
     106
     115
     106
     114
     112
     113
      82
     113
      98
      93
     125
      97
     117
     102
     109
     111
     114
     109
     104
      85
     101
     107
     121
      89
     103
     114
     110
     104
      99
     119
     103
     107
     112
     115
     122
     123
     113
      95
     112
     105
     136
     139
     168
     232
     263
     388
     494
     572
     692
     673
     613
     526
     435
     294
     214
     170
     124
      94
     113
     105
      99
      93
      97
     101
      90
     117
     108
      94
     109
     107
     124
     121
     105
     112
     108
      99
     110
      92
     111
      95
      89
     115
     114
     102
     132
     138
     120
     110
     107
     122
     110
     111
     122
      98
     108
      99
     107
     104
     108
     108
     104
     101
      88
      98
      92
      97
     110
      89
     112
     117
      83
     107
     100
     117
      96
      97
     125
     112
      99
     107
     101
      97
      98
      96
     105
     103
     111
     107
     110
     100
     118
     106
     103
     107
     148
     180
     234
     342
     532
     839
    1300
    1760
    2190
    2741
    2828
    2699
    2368
    1789
    1204
     789
     457
     247
     171
     149
     111
     100
     100
      97
     104
      93
      87
      81
      97
      85
      92
      94
      96
      82
     121
     104
      89
      99
      95
      91
      98
     101
      95
      97
     104
     131
     119
     135
     117
     131
      92
     113
      92
     100
      87
      92
      91
     102
     105
      99
      92
      91
     108
      98
     112
      95
      92
     108
      74
     105
      93
      93
      99
      93
     105
     103
      76
      86
      87
     107
     108
      92
      95
     101
      85
     103
      79
      92
     100
     106
      86
      79
      93
      96
      71
      96
      79
      87
      96
      79
      93
      98
      96
      92
      96
      96
      97
      87
     106
     101
      93
      91
      99
      90
     107
      89
      89
     119
      84
     102
      98
      98
     129
     127
     125
      97
     108
     104
     109
      89
      94
      93
      97
      81
     101
      86
     103
     117
      87
      75
     104
      76
     101
     106
      98
     110
      88
     100
      97
      90
      93
      89
      74
      97
      81
     102
      79
      69
      92
      81
      89
      83
      91
      88
      90
     109
      86
      82
     102
      84
      86
     106
     123
     104
      97
      99
     106
      85
     108
      91
      99
      93
      98
     100
      85
      81
      86
      77
     107
     111
      99
      96
     101
      91
      99
     100
     109
      94
      88
      85
     106
     108
     114
     101
     100
      98
     112
      93
     120
     150
     144
     138
     140
     146
     138
     126
      99
     112
     109
      94
     100
     116
      83
      96
     110
      91
     112
     108
     102
     136
     149
     181
     225
     294
     377
     445
     470
     451
     423
     333
     276
     208
     170
     123
      99
     106
      89
      90
      80
      98
     102
      92
      91
      75
      79
      93
      84
      75
      88
      99
     105
      91
      79
     104
      89
     103
      80
      94
     102
      85
      90
      99
     108
     111
      90
      95
     116
      99
      89
     107
      82
      78
     102
      88
      80
      80
      88
      79
      96
     112
      89
      91
     101
      92
      91
      93
      86
     102
      96
      98
     112
     106
     101
     107
     101
     120
     120
     131
     132
     115
     111
     111
      93
     100
      94
      96
      80
      79
      85
      95
     108
      87
      92
     102
      91
      90
      91
      90
      99
     114
      92
      98
      90
      96
     103
      97
      90
     106
      95
      99
     120
      86
     104
     104
      87
     118
     116
     112
     112
     125
     127
     111
     120
     113
     133
     105
     113
     110
     115
     104
      93
     108
      96
     107
     110
     118
     108
      99
     120
     124
     121
     129
     110
      98
      99
      98
     104
      94
     104
      86
      91
     103
     118
     109
      82
      90
     100
      86
      81
     102
     101
      81
      81
      82
      83
      99
      95
     101
      94
     105
      92
      94
      97
      98
      81
      82
      81
     105
     111
     102
     112
      93
     106
      88
     106
      92
     116
      89
      85
      82
      90
     102
      92
      96
      76
     103
     104
     105
     103
      87
     108
      83
      73
      91
      90
     109
      92
     101
      98
     105
      96
      95
      88
      98
      95
      99
      99
      86
      81
     100
      83
      85
      85
     100
      97
     115
     105
     112
      95
      75
      83
     108
      81
      86
      89
     101
     104
      73
     101
      85
      97
      96
     100
     104
     114
     111
      99
     125
     113
     112
     129
     118
      96
      94
      94
     110
      87
     107
      96
     107
      93
      93
      90
      97
      86
     101
      95
      84
      86
      82
     109
      92
      89
      94
      96
     104
      84
     105
      89
      93
      95
     105
      88
      90
      96
      85
      87
     123
     100
     102
      94
     115
     108
      97
     111
      89
     100
     102
      98
     103
      73
      86
      99
      90
      77
      91
     106
     111
     105
      87
      96
      83
      88
     108
      94
      97
      81
     104
      94
      89
      93
     102
      84
      84
     100
      90
      96
      96
      96
      98
      77
      87
      94
      97
      80
      75
      81
      93
      81
      88
      79
      81
     109
     104
     100
      97
     106
      95
      84
      94
      99
      86
      93
      78
      87
      84
      87
      78
      82
      80
      83
      75
      94
      97
      94
      79
      60
      92
     104
      86
      91
      88
      98
      75
      83
     107
      78
      83
      77
      91
      82
      77
      93
      86
      83
      84
      79
      88
     100
     105
      84
      80
      79
      95
      85
      85
      85
      86
      77
      57
      85
      85
      92
      83
      99
      98
      87
      93
      94
      84
      72
      76
      70
      73
      95
      87
      89
      83
      99
      74
     101
      89
      82
      81
      82
      71
      92
      80
      88
      83
      77
      89
      76
      83
      83
      74
      75
      83
      77
      92
      82
      75
      83
      77
      77
      93
      93
      86
      92
     101
      91
     102
      87
      97
      74
      94
      73
      98
      84
      77
      90
      92
      77
      82
      92
      95
      96
      99
      96
      96
      90
      91
      87
      86
      82
      79
      92
      77
      77
      88
      67
     105
      77
      94
      82
      87
      88
      85
      78
      83
      98
      86
      90
      81
      78
      83
      86
      84
      95
      73
      85
      87
      81
      93
      99
      85
      63
      85
      89
      72
      78
      94
      94
      73
      76
      77
      75
      92
      93
      84
      83
      83
      71
      72
      84
      71
      64
      98
      98
      79
      86
      84
      84
      78
      92
      81
      74
      69
      93
      77
      77
      77
     102
      87
      81
      73
      79
      82
      90
      90
      81
      67
      75
      78
     101
      90
      79
      84
      87
      86
      92
      80
      97
      94
      90
      72
      76
     102
     100
      96
      89
      76
      83
      75
      94
      84
      98
      78
      79
      85
      79
      74
      77
      71
      76
      83
      82
      66
      77
      87
      86
      94
      74
      93
      72
      83
      71
      82
      73
      81
      94
      72
      98
      85
      91
      73
      86
      85
      82
      79
      76
      76
      89
      74
      87
      76
      85
      89
      79
      78
      83
      93
      89
      81
      89
      94
      87
      74
      80
      77
      81
      90
      89
      82
      81
      71
      98
      85
      77
      82
      84
      78
      80
      92
      75
      83
      69
      76
      65
      68
      75
      84
      79
      77
      75
      78
      78
      86
      84
      66
      67
      80
      95
      91
      67
      94
      69
      80
      87
      73
      85
      80
      77
      73
      77
      72
      74
      91
      89
      79
      80
      83
      70
      76
      77
      77
      70
      89
      83
      84
      92
      79
      88
     120
     131
     117
     132
     167
     189
     243
     334
     386
     437
     475
     541
     484
     513
     467
     369
     320
     274
     181
     170
     106
     133
      82
     105
     104
     105
     105
     103
     102
      99
      90
     105
      87
      83
      91
      94
      84
      86
      83
      85
      77
      87
      87
      78
      97
     105
     102
     144
     169
     216
     255
     223
     259
     238
     253
     231
     172
     153
     126
      98
      99
      84
      95
      85
      97
      66
      95
      92
      75
      76
      81
      68
      79
      70
      73
      74
      85
      74
      77
      86
      88
      82
      94
      95
      76
      81
      72
      83
      70
      81
      96
      70
      78
      92
      73
      89
      74
      83
      67
      92
      81
      90
      89
      86
      79
      88
      81
      62
      97
      88
      77
      76
      60
      81
     101
      68
      94
      79
      88
      76
      76
      88
      79
      81
      57
      69
      77
      95
      87
      74
      87
      80
      82
      89
      85
      90
      96
      78
      81
      79
      79
      80
      78
      81
      88
      91
      76
      74
      73
      89
      71
      78
      88
      91
      85
     115
      94
      73
      80
      82
      86
      70
      71
      85
      80
      77
      87
      86
      86
      76
      97
      69
      80
      75
      85
      71
      88
      88
      81
      78
      82
      78
      76
      93
      90
      79
      82
      76
      95
      68
      93
      79
      79
     103
      89
      84
      93
      84
      81
      80
      87
      90
      71
      80
      92
      89
      96
      88
      83
      77
      81
      68
      99
      80
      93
      92
      82
      82
      69
      77
      93
      75
      94
      69
      81
      87
      92
      70
      86
      86
      86
      80
      88
      85
      88
     124
      81
      94
      71
      81
      79
      87
      77
      78
     100
      84
      88
      67
      94
     104
     105
     105
      97
      93
      92
      78
      98
      98
      91
      75
      84
      95
      95
      68
      88
      90
      91
      87
      93
      99
      92
      70
     106
      82
     101
     114
     103
     107
     145
     189
     279
     394
     545
     649
     711
     830
     811
     676
     615
     465
     353
     250
     159
     107
      98
     112
      89
     101
      73
      95
      90
      67
      92
      89
      86
      89
      80
      72
      91
      80
     102
      75
      76
     102
      90
      69
      90
      74
      72
      75
     104
      88
      87
      86
      90
      80
      89
      95
      93
     108
      92
      82
      95
     104
      86
     105
      90
      99
      92
     104
      91
      97
      99
      94
      78
      90
      78
      80
      89
      79
      82
      91
      83
      83
      81
      86
      94
      81
      89
      83
      83
      85
      92
      84
      87
      88
      70
      69
      95
      96
      91
      88
      80
     101
      85
      78
      89
      78
      85
      73
      69
      85
      85
      86
      74
      85
      87
      74
      76
      83
      97
      88
      99
     100
      83
      73
      88
      78
      81
      95
      85
      90
      80
      90
      95
      81
      98
      80
     101
      93
      97
      76
      79
     101
      90
      90
      83
      83
     102
     104
      97
      78
      83
      73
      84
      90
     101
      70
      93
      94
      88
      99
      91
     101
      99
      88
      94
      97
      90
      96
      77
      91
      97
      99
      84
      79
      73
      99
      93
      78
     100
      65
      80
      76
      88
      92
      94
      96
      81
      83
      76
      79
      97
      92
     106
      79
      88
      95
      91
     101
     105
      90
     106
      88
      97
     104
      85
      88
      79
      95
      89
      87
      79
      79
      95
     100
      99
      88
      80
      88
      86
      88
      84
      86
     100
      82
      86
      99
      78
      92
      88
      80
      97
      84
     116
      94
      94
      86
      73
      93
      90
     103
      72
      93
      92
      99
      98
      99
      81
     106
      87
      83
      94
     118
     116
     132
     138
     142
     151
     147
     132
     122
     116
      98
     120
      99
     105
      80
      88
      85
      93
      95
      89
      83
      88
      97
      83
      98
      90
      95
      95
      97
      85
      90
      89
      82
      80
     101
     109
      82
      88
     103
      91
      68
      92
      81
      74
      89
      92
      91
      88
      88
      89
      99
      86
      96
      90
     101
      97
     107
      95
      81
      92
      83
      99
     103
     110
      97
     102
     108
      94
      94
      97
      99
     106
      70
      99
      91
     113
      92
      77
     118
      88
     103
     110
      92
     103
     101
      96
      98
      88
     111
     100
      87
      91
      96
      99
      86
      96
      94
      87
      99
      93
     118
     104
     101
      95
     107
      91
      99
      99
      93
      91
     106
     104
     112
     118
     104
      93
      96
      92
     100
      90
      92
      77
     104
     124
     104
      99
      93
      94
     104
      95
      94
      98
      97
     125
     105
      93
      88
      96
      94
     112
      94
      81
     116
     105
     105
     103
      88
      85
     108
     108
      99
      92
      98
     112
      96
     111
      98
     106
      99
     102
     103
     102
     116
      94
     109
     121
     122
      98
     103
     112
      94
      96
     119
      83
     100
     117
     103
     108
     103
     104
     106
     104
     104
     106
      99
     102
     105
      99
     120
     110
     100
     103
     100
     104
     130
      85
     102
     113
     110
      93
     108
     104
     101
      98
     124
     102
     104
     101
     102
     103
     124
     104
     128
      80
     115
     100
      95
     106
     100
     100
     109
     113
     105
     104
      91
     120
     103
      94
      99
      99
      98
      90
      89
     115
      91
      95
     118
     100
      87
     108
      87
      92
     103
      76
      97
      95
     115
      84
     104
      92
      97
      66
      97
      97
      90
      82
      90
      94
      84
      97
      81
      77
      88
      77
      87
      72
      86
      99
      79
      85
      73
      83
      74
      97
      89
      77
      83
      75
      79
      87
      78
      87
      68
      77
      90
      81
      65
      94
      79
      71
      73
      73
      66
      78
      78
      84
      74
      76
      97
      64
      66
      72
      69
      72
      72
      80
      68
      74
      81
      74
      79
      72
      89
      68
      83
      73
      82
      71
      85
      79
      73
      58
      66
      70
      73
      75
      65
      74
      72
      77
      75
      83
      65
      78
      51
      72
      67
      72
      90
      76
      77
      85
      80
      77
      66
      59
      78
      87
      71
      61
      83
      73
      81
      66
      62
      68
      74
      91
      82
      79
      72
      90
      77
      51
      73
      72
      62
      53
      60
      73
      61
      73
      59
      78
      63
      78
      57
      65
      70
      73
      66
      69
      59
      53
      69
      62
      64
      80
      60
      65
      69
      72
      68
      72
      82
      68
      72
      65
      49
      68
      63
      75
      71
      71
      44
      65
      71
      48
      73
      65
      70
      66
      64
      64
      69
      66
      65
      74
     107
     102
     104
     155
     172
     200
     229
     302
     267
     264
     227
     188
     159
     121
     106
      66
      67
      70
      58
      74
      70
      61
      64
      70
      64
      56
      77
      43
      62
      47
      56
      44
      60
      62
      58
      59
      80
      77
      55
      68
      70
      54
      72
      65
      54
      53
      54
      62
      68
      57
      64
      63
      47
      49
      61
      58
      66
      57
      69
      65
      73
      52
      71
      55
      40
      50
      55
      48
      58
      40
      62
      53
      57
      43
      52
      45
      53
      70
      67
      39
      44
      63
      48
      50
      49
      37
      41
      57
      48
      46
      57
      54
      38
      48
      48
      44
      46
      59
      34
      35
      49
      50
      58
      52
      53
      40
      43
      56
      46
      60
      48
      50
      34
      39
      56
      38
      29
      38
      47
      46
      51
      41
      45
      57
      43
      36
      32
      51
      41
      37
      43
      45
      30
      43
      48
      38
      40
      38
      44
      53
      53
      39
      36
      51
      47
      42
      46
      54
      42
      37
      34
      38
      35
      51
      35
      50
      36
      38
      35
      39
      45
      40
      48
      34
      41
      37
      29
      41
      39
      45
      38
      25
      40
      40
      31
      35
      35
      31
      42
      42
      31
      34
      40
      25
      32
      26
      41
      32
      35
      40
      38
      42
      40
      28
      30
      45
      35
      42
      40
      31
      18
      33
      38
      38
      32
      38
      40
      29
      30
      34
      37
      32
      28
      34
      37
      41
      32
      36
      30
      38
      28
      26
      26
      29
      37
      30
      39
      36
      38
      32
      33
      28
      31
      25
      22
      24
      32
      32
      31
      33
      34
      30
      32
      38
      25
      27
      34
      30
      22
      23
      25
      23
      24
      28
      35
      29
      27
      29
      37
      33
      35
      23
      28
      33
      38
      27
      37
      31
      39
      21
      23
      30
      35
      21
      25
      33
      24
      34
      26
      28
      22
      28
      25
      22
      24
      31
      28
      26
      38
      22
      32
      36
      35
      29
      35
      29
      23
      31
      30
      25
      31
      31
      31
      17
      20
      29
      24
      40
      21
      25
      23
      29
      29
      34
      30
      30
      29
      37
      23
      25
      30
      38
      31
      20
      28
      26
      25
      16
      29
      18
      27
      22
      33
      18
      26
      39
      33
      26
      32
      37
      30
      21
      28
      24
      33
      29
      23
      19
      27
      16
      30
      29
      38
      21
      24
      27
      34
      30
      24
      25
      32
      32
      32
      34
      25
      25
      25
      22
      31
      30
      31
      33
      30
      26
      27
      39
      27
      25
      29
      25
      31
      33
      24
      33
      27
      22
      31
      29
      30
      22
      30
      36
      29
      19
      24
      30
      21
      32
      25
      34
      16
      28
      24
      20
      30
      23
      26
      36
      35
      44
      24
      31
      31
      30
      23
      28
      25
      27
      24
      27
      30
      32
      27
      26
      42
      44
      38
      38
      31
      36
      29
      25
      27
      32
      38
      23
      31
      40
      34
      31
      39
      35
      28
      37
      38
      40
      39
      54
      60
      66
      84
     107
     189
     304
     419
     709
    1037
    1487
    2096
    2823
    3350
    3719
    3930
    3841
    3404
    2831
    2189
    1506
     928
     569
     291
     155
      87
      56
      36
      21
      27
      26
      23
      26
      31
      25
      23
      26
      24
      22
      19
      17
      24
      25
      23
      23
      20
      15
      31
      19
      18
      20
      21
      22
      23
      15
      18
      19
      17
      16
      21
      18
      23
      27
      21
      34
      37
      51
      48
      69
      79
      71
      60
      71
      59
      34
      37
      21
       9
      22
      19
      20
      26
      14
      12
      14
      18
      14
      18
      13
      19
      23
      24
      18
      21
      24
      17
      22
      21
      22
      18
      18
      11
      20
      27
      34
      16
      15
      13
      20
      22
      16
      20
      21
      19
      23
      27
      16
      17
      12
      10
      11
      17
      17
      17
      22
      17
      28
      14
      22
      15
      19
      23
      19
      23
      19
      18
      18
      21
      17
      19
      19
      18
      18
      15
      14
      17
      15
      14
      13
      12
      15
      13
      19
      10
      13
      13
       8
      15
      20
      15
      22
      13
      11
      10
      15
      17
      11
      17
      17
      19
      12
      27
      18
      18
      19
      22
      19
      26
      20
      21
      23
      19
      17
      15
      13
      15
      14
      20
      19
      12
      21
      17
      21
      24
      17
       9
      20
      13
      17
      23
      17
      15
      15
      21
      21
      19
      24
      28
      20
      19
      18
      34
      28
      26
      17
      15
      19
      13
      22
      13
      20
      16
      24
      18
      18
      21
      19
      10
      21
      18
      16
      18
      18
      18
      21
      24
      25
      16
      16
      22
      12
      14
      13
      10
      19
      21
      19
      18
      17
      27
      24
      16
      14
      11
      13
      21
      16
      19
      22
      20
      26
      16
      17
      14
      15
      24
      13
      18
      18
      20
      13
      15
      12
      12
      17
      17
      18
      20
      10
      15
      13
      18
      21
      14
      28
      14
      20
      15
      21
      21
      16
      13
      10
      11
      23
      25
       9
      17
      20
      13
      15
      27
      12
      20
      14
      20
      14
      17
      21
      23
      10
      15
      19
      23
      11
      17
      18
      19
      18
      17
      19
      14
      18
      21
      19
      18
      18
      20
      14
      20
      21
      19
      14
      17
      16
      14
      13
      23
      14
      21
      14
      16
      15
      19
      15
      26
      19
      13
      11
      16
      20
       9
       9
      19
      16
      16
      11
      20
      20
      15
      13
      16
      14
      24
      11
      17
      19
      17
      13
      24
      24
      14
      13
      14
      13
      18
      16
      19
       8
       8
      21
      17
      15
      17
      17
      22
      15
      20
      15
      19
      15
      15
      24
      17
      14
      12
      15
      13
      13
      13
      23
      12
      15
      12
      15
      18
      19
      18
      18
      10
      14
      11
      11
      20
      19
      16
      13
      17
      20
      12
      26
      12
      13
      19
      17
      10
      13
      20
      12
      10
      21
      14
      25
      18
      16
      20
      18
      20
      17
      20
      20
      15
      13
      13
      15
      15
      13
      14
      19
      10
      22
      14
      18
      15
      20
      12
      18
      11
      22
      14
      15
      12
      24
      16
      14
      11
      23
      12
      18
      16
      16
      16
      18
      16
      18
      17
      17
      17
      13
      17
      12
      26
      21
      21
      12
      12
      11
      22
      10
      17
      12
      14
      18
      15
      14
       8
      18
      14
      13
      15
      14
      16
      17
      20
       9
      12
      17
      20
      16
      13
      15
      20
      17
      13
      19
      25
      13
      21
      13
      19
      15
      16
      11
       7
      21
      15
      15
      18
      16
      18
      20
      13
      13
      13
      13
      19
      20
      25
      15
      15
      15
      17
      14
      26
      16
      13
      13
      15
      13
      13
      11
      23
      16
      11
      11
       8
      16
      10
      13
      14
      19
      10
      15
      21
      14
       9
      19
      22
      21
      19
      19
      18
      21
      15
      17
      16
      23
      18
      10
      24
      23
      13
      17
      26
      16
      16
      16
      16
       9
      16
      16
      15
      15
      17
      17
      19
      13
      14
       9
      13
      12
      18
      13
      19
      25
      14
      12
      13
      17
      14
      16
      23
      19
      16
      17
      15
      17
      15
      16
      16
      18
      13
       8
      10
      14
      20
      14
      14
      18
      12
      17
      14
      17
       9
      19
      12
      14
      11
      14
       9
      10
       8
      16
      16
      22
      12
      18
      25
      13
      17
      13
      14
      16
      13
      10
      14
      15
       8
       5
      17
      12
      18
      10
       9
      15
      19
      12
      15
      16
      12
      14
      11
      15
      20
      15
      24
      21
      16
      15
       9
      12
      10
      13
      13
      13
      25
      17
      14
       7
       9
      26
      13
      18
      16
       6
      21
      16
      10
      12
      10
       8
      12
      13
      13
      20
      12
      10
      14
      11
      15
      15
      15
       9
      12
      18
      17
      15
      14
      16
      11
      12
      17
      14
      12
      16
      13
      15
      15
      13
      20
      15
      19
      15
      15
      12
      15
      14
      19
      22
      20
      12
      14
      10
      13
      17
      12
      11
      19
      17
      12
      10
      17
      13
      15
      15
      13
      16
      13
       7
      18
      13
      16
      20
      11
      15
      19
      17
      21
      31
      12
      19
      16
      15
      12
      20
      22
      19
      11
      12
      19
      15
      17
      15
      14
      14
      16
      16
      11
      10
       8
      12
      14
       7
      11
      14
      12
      16
      14
      19
      22
      19
      17
      22
      14
      14
      16
      15
      14
      10
      18
      17
      11
      15
      15
      13
       9
      11
      17
      10
      18
      25
      16
      17
       7
      21
       6
      18
      19
      14
      14
      10
      16
      11
      17
      19
      12
      15
      16
      15
      11
      20
      20
      14
      19
      10
      12
      11
      21
      21
      12
      16
      16
      19
      12
       8
       7
      12
      14
       9
      14
      15
      12
      14
      18
      12
      11
      23
      13
      16
      17
      23
      14
      17
      21
      15
      13
      12
      15
      23
      15
      15
      10
      17
      17
      17
      17
      15
      11
      12
      15
      13
      16
      12
      14
      25
      22
      42
      65
      58
     113
     178
     164
     186
     162
     164
     160
     146
     112
     250
     666
    1712
    2866
    9641
   13451
   15708
   27946
   48149
   49943
   49788
   39801
   34650
   30031
   26418
   19649
   11845
    6033
    3830
    3303
    2959
    2784
    2498
    2347
    2246
    2091
    1813
    1802
    1672
    1563
    1457
    1411
    1358
    1220
    1215
    1089
    1015
    1024
     969
     897
     835
     795
     727
     701
     643
     604
     578
     482
     487
     511
     521
     438
     501
     491
     478
     483
     453
     471
     479
     401
     438
     415
     382
     345
     301
     231
     196
     155
     120
      96
     104
      70
      76
      83
      76
     103
      83
      73
      91
      99
      81
      92
      84
      77
      80
      90
      76
      78
     107
      80
      85
      77
      85
      88
      83
      66
      90
     109
     103
     106
     105
     104
     128
     146
     133
     138
     162
     168
     182
     164
     176
     160
     187
     188
     209
     206
     224
     272
     253
     383
     506
     669
     722
     494
     320
     117
      18
       9
       4
       1
       0
       0
       0
       0
       0
       0
       0
       0
       0
       0
       0
       0
       0
       0
       0
       0
       0
       0
       0
       0
       0
       0
       0
       0
       0
       0
       0
       0
       0
       0
       0
       0
       0
       0
       0
       0
       0
       0
       0
       0
       0
       0
       1
       0
       0
       0
       0
       0
       0
       0
       0
       0
       0
       0
       0
       0
       0
       0
       0
       0
       0
       0
       0
$ROI:
0
$PRESETS:
None
0
0
$ENER_FIT:
16.649799 0.362015
$MCA_CAL:
3
1.664980E+001 3.620150E-001 2.667330E-007 keV
$SHAPE_CAL:
3
2.137440E+000 1.170910E-003 -6.987340E-008
