$SPEC_ID:
Background_Lab7
$SPEC_REM:
DET# 1
DETDESC# Rayleigh
AP# Maestro-PRO Version 9, 0, 2, 0
$DATE_MEA:
10/17/2025 17:31:36
$MEAS_TIM:
247136.18 247438.96
$DATA:
0 8191
       0
       0
       0
       0
       0
       0
       0
       0
       0
       0
       0
       0
       0
       0
       0
       0
       0
       0
       0
       0
       0
       0
       0
       0
       0
       1
      12
      78
     158
     537
     792
     753
     777
     739
     714
     800
     761
     794
     757
     698
     749
     704
     663
     745
     723
     711
     767
     696
     738
     712
     649
     692
     765
     650
     689
     697
     719
     684
     727
     712
     664
     681
     668
     684
     668
     706
     683
     671
     691
     676
     667
     679
     658
     638
     690
     676
     720
     693
     670
     713
     731
     640
     700
     748
     723
     829
     692
     713
     649
     616
     626
     606
     668
     619
     632
     664
     631
     644
     618
     618
     635
     623
     657
     659
     669
     635
     646
     686
     652
     660
     688
     621
     665
     673
     665
     650
     679
     709
     715
     668
     670
     723
     709
     678
     733
     737
     721
     743
     731
     827
     915
    1057
     944
     797
     781
     719
     700
     674
     764
     787
     746
     752
     717
     745
     774
     737
     707
     787
     776
     819
     798
     822
     831
     824
     864
     861
     973
    1028
    1057
     983
     955
    1117
    1515
    1915
    1871
    1212
     959
    1073
    1281
    1900
    1904
    1251
     832
     702
     779
     740
     771
     721
     724
     747
     763
     824
     770
     758
     749
     786
     778
     849
     992
    1015
    1117
    1048
     948
     800
     819
     875
    1101
    1212
    1313
    1081
     845
     781
     761
     822
    1008
    1095
     983
     881
     747
     787
     963
    1311
    1668
    1710
    1415
    1123
     874
     756
     738
     794
     707
     692
     730
     647
     660
     725
     739
     755
     776
     806
     791
     785
     772
     761
     687
     656
     691
     684
     706
     723
     702
     714
     691
     675
     719
     716
     742
     796
     753
     834
     777
     715
     698
     734
     708
     698
     781
     746
     758
     768
     698
     725
     737
     734
     734
     797
     711
     804
     799
     830
     711
     754
     740
     743
     726
     759
     805
     756
     800
     766
     751
     791
     746
     717
     727
     731
     698
     722
     796
     658
     780
     753
     705
     804
     732
     769
     798
     765
     782
     770
     734
     752
     724
     747
     781
     779
     682
     780
     780
     733
     756
     822
     884
     954
     975
     883
     808
     747
     762
     770
     813
     783
     782
     781
     808
     779
     786
     801
     786
     789
     748
     774
     802
     748
     740
     755
     765
     752
     783
     799
     736
     788
     777
     801
     874
     781
     765
     747
     793
     701
     813
     811
     747
     874
     916
     893
     888
     770
     763
     778
     753
     792
     783
     768
     757
     771
     778
     752
     730
     737
     771
     745
     742
     776
     787
     764
     769
     718
     823
     768
     780
     766
     845
     898
     847
     770
     729
     750
     774
     769
     774
     764
     746
     734
     720
     791
     785
     748
     759
     700
     776
     795
     731
     731
     745
     781
     762
     810
     769
     861
     754
     718
     698
     716
     750
     752
     703
     762
     729
     706
     755
     734
     719
     723
     727
     731
     731
     689
     708
     706
     797
     719
     736
     782
     766
     739
     769
     719
     740
     754
     723
     765
     774
     743
     731
     687
     738
     740
     705
     770
     689
     730
     730
     711
     704
     752
     706
     718
     721
     716
     751
     708
     703
     760
     699
     730
     778
     720
     844
    1103
    1430
    1799
    1676
    1258
     803
     729
     709
     687
     729
     771
     703
     702
     703
     660
     661
     725
     686
     698
     745
     701
     759
     745
     723
     724
     708
     744
     717
     732
     726
     672
     716
     666
     694
     708
     733
     762
     731
     790
     694
     700
     718
     702
     682
     684
     720
     718
     684
     707
     669
     677
     707
     696
     696
     725
     765
     748
     763
     691
     684
     653
     673
     626
     670
     752
     754
     990
    1100
    1009
     782
     662
     643
     700
     664
     706
     678
     710
     618
     682
     649
     672
     666
     703
     643
     665
     684
     691
     643
     682
     660
     721
     630
     644
     602
     693
     628
     685
     650
     657
     703
     635
     678
     663
     650
     648
     709
     648
     617
     671
     634
     639
     658
     625
     663
     674
     689
     653
     654
     616
     623
     641
     646
     645
     608
     675
     659
     584
     644
     624
     622
     657
     664
     650
     664
     634
     700
     656
     686
     668
     700
     689
     697
     739
     678
     707
     854
    1475
    2783
    4212
    4579
    2714
    1142
     712
     767
     876
    1017
    1162
    1138
    1135
    1018
     698
     576
     599
     559
     617
     577
     598
     563
     576
     560
     569
     562
     590
     620
     563
     578
     561
     542
     582
     580
     564
     547
     547
     588
     560
     596
     535
     602
     575
     541
     588
     554
     519
     553
     517
     527
     519
     552
     569
     515
     582
     585
     589
     546
     577
     586
     550
     566
     523
     567
     516
     549
     540
     542
     508
     497
     539
     571
     563
     513
     485
     552
     553
     505
     571
     536
     516
     510
     524
     483
     476
     552
     503
     594
     665
     722
     829
     738
     704
     589
     525
     507
     488
     503
     533
     503
     547
     540
     487
     571
     553
     531
     507
     561
     573
     622
     701
     660
     627
     499
     538
     517
     493
     513
     530
     484
     491
     540
     518
     516
     473
     503
     508
     500
     518
     499
     492
     542
     540
     476
     466
     480
     497
     468
     536
     529
     537
     485
     507
     520
     543
     512
     525
     451
     470
     487
     485
     519
     502
     469
     480
     496
     611
     814
    1200
    1673
    1629
    1071
     639
     499
     477
     514
     484
     468
     493
     476
     534
     568
     674
     706
     622
     571
     531
     468
     447
     459
     452
     453
     549
     459
     423
     441
     513
     488
     483
     446
     472
     501
     461
     435
     427
     477
     432
     453
     428
     422
     435
     463
     448
     454
     476
     471
     427
     450
     461
     472
     450
     474
     446
     477
     405
     465
     436
     460
     431
     457
     453
     424
     451
     450
     428
     441
     449
     430
     450
     417
     455
     445
     458
     451
     453
     414
     434
     475
     472
     465
     460
     443
     450
     414
     462
     461
     477
     457
     533
     575
     674
     582
     533
     424
     457
     436
     415
     404
     454
     470
     456
     455
     466
     475
     469
     429
     395
     427
     410
     393
     419
     443
     426
     429
     400
     446
     566
     763
    1071
    1262
    1003
     701
     474
     431
     426
     451
     471
     406
     450
     401
     425
     405
     422
     480
     392
     417
     421
     417
     389
     417
     394
     424
     387
     405
     401
     432
     455
     436
     415
     411
     428
     420
     462
     573
     977
    1600
    2343
    2610
    1758
     892
     482
     389
     421
     370
     405
     394
     417
     379
     374
     384
     411
     422
     385
     416
     388
     394
     403
     383
     396
     341
     396
     423
     368
     374
     384
     373
     354
     373
     385
     354
     350
     369
     355
     394
     380
     350
     366
     349
     415
     348
     353
     399
     379
     394
     341
     323
     375
     371
     395
     353
     378
     379
     370
     372
     359
     335
     336
     396
     352
     382
     355
     345
     355
     346
     372
     357
     344
     364
     372
     356
     339
     421
     378
     379
     349
     355
     364
     393
     347
     354
     359
     382
     391
     392
     355
     412
     316
     360
     395
     352
     359
     372
     370
     412
     379
     367
     379
     348
     432
     361
     342
     367
     364
     360
     360
     362
     371
     353
     357
     378
     335
     380
     345
     355
     374
     359
     335
     378
     341
     376
     370
     347
     363
     354
     348
     341
     437
     339
     402
     359
     325
     342
     368
     343
     362
     382
     363
     384
     349
     355
     350
     333
     332
     351
     378
     339
     369
     326
     333
     335
     352
     365
     351
     372
     407
     442
     428
     441
     395
     345
     366
     340
     338
     333
     325
     323
     342
     337
     333
     335
     311
     318
     315
     337
     360
     339
     329
     341
     361
     331
     310
     320
     364
     329
     355
     330
     343
     366
     356
     343
     269
     339
     286
     337
     314
     320
     329
     334
     369
     309
     308
     340
     324
     325
     330
     317
     354
     291
     345
     337
     311
     323
     304
     304
     324
     297
     279
     337
     355
     291
     321
     321
     302
     351
     298
     319
     347
     317
     321
     306
     294
     295
     314
     302
     290
     335
     330
     327
     344
     312
     306
     343
     314
     302
     316
     305
     303
     279
     334
     340
     314
     280
     285
     317
     290
     343
     277
     338
     287
     296
     338
     293
     307
     293
     299
     303
     305
     275
     317
     271
     299
     272
     307
     317
     301
     312
     332
     317
     328
     299
     310
     310
     314
     311
     313
     297
     313
     287
     334
     288
     316
     309
     283
     265
     274
     312
     285
     293
     290
     305
     299
     338
     381
     421
     528
     549
     485
     383
     312
     304
     266
     288
     274
     275
     274
     311
     273
     316
     306
     279
     275
     330
     292
     328
     321
     298
     297
     280
     292
     280
     275
     283
     288
     268
     291
     291
     286
     260
     292
     271
     278
     280
     243
     274
     266
     302
     287
     313
     281
     276
     287
     307
     310
     279
     318
     278
     278
     293
     289
     270
     282
     287
     278
     291
     288
     292
     292
     274
     246
     301
     269
     300
     274
     282
     278
     284
     306
     306
     275
     313
     255
     296
     273
     262
     298
     273
     258
     281
     293
     264
     283
     265
     271
     288
     284
     271
     249
     287
     265
     318
     324
     278
     267
     276
     264
     277
     282
     268
     283
     241
     294
     260
     254
     264
     278
     293
     278
     285
     281
     277
     282
     277
     244
     286
     299
     295
     284
     302
     349
     337
     384
     457
     591
     703
     965
    1244
    1507
    1734
    1619
    1413
    1085
     880
     672
     491
     425
     368
     330
     307
     240
     289
     269
     248
     271
     264
     272
     245
     261
     229
     242
     244
     258
     281
     255
     250
     270
     263
     239
     256
     253
     244
     287
     239
     226
     240
     272
     257
     267
     241
     249
     274
     258
     251
     226
     226
     253
     253
     239
     248
     240
     243
     234
     250
     229
     265
     253
     241
     235
     248
     260
     259
     261
     281
     285
     254
     248
     225
     234
     236
     245
     242
     232
     226
     263
     245
     248
     251
     248
     239
     257
     216
     243
     230
     265
     251
     234
     241
     277
     235
     240
     244
     231
     216
     226
     246
     224
     258
     264
     247
     231
     244
     243
     231
     287
     243
     236
     239
     238
     242
     236
     255
     232
     245
     258
     229
     247
     243
     225
     248
     223
     249
     228
     234
     261
     244
     235
     233
     261
     226
     228
     233
     224
     243
     220
     255
     226
     225
     241
     232
     206
     260
     308
     278
     280
     225
     241
     248
     261
     196
     238
     234
     232
     202
     233
     214
     222
     272
     266
     257
     238
     253
     226
     220
     232
     227
     250
     234
     223
     258
     221
     198
     236
     236
     237
     250
     262
     252
     232
     227
     227
     238
     227
     235
     251
     240
     224
     249
     253
     236
     257
     249
     258
     263
     281
     277
     354
     690
    1132
    1546
    1690
    1243
     744
     418
     264
     215
     218
     189
     233
     260
     238
     206
     227
     209
     211
     225
     203
     231
     256
     199
     231
     204
     224
     226
     219
     232
     236
     217
     219
     217
     213
     242
     243
     227
     241
     243
     236
     246
     229
     254
     245
     238
     230
     246
     246
     243
     218
     193
     220
     201
     220
     238
     210
     230
     238
     215
     229
     223
     236
     222
     248
     211
     235
     227
     211
     226
     221
     249
     370
     622
    1151
    1875
    2169
    2051
    1374
     653
     370
     221
     227
     211
     188
     203
     205
     208
     207
     175
     197
     240
     217
     230
     207
     205
     219
     204
     208
     200
     239
     197
     198
     228
     216
     226
     231
     232
     213
     218
     186
     210
     199
     196
     204
     204
     210
     207
     223
     185
     216
     203
     196
     219
     190
     207
     210
     200
     190
     221
     195
     219
     198
     183
     213
     199
     200
     196
     206
     219
     221
     210
     175
     197
     186
     215
     203
     185
     198
     182
     203
     196
     236
     189
     215
     210
     192
     188
     191
     190
     210
     205
     220
     194
     184
     205
     190
     197
     210
     224
     211
     195
     225
     215
     186
     183
     181
     198
     181
     185
     194
     183
     181
     184
     205
     185
     206
     190
     178
     187
     200
     182
     209
     186
     200
     195
     195
     194
     209
     191
     193
     182
     206
     208
     192
     186
     187
     179
     194
     198
     196
     171
     195
     189
     208
     195
     198
     228
     267
     320
     500
     607
     588
     447
     300
     249
     193
     197
     215
     221
     230
     248
     241
     257
     201
     202
     197
     209
     180
     208
     215
     171
     185
     223
     159
     179
     195
     209
     202
     192
     199
     189
     172
     195
     182
     199
     178
     200
     184
     184
     156
     208
     196
     188
     172
     206
     196
     193
     208
     175
     205
     185
     182
     185
     195
     175
     216
     192
     199
     182
     184
     198
     202
     179
     197
     196
     197
     208
     164
     181
     159
     200
     179
     199
     183
     197
     182
     182
     191
     172
     181
     194
     227
     165
     169
     164
     214
     175
     201
     183
     202
     188
     183
     190
     179
     180
     202
     196
     196
     191
     212
     210
     214
     209
     208
     179
     194
     194
     184
     172
     195
     194
     202
     190
     211
     227
     208
     196
     191
     203
     204
     193
     178
     179
     193
     210
     188
     176
     196
     189
     234
     200
     202
     192
     205
     187
     157
     189
     196
     204
     189
     192
     173
     180
     210
     191
     169
     170
     163
     183
     175
     169
     180
     182
     179
     159
     188
     161
     142
     154
     209
     206
     227
     191
     210
     190
     202
     179
     168
     181
     182
     171
     181
     171
     172
     201
     155
     192
     206
     186
     255
     327
     404
     479
     456
     388
     292
     227
     145
     198
     157
     167
     185
     167
     191
     175
     202
     164
     183
     172
     171
     174
     181
     176
     166
     184
     183
     164
     176
     158
     173
     173
     164
     171
     193
     208
     173
     161
     178
     182
     174
     197
     152
     182
     173
     186
     195
     180
     177
     174
     202
     181
     182
     150
     168
     170
     170
     183
     163
     159
     163
     152
     168
     202
     169
     198
     186
     166
     173
     155
     185
     155
     196
     185
     177
     172
     170
     173
     179
     180
     179
     208
     211
     179
     177
     184
     139
     146
     146
     177
     165
     145
     187
     184
     164
     164
     165
     159
     175
     178
     173
     173
     188
     188
     194
     177
     206
     170
     171
     176
     196
     183
     204
     191
     254
     284
     321
     351
     333
     302
     234
     188
     182
     141
     163
     221
     222
     205
     224
     228
     200
     170
     161
     169
     165
     172
     162
     181
     176
     146
     178
     158
     166
     156
     156
     137
     169
     141
     141
     168
     168
     156
     155
     193
     180
     163
     150
     174
     146
     157
     164
     192
     174
     220
     204
     261
     223
     202
     198
     175
     162
     167
     152
     143
     174
     177
     159
     159
     168
     154
     156
     156
     156
     167
     155
     169
     153
     167
     199
     258
     291
     358
     309
     246
     235
     179
     148
     153
     167
     155
     156
     147
     168
     154
     140
     152
     152
     145
     180
     158
     181
     176
     163
     152
     148
     165
     159
     143
     179
     156
     211
     196
     196
     206
     179
     164
     159
     156
     133
     172
     156
     147
     169
     167
     142
     155
     130
     134
     160
     121
     149
     173
     159
     151
     147
     137
     120
     137
     145
     144
     163
     144
     154
     147
     145
     142
     154
     126
     137
     155
     153
     138
     150
     161
     148
     157
     146
     142
     136
     154
     146
     131
     146
     155
     151
     169
     150
     154
     150
     127
     142
     122
     137
     127
     146
     146
     156
     135
     150
     154
     162
     143
     165
     158
     157
     155
     153
     147
     158
     159
     129
     157
     169
     193
     222
     203
     195
     135
     131
     134
     150
     162
     161
     171
     186
     162
     177
     165
     179
     164
     156
     162
     118
     145
     182
     116
     146
     165
     131
     141
     137
     126
     136
     124
     139
     134
     142
     140
     141
     146
     153
     148
     141
     145
     161
     123
     135
     123
     137
     156
     162
     140
     155
     143
     140
     138
     145
     162
     139
     139
     135
     138
     144
     126
     140
     126
     170
     139
     131
     149
     223
     220
     335
     354
     316
     267
     195
     145
     169
     136
     146
     133
     156
     145
     132
     141
     149
     148
     144
     148
     135
     143
     128
     139
     136
     145
     139
     129
     114
     135
     142
     131
     133
     122
     131
     134
     162
     156
     149
     128
     134
     144
     136
     156
     118
     129
     142
     151
     150
     155
     152
     136
     150
     130
     150
     127
     124
     133
     155
     145
     130
     136
     141
     142
     137
     153
     125
     146
     163
     142
     133
     145
     141
     146
     147
     127
     141
     138
     112
     141
     142
     136
     131
     128
     139
     142
     136
     132
     150
     131
     143
     136
     150
     162
     154
     138
     129
     132
     146
     133
     113
     123
     154
     139
     144
     148
     149
     163
     110
     154
     139
     106
     140
     135
     124
     145
     146
     148
     148
     136
     156
     124
     174
     172
     168
     159
     135
     141
     155
     161
     141
     147
     139
     160
     141
     139
     146
     148
     182
     216
     376
     534
     840
    1115
    1171
     900
     647
     350
     221
     142
     142
     132
     145
     110
     132
     120
     137
     114
     143
     131
     150
     118
     132
     143
     142
     117
     131
     123
     126
     137
     128
     142
     138
     133
     122
     122
     125
     147
     123
     140
     124
     109
     136
     134
     124
     138
     132
     125
     131
     139
     143
     130
     129
     139
     119
     148
     150
     128
     132
     129
     118
     102
     133
     141
     165
     215
     219
     210
     224
     210
     175
     148
     116
     128
     122
     128
     131
     112
     132
     127
     138
     105
     120
     130
     119
     119
     115
     128
     131
     102
     116
     118
     113
     121
     151
     127
     131
     128
     137
     133
     116
     127
     151
     117
     142
     135
     135
     146
     156
     158
     165
     126
     151
     146
     140
     138
     160
     129
     148
     131
     142
     110
     121
     125
     109
     124
     125
     128
     103
     130
     120
     103
     135
     138
     144
     169
     131
     124
     148
     123
     116
     119
     115
     142
     124
     127
     130
     132
     158
     187
     251
     297
     326
     305
     265
     180
     161
     126
     140
     156
     244
     379
     523
     683
     790
     627
     470
     278
     187
     145
     133
     112
     116
     112
     113
     113
     125
     114
     126
     114
     110
     119
     142
     122
     125
     129
     129
     126
     114
     112
     100
     116
     113
     102
     128
     116
     104
     106
      99
     125
     126
     107
     125
     111
     128
     125
     111
     103
     104
     128
     113
      98
     117
     105
     113
     148
     122
     131
     103
     123
     120
     131
     116
     128
     103
     116
     114
     109
     140
     102
     125
     124
     101
     130
     127
     121
     129
     127
     124
     117
     118
     107
     143
     126
     108
     107
     121
     129
     146
     127
     148
     157
     204
     184
     182
     193
     145
     116
     109
     103
     116
     129
     116
     149
     135
     116
     127
     118
     120
     118
      91
     129
     114
      95
     114
     120
     110
     120
     124
     131
     115
     103
     111
     126
     116
     100
     117
     106
     113
     113
     134
     113
     118
     118
      93
     110
     140
     111
     112
     128
     109
     127
     132
     102
     118
     133
     116
     114
     123
     116
     125
     136
     114
     118
     118
     118
     121
      96
      95
     108
     120
     116
     113
     128
     101
     120
      98
     112
     125
     117
     121
     112
     102
      89
     104
     131
     120
     112
     128
     113
     135
     114
     128
     113
     117
     120
     110
     104
     108
     113
     123
     129
     104
     115
     107
     136
     102
     125
     111
     136
     111
     100
     114
     137
     106
     132
     118
     106
     111
     124
     116
     112
     113
     124
     109
     128
     125
     115
     105
     119
     112
     121
     104
     124
     117
     133
     115
     121
     116
     106
     127
     115
     123
     137
     120
     135
     135
     107
     115
     117
     115
     124
     110
     127
     109
      89
     112
     114
     105
     119
     104
     114
     124
     128
     126
      94
     115
     109
     121
     123
     112
     115
     124
     119
     114
     110
     114
     128
     128
     103
      96
     115
     121
     120
     107
     130
     119
     106
     138
     120
     116
     124
     147
     123
     121
     130
     123
     114
     108
     109
      85
     110
     111
     105
      99
     105
     109
      95
     123
     108
     101
     119
     104
     128
     131
     117
     135
     123
     137
     104
     133
     131
     110
     117
     115
     119
     134
     102
     113
     130
     121
     109
     122
      99
     116
     109
     115
     121
     103
     116
     116
     125
     113
      90
     122
     113
      96
     118
     108
     124
     106
     121
     125
     102
     109
     104
     113
     113
     137
     121
     124
     111
     124
     136
     118
     101
     127
     107
     123
     117
     113
     130
      97
      86
     121
     127
     121
     113
     114
     100
     112
     131
     100
     127
     123
     115
     116
     105
     126
     130
     129
     122
     137
     111
     122
     135
      93
     101
     113
     120
      92
     120
     138
     131
     144
     112
     141
     129
     122
     138
     126
     128
     101
     120
     110
     116
     113
     106
     106
     115
     119
     125
     114
     115
     105
     117
     119
     113
     134
     169
     264
     355
     460
     608
     637
     535
     417
     271
     164
     148
     122
     126
     107
     118
     122
     108
     114
     106
      96
     102
     117
     119
     106
     120
     115
      96
     100
     122
     104
     114
     108
     121
      99
     107
      97
     144
     126
     139
      90
     112
     120
     123
     118
     106
      95
     104
     117
     123
     105
     111
     127
     116
     129
     149
     106
     100
      86
     105
     101
     115
     132
     134
     113
     107
     103
     118
     120
     113
     111
     126
     126
     122
     110
     111
     105
     108
     105
     111
     107
     120
      98
     119
     117
     117
     127
     111
     101
     125
     110
     114
      99
     110
      98
     105
     116
     126
     130
     137
     154
     173
     166
     182
     163
     158
     144
     120
     103
     112
     103
     115
     126
     147
     117
     116
     105
     118
      95
     127
     131
     102
     111
     124
     112
     129
     115
     122
     155
     126
     109
     113
     117
     111
     128
     124
     115
     110
     118
     134
     121
     113
     108
     115
     115
     128
     111
     115
     100
     122
     119
     122
     106
     117
     126
     115
     110
     105
     111
     119
     120
     110
     137
     114
     110
     108
     113
     110
     118
     116
      99
     115
     109
     112
     106
     118
     130
     135
     129
     129
     115
     129
     115
     111
     121
     124
     109
     125
     127
     129
     102
      98
     112
     115
     113
     129
     116
     120
     117
     113
     117
     122
     120
     111
     109
     112
     129
     137
     118
     123
     106
     111
     121
     138
     125
     101
     127
     132
     130
     131
     110
     116
     119
     119
     111
     116
     119
     112
     103
     125
     112
     124
     133
     119
     123
     128
     115
     116
     128
     115
     119
     113
     126
     134
     114
     113
     123
     128
     135
     117
     142
     117
     122
     121
     125
     118
     125
     104
     111
     117
     123
     125
     112
     119
     125
     118
     125
     127
     125
     115
     120
     132
     133
     123
     115
     120
     112
     126
     111
     108
     110
     124
     114
     119
     137
     127
     129
      96
     113
     110
     127
     112
     115
     128
     110
     118
     113
     131
     139
     113
     135
     115
     117
     123
     113
     119
     116
     120
     123
     118
     113
     102
     108
     128
     124
     119
     111
     141
     138
     119
     109
     117
     107
     115
     100
     115
     114
     104
     165
     188
     211
     249
     303
     306
     291
     237
     176
     136
     132
      99
     137
     113
     128
      99
     117
     116
     106
     109
     106
     103
     108
     102
     108
     129
     102
     145
     117
     113
     128
     110
     113
     100
      93
     103
      93
     107
      95
     110
     109
     113
     117
     101
     121
     103
     111
     119
      99
      92
     106
      93
      92
     109
      85
      85
      89
      98
     106
      92
      84
      98
      90
      86
     104
      95
      96
      90
      91
      86
     107
      76
      80
      97
     103
     101
      98
      85
      86
      87
     103
      95
      72
      81
      80
      99
     100
      83
      97
      96
      76
      76
      91
      77
      94
      83
      89
      96
      95
      90
      89
     106
      97
     114
     103
      89
      92
     107
      87
      87
     100
      75
      76
      99
     101
      89
      87
     108
     104
     108
     107
     125
     158
     131
     126
     121
     113
      85
      90
     103
      92
      92
      81
      96
      83
      78
      75
      84
      87
      97
      99
      85
     102
      89
      86
      81
      87
      74
      74
      91
      90
      87
     101
      62
      82
      88
      75
      70
      81
      72
      97
      85
      84
      84
      81
      87
      82
      83
      87
      67
      76
      98
      89
      67
      76
      71
      77
      85
      81
      82
      95
      83
      88
      75
      78
      96
      86
      90
      97
      87
      68
      70
      81
      92
      90
      67
      78
      89
      69
      72
      74
      68
      59
      75
      74
      88
      61
      86
      82
      70
      82
     100
      88
      91
      79
      75
      83
      78
      74
      69
      77
      71
      78
      81
      80
      73
      87
      73
      82
      84
      89
      89
      76
      79
      76
      84
      69
      68
      66
      83
      59
      84
      72
      72
      55
      63
      70
      85
      76
      78
      66
      91
      82
      82
      59
      81
      64
      80
      72
      63
      68
      67
      72
      64
      74
      81
      63
      63
      76
      83
      75
      77
      76
      76
      73
      67
      77
      86
      64
      89
      67
      65
      86
      60
      64
      70
      72
      68
      59
      72
      78
      57
      70
      74
      62
      61
      71
      70
      80
      59
      64
      76
      56
      52
      67
      72
      54
      78
      65
      70
      65
      72
      72
      63
      53
      59
      76
      66
      67
      52
      57
      72
      57
      65
      69
      67
      71
      69
      61
      78
      77
      69
      72
      68
      73
      64
      65
      60
      70
      71
      55
      72
      59
      62
      59
      78
      65
      63
      51
      71
      66
      66
      53
      55
      62
      63
      68
      58
      63
      61
      68
      53
      59
      66
      48
      53
      55
      71
      62
      57
      60
      62
      62
      51
      49
      70
      51
      73
      63
      59
      73
      62
      55
      65
      73
      64
      73
      99
     129
     147
     168
     197
     180
     188
     143
     110
      91
      66
      77
      60
      53
      56
      62
      65
      52
      68
      56
      43
      48
      66
      76
      88
      86
      88
      64
      71
      70
      67
      73
      65
      49
      72
      59
      66
      62
      74
      53
      63
      51
      56
      43
      66
      55
      63
      48
      56
      54
      46
      53
      47
      55
      61
      63
      60
      49
      72
      58
      60
      54
      40
      53
      78
      60
      59
      71
      80
      85
     102
     112
      91
      80
      69
      73
      59
      50
      58
      53
      55
      74
      51
      69
      70
      95
     102
     106
     125
     119
     138
     102
     105
      61
      61
      60
      50
      56
      61
      49
      53
      53
      58
      68
      63
      53
      61
      52
      66
      61
      67
      58
      53
      61
      51
      50
      67
      58
      63
      62
      54
      50
      49
      60
      56
      61
      49
      44
      60
      44
      45
      54
      44
      44
      57
      48
      47
      69
      71
      60
      50
      64
      60
      54
      48
      52
      46
      56
      52
      57
      44
      55
      58
      61
      63
      53
      58
      67
      50
      64
      54
      62
      51
      57
      49
      63
      43
      51
      58
      51
      57
      49
      46
      47
      48
      59
      54
      46
      63
      51
      50
      44
      66
      66
      52
      66
      55
      57
      48
      53
      57
      53
      70
      60
      41
      46
      65
      72
      59
      60
      71
      63
      64
      58
      58
      57
      52
      44
      56
      48
      53
      58
      67
      65
      58
      70
      64
      47
      65
      62
      59
      69
      70
      57
      71
      74
      85
      83
     122
     198
     370
     655
    1151
    1909
    2887
    3784
    4237
    3924
    3127
    2209
    1258
     609
     251
     114
      58
      60
      46
      37
      44
      37
      50
      40
      50
      46
      38
      35
      36
      34
      47
      34
      28
      37
      40
      46
      40
      53
      42
      36
      54
      44
      39
      39
      41
      35
      41
      47
      38
      54
      51
      44
      52
      42
      42
      40
      36
      40
      35
      36
      36
      45
      39
      43
      63
      45
      38
      35
      25
      40
      33
      35
      27
      28
      51
      35
      48
      45
      43
      30
      48
      48
      40
      50
      27
      52
      47
      38
      39
      44
      33
      39
      46
      38
      30
      50
      40
      39
      47
      44
      35
      52
      55
      64
      68
      71
      70
      61
      63
      53
      43
      45
      38
      34
      44
      46
      39
      44
      37
      46
      49
      58
      58
      59
      63
      43
      44
      49
      35
      40
      49
      40
      46
      36
      42
      39
      47
      47
      69
      52
      82
      96
     109
     100
     102
      93
      66
      45
      45
      42
      49
      31
      48
      54
      43
      44
      35
      46
      42
      45
      31
      42
      44
      43
      42
      37
      44
      47
      34
      31
      44
      26
      44
      37
      45
      40
      44
      27
      24
      34
      42
      48
      50
      46
      41
      49
      29
      38
      46
      42
      44
      42
      50
      35
      38
      38
      56
      33
      50
      50
      28
      38
      35
      38
      33
      51
      29
      39
      31
      40
      46
      36
      28
      34
      29
      31
      42
      35
      32
      34
      54
      42
      43
      52
      53
      43
      40
      46
      36
      42
      49
      36
      28
      36
      46
      42
      49
      53
      35
      54
      31
      38
      29
      26
      42
      34
      43
      39
      26
      47
      38
      36
      43
      39
      30
      25
      40
      33
      35
      38
      24
      32
      40
      34
      27
      34
      32
      47
      41
      40
      40
      39
      31
      37
      46
      36
      41
      50
      36
      28
      26
      27
      41
      32
      39
      29
      41
      29
      30
      41
      29
      32
      33
      28
      36
      40
      28
      34
      31
      24
      40
      45
      24
      34
      40
      35
      40
      34
      41
      30
      45
      34
      32
      21
      35
      40
      34
      32
      39
      30
      35
      34
      34
      47
      33
      33
      30
      31
      40
      26
      24
      27
      37
      22
      31
      30
      44
      46
      46
      51
      47
      53
      47
      54
      45
      61
      57
      63
      49
      40
      43
      35
      40
      29
      40
      44
      51
      49
      90
     108
     145
     128
     135
     100
      95
      66
      43
      56
      23
      36
      64
      66
      95
      81
      95
      61
      70
      60
      52
      36
      58
      34
      41
      42
      39
      40
      25
      39
      40
      29
      47
      47
      47
      47
      50
      38
      39
      33
      34
      29
      24
      37
      39
      30
      26
      29
      26
      38
      22
      32
      38
      33
      28
      28
      34
      29
      37
      35
      30
      37
      24
      33
      32
      36
      44
      23
      35
      36
      31
      28
      29
      39
      28
      45
      30
      37
      29
      26
      29
      24
      37
      32
      40
      23
      30
      41
      40
      45
      41
      84
      71
      96
      55
      60
      47
      41
      40
      42
      28
      38
      44
      36
      35
      38
      43
      31
      39
      48
      29
      37
      31
      37
      31
      32
      46
      54
      62
      79
      77
      66
      84
      61
      54
      41
      36
      40
      29
      28
      26
      26
      38
      29
      29
      32
      26
      31
      33
      38
      44
      61
      55
      49
      37
      38
      32
      28
      39
      34
      38
      33
      27
      34
      42
      30
      23
      19
      33
      30
      28
      29
      39
      18
      30
      30
      27
      32
      24
      39
      29
      36
      29
      38
      21
      29
      21
      33
      31
      27
      29
      22
      27
      36
      37
      27
      12
      18
      35
      25
      28
      27
      30
      22
      39
      41
      25
      33
      36
      31
      39
      34
      49
      56
      58
      58
      67
      49
      49
      42
      29
      28
      30
      30
      26
      42
      32
      42
      44
      31
      30
      35
      33
      32
      36
      25
      18
      23
      37
      34
      27
      27
      17
      29
      26
      29
      24
      25
      30
      25
      30
      18
      26
      41
      25
      31
      20
      44
      25
      33
      22
      23
      36
      29
      28
      28
      27
      30
      25
      25
      35
      31
      25
      37
      31
      35
      38
      38
      31
      38
      39
      41
      25
      31
      31
      28
      42
      31
      35
      29
      30
      26
      33
      24
      22
      31
      39
      26
      30
      30
      32
      46
      31
      33
      35
      26
      23
      34
      34
      30
      40
      28
      25
      24
      29
      24
      21
      22
      20
      29
      26
      32
      24
      25
      29
      28
      29
      32
      32
      32
      33
      24
      29
      27
      26
      21
      41
      30
      29
      30
      23
      23
      31
      25
      25
      19
      30
      33
      30
      26
      27
      29
      35
      15
      26
      28
      31
      22
      29
      23
      24
      36
      29
      32
      29
      24
      28
      25
      22
      28
      26
      27
      25
      26
      27
      30
      25
      22
      33
      22
      38
      29
      28
      29
      34
      28
      23
      31
      28
      33
      20
      28
      22
      26
      31
      29
      40
      31
      40
      57
      90
      97
     117
     108
     143
     101
      62
      75
      53
      33
      39
      35
      19
      33
      32
      18
      32
      25
      33
      26
      26
      26
      30
      33
      33
      26
      28
      29
      18
      26
      27
      23
      23
      22
      28
      24
      26
      27
      38
      22
      25
      26
      28
      26
      27
      24
      27
      25
      36
      28
      38
      24
      23
      34
      17
      27
      24
      29
      22
      20
      26
      19
      28
      32
      19
      30
      38
      30
      20
      30
      18
      30
      31
      14
      22
      36
      22
      25
      24
      22
      24
      30
      18
      36
      27
      26
      30
      24
      22
      32
      35
      45
      45
      62
     102
     148
     242
     347
     428
     452
     480
     411
     299
     199
     157
      69
      39
      36
      20
      29
      23
      24
      26
      29
      27
      35
      22
      33
      27
      26
      31
      30
      28
      29
      27
      20
      22
      15
      25
      30
      29
      26
      19
      23
      21
      23
      23
      30
      28
      22
      26
      31
      27
      35
      17
      14
      28
      24
      29
      24
      26
      16
      28
      33
      26
      22
      31
      22
      30
      30
      27
      25
      23
      33
      35
      16
      22
      18
      29
      31
      28
      22
      21
      18
      21
      22
      27
      26
      23
      21
      21
      18
      21
      21
      24
      24
      15
      29
      27
      24
      34
      20
      24
      24
      35
      24
      26
      26
      20
      21
      23
      27
      30
      22
      23
      30
      24
      25
      17
      22
      16
      32
      31
      20
      24
      36
      23
      25
      28
      20
      31
      31
      30
      33
      21
      18
      26
      32
      23
      25
      24
      20
      22
      26
      18
      21
      21
      27
      28
      22
      30
      29
      29
      20
      17
      25
      27
      31
      27
      19
      18
      21
      30
      26
      26
      22
      25
      21
      24
      28
      25
      23
      22
      22
      27
      22
      17
      24
      21
      25
      21
      29
      29
      27
      20
      23
      24
      20
      31
      27
      23
      25
      30
      16
      22
      17
      21
      31
      22
      25
      29
      28
      28
      32
      19
      30
      35
      19
      29
      34
      34
      30
      37
      33
      40
      35
      29
      26
      29
      29
      26
      26
      34
      25
      27
      12
      29
      24
      19
      34
      27
      29
      37
      31
      50
      61
      71
      80
      74
      94
      81
      55
      43
      32
      23
      30
      22
      28
      22
      22
      30
      15
      27
      25
      27
      25
      31
      22
      32
      23
      19
      27
      21
      33
      29
      27
      23
      20
      26
      22
      22
      29
      23
      24
      29
      30
      25
      29
      20
      26
      22
      27
      26
      25
      27
      26
      22
      18
      31
      22
      23
      13
      25
      30
      29
      20
      17
      35
      22
      27
      19
      32
      24
      19
      22
      25
      29
      27
      33
      39
      21
      30
      36
      27
      23
      27
      23
      24
      24
      24
      22
      25
      28
      24
      23
      25
      24
      19
      25
      22
      29
      18
      24
      20
      22
      22
      32
      19
      26
      21
      24
      26
      30
      21
      19
      27
      25
      27
      39
      36
      25
      32
      24
      22
      22
      20
      31
      27
      19
      22
      17
      21
      19
      31
      25
      23
      19
      29
      22
      31
      26
      28
      23
      17
      18
      26
      29
      20
      35
      22
      26
      27
      19
      18
      17
      17
      28
      20
      26
      23
      12
      18
      16
      19
      17
      24
      26
      11
      27
      18
      22
      21
      23
      24
      17
      27
      28
      28
      24
      23
      15
      18
      23
      28
      23
      26
      17
      20
      17
      24
      27
      19
      31
      26
      17
      19
      12
      24
      23
      22
      17
      19
      16
      29
      23
      32
      24
      25
      19
      23
      35
      24
      16
      28
      23
      23
      24
      25
      23
      21
      22
      25
      21
      32
      19
      24
      15
      24
      24
      20
      25
      16
      25
      17
      24
      22
      24
      27
      26
      27
      23
      22
      26
      19
      27
      24
      23
      25
      22
      27
      35
      30
      24
      34
      18
      29
      32
      26
      27
      32
      22
      20
      21
      15
      22
      31
      22
      27
      21
      22
      27
      20
      16
      20
      17
      30
      20
      28
      26
      15
      23
      27
      20
      23
      23
      24
      15
      24
      24
      11
      26
      19
      28
      22
      22
      27
      30
      20
      29
      33
      28
      23
      28
      27
      24
      15
      15
      19
      24
      23
      29
      22
      23
      24
      25
      23
      30
      19
      20
      12
      18
      24
      14
      23
      24
      31
      24
      22
      30
      23
      19
      22
      21
      27
      23
      13
      27
      16
      24
      26
      25
      25
      16
      22
      29
      18
      22
      32
      13
      28
      24
      24
      27
      25
      22
      28
      25
      26
      13
      16
      17
      24
      18
      18
      28
      20
      21
      29
      17
      23
      22
      19
      18
      26
      18
      26
      20
      15
      16
      25
      23
      20
      20
      20
      19
      31
      26
      22
      26
      23
      23
      24
      20
      27
      19
      32
      19
      23
      24
      19
      31
      18
      18
      16
      17
      21
      22
      18
      19
      10
      26
      26
      17
      17
      18
      19
      18
      25
      19
      19
      13
      24
      24
      16
      15
      18
      20
      21
      14
      18
      17
      20
      29
      19
      15
      22
      22
      25
      16
      15
      26
      23
      17
      25
      15
      26
      26
      19
      20
      24
      22
      27
      23
      25
      12
      19
      24
      22
      20
      22
      26
      30
      24
      23
      19
      20
      24
      23
      14
      17
      19
      20
      18
      19
      23
      23
      14
      17
      26
      27
      21
      15
      20
      20
      17
      22
      30
      15
      16
      20
      17
      13
      25
      19
      20
      24
      28
      16
      12
      14
      25
      15
      16
      19
      22
      23
      17
      16
      25
      20
      21
      26
      22
      17
      10
      27
      19
      24
      24
      20
      21
      21
      17
      24
      23
      17
      23
      24
      20
      26
      31
      21
      23
      21
      30
      17
      23
      15
      14
      17
       8
      25
      23
      23
      19
      16
      20
      25
      25
      25
      22
      18
      19
      18
      22
      18
      21
      14
      23
      18
      11
      20
      19
      26
      20
      28
      17
      24
      21
      23
      23
      29
      21
      23
      25
      15
      26
      19
      17
      16
      20
      18
      16
      24
      24
      28
      29
      26
      25
      28
      16
      21
      20
      18
      18
      14
      21
      19
      18
      20
      14
      21
      24
      20
      18
      16
      26
      17
      13
      17
      21
      26
      23
      23
      11
      16
      19
      29
      16
      22
      21
      22
      21
      17
      16
      17
      20
      15
      14
      19
      24
      21
      25
      21
      25
      14
      13
      12
      25
      20
      21
      12
      24
      25
      32
      22
      23
      18
      14
      13
      21
      16
      12
      15
      28
      19
      19
      21
      28
      20
      16
      23
      11
      21
      18
      35
      19
      13
      18
      22
      25
      19
      22
      27
      15
      28
      21
      25
      21
      22
      24
      28
      24
      19
      23
      20
      24
      14
      23
      20
      21
      19
      17
      20
      18
      14
      16
      18
      14
      32
      22
      15
      21
      23
      28
      32
      37
      37
      58
      70
      87
     100
     109
     109
      97
      73
      84
      56
      54
      36
      30
      23
      20
      25
      36
      22
      20
      25
      21
      26
      24
      22
      29
      22
      18
       8
      21
      32
      17
      20
      27
      16
      21
      19
      24
      23
      29
      27
      25
      18
      29
      41
      33
      60
      51
      53
      48
      37
      32
      25
      25
      22
      19
      25
      28
      20
      17
      29
      14
      21
      20
      21
      12
      22
      25
      21
      16
       7
      21
      22
      22
      18
      13
      22
      25
      27
      13
      21
      25
      23
      20
      20
      20
      22
      13
      29
      21
      22
      22
      17
      12
      23
      25
      17
       9
      16
      25
      14
      27
      20
      14
      12
      20
      19
      16
      19
      17
      25
      18
      19
      23
      25
      22
      16
      23
      12
      22
      25
      23
      20
      19
      13
      14
      14
      13
      19
      19
      18
      15
      20
      23
      13
      14
      22
      28
      17
      17
      22
      17
      22
      26
      22
      19
      19
      27
      16
      16
      19
      15
      24
      16
      18
      11
      26
      16
      13
      16
      19
      18
      16
      19
      14
      18
      19
      15
      19
      26
      13
      17
      18
      26
      14
      24
      12
      23
      18
      16
      16
      20
      16
      13
      27
      16
      16
      27
      23
      18
      14
      27
      18
      17
      19
      29
      19
      17
      23
      17
      25
      18
      22
      19
      16
      22
      19
      14
      15
      21
      30
      17
      28
      22
      15
      23
      19
      20
      23
      15
      24
      20
      26
      19
      22
      21
      12
      15
      11
      20
      27
      18
      16
      16
      27
      20
      18
      25
      17
      27
      11
      17
      30
      15
      33
      25
      19
      20
      23
      19
      23
      34
      22
      25
       9
      26
      16
      20
      22
      21
      17
      18
      21
      20
      19
      20
      18
      12
      16
      17
      24
      19
      22
      30
      19
      36
      49
      59
      95
      91
     136
     112
     146
     147
     118
     117
      78
      52
      36
      27
      24
      22
      22
      14
      20
       9
      18
      15
      19
      15
      24
      18
      16
      18
      21
      11
      23
      20
      22
      13
      18
      12
      31
      23
      24
      17
      25
      20
      15
      14
      16
      12
      23
      25
      21
      18
      20
      19
      18
      15
      20
      21
      20
      23
      21
      25
      24
      21
      29
      21
      24
      24
      20
      21
      13
      25
      21
      17
      21
      20
      15
      23
      11
      23
      15
      25
      26
      18
      22
      16
      27
      22
      20
      30
      11
      21
      21
      16
      23
      28
      26
      20
      10
      20
      32
      22
      17
      18
      18
      19
      21
      27
      26
      25
      19
      19
      30
      14
      16
      31
      23
      22
      19
      15
      17
      17
      19
      15
      22
      15
      21
      15
      19
      20
      29
      16
      22
      21
      17
      16
      10
      21
      10
      22
      13
      22
      28
      21
      15
      14
      12
      29
      25
      21
      14
      15
      18
      22
      18
      22
      22
      18
      24
      23
      15
      22
      13
      25
      18
      25
      19
      15
      21
      18
      19
      18
      18
      21
      19
      22
      26
      16
      20
      19
      28
      16
      14
      21
      28
      31
      16
      20
      23
      21
      15
      22
      18
      18
      21
      15
      18
      16
      20
      24
      16
      25
      22
      21
      16
      22
      20
      24
      26
      15
      19
      20
      16
      15
      18
      16
      21
      18
      21
      15
      19
      18
      17
      27
      19
      23
      17
      24
      32
      17
      16
      17
      15
      26
      17
      22
      17
      24
      19
      23
      11
      19
      28
      22
      25
      26
      26
      22
      21
      15
      28
      24
      29
      24
      28
      30
      25
      26
      19
      22
      23
      24
      25
      20
      25
       9
      25
      13
      18
      17
      27
      17
      27
      27
      21
      12
      19
      17
      17
      23
      22
      19
      22
      23
      25
      22
      25
      16
      18
      21
      17
      19
      14
      20
      29
      19
      15
      16
      20
      21
      21
      16
      23
      24
      22
      18
      19
      19
      25
      18
      21
      15
      19
      29
      30
      17
      22
      29
      16
      27
      16
      19
      25
      19
      25
      26
      25
      25
      25
      22
      27
      19
      18
      19
      16
      19
      12
      22
      16
      21
      21
      22
      15
      17
      20
      18
      20
      20
      26
      28
      25
      17
      19
      21
      25
      15
      18
      30
      22
      22
      19
      37
      20
      15
      21
      20
      19
      21
      16
      12
      21
      27
      21
      20
      22
      16
      26
      28
      11
      22
      20
      24
      18
      18
      31
      21
      21
      23
      19
      13
      20
      29
      16
      21
      18
      17
      18
      18
      24
      22
      25
      16
      21
      20
      25
      30
      21
      12
      26
      24
      14
      20
      17
      21
      16
      33
      24
      20
      26
      28
      19
      31
      25
      29
      31
      19
      16
      17
      23
      21
      16
      22
      15
      25
      23
      23
      21
      24
      17
      23
      22
      24
      25
      20
      26
      19
      18
      19
      28
      25
      17
      16
      24
      19
      31
      18
      20
      23
      25
      16
      28
      23
      22
      20
      22
      23
      25
      17
      21
      23
      14
      26
      29
      22
      23
      23
      22
      22
      17
      20
      27
      22
      21
      23
      17
      17
      22
      15
      17
      15
      24
      21
      21
      24
      18
      24
      16
      19
      13
      22
      22
      16
      16
      10
      23
      16
      21
      14
      20
      20
      17
      20
      21
      12
      21
       9
      13
      22
      19
      28
      15
      13
      18
      22
      27
      20
      13
      15
      21
      14
      26
      17
      20
      13
      18
      15
      16
      12
      10
      16
      12
       8
      18
      11
      20
      14
      17
      19
       7
      20
      13
      11
      10
      27
      15
      15
      16
      17
      22
      11
      13
      12
      23
      20
      22
      15
      17
      18
      14
      18
      19
      15
      17
      13
      16
      14
      11
      17
      13
      12
      11
      15
      22
      20
      21
      19
       9
      12
      21
      12
      21
      21
      12
      16
      19
      16
      21
      18
       9
      12
      11
      19
      17
      14
      19
      19
      12
      13
      17
      22
      16
      12
      12
      16
      15
      17
      19
      21
      16
      16
      12
      14
      21
      10
      26
      14
      14
      19
      23
      14
      13
      16
      17
      18
      11
      22
      14
      22
      17
      11
      19
      12
      18
      10
      19
      12
      13
      15
       9
      11
      14
      15
      10
      13
      24
      11
      15
      16
      14
      19
      21
      18
      12
      14
      14
      17
      23
      15
      12
      22
      12
      22
      22
      32
      40
      41
      51
      47
      51
      37
      40
      44
      26
      25
      14
      17
      17
      18
      17
      15
      13
      16
      14
      21
      13
       4
      15
      12
      14
      15
      18
      15
       8
      13
      15
      11
      18
      10
      12
       9
       8
      11
      15
      11
      10
      13
      11
      18
      11
      12
      17
       8
      10
      12
       7
      10
      12
      18
      12
      13
       9
      15
      10
       8
      16
      14
      15
      14
      12
      13
       9
      11
      16
      11
       6
      11
      11
      10
      17
      11
       9
      12
      16
       4
      17
      11
       9
      18
      15
       9
      16
       9
      14
      11
      14
      15
      13
      14
       6
       7
       5
      14
       7
      11
      13
      14
      19
      15
      13
      13
      16
      15
      16
       7
      10
      12
      10
       9
      12
       9
      17
      16
      11
      14
       9
      12
      13
      20
      10
      15
      15
       5
       7
       8
      11
      11
       5
      10
       8
      14
      16
      20
       7
       7
      11
       4
       9
      11
       6
       7
       5
       2
      11
       9
      12
      11
       9
      11
       5
      11
      15
       8
      12
       6
      10
      18
       3
      11
       5
       9
       7
       8
       7
      11
       6
       9
      11
       4
       8
      11
      11
       8
       9
       3
      11
      11
      11
       8
       5
      16
      13
       6
       9
       9
      13
       5
       7
       5
      16
       6
       9
       9
       8
      14
      13
       5
       9
       8
       5
      11
       4
      11
      15
      15
      11
       7
       9
      11
       9
      13
       9
      12
      10
      13
       7
      10
      12
       8
       7
      11
      13
      12
       9
       8
       6
       9
       6
      10
      10
      10
      12
       9
       8
      12
       9
       6
       7
       6
      11
       7
       7
       5
       7
      13
       7
       8
      10
       3
       7
      12
       6
       7
       8
       5
      12
      11
       6
      12
       4
       8
       1
      11
       8
       6
       6
       7
      13
       6
       8
       9
      12
       2
       6
      10
       8
       9
       7
      10
       9
       7
       5
      12
       3
       6
      10
       7
       9
       9
       7
       4
       5
       7
       5
       8
       6
      10
       8
      11
       8
       3
       9
       7
       7
      10
       4
      12
       6
       8
       6
       9
       8
      11
      11
      12
       3
       5
       6
       3
       7
      13
      10
       7
       6
       9
      11
       8
       7
       7
      10
       9
      10
       6
      10
       6
      11
      14
       9
      12
       7
       3
       4
       8
      13
       7
       9
       7
       7
      12
       7
       9
       9
       5
       5
       8
       7
       4
       6
       8
       6
      10
       5
       8
       5
       4
       9
       8
       8
       7
       6
      12
       8
       9
       5
       6
      10
       9
       5
      12
       9
      11
       7
       6
       5
      11
       5
       4
       6
       9
       6
       7
      11
      12
       6
       7
       8
       8
      10
       8
       4
      11
       8
       5
       5
      11
       6
       8
       6
       5
      13
      12
      11
      14
      12
       4
       8
       8
      11
      12
       5
      10
       7
       6
       8
       6
      11
       5
       7
      11
       6
       9
       7
      12
       9
       8
      14
      11
       9
      13
       9
      10
      20
      11
      14
       7
      12
      19
      39
      53
      81
     142
     191
     319
     373
     533
     578
     716
     742
     709
     581
     492
     334
     264
     148
      86
      55
      42
      15
       9
       7
       7
       1
       3
       4
       4
       1
       6
       6
       7
       5
       8
       7
       4
       3
      10
       6
       6
       7
       3
       9
       2
       6
       5
       5
       4
       2
       4
       8
       3
       6
       4
       1
       2
       3
       3
       4
      11
       4
       7
       6
       4
       2
       4
      11
       6
       4
       5
       7
       3
       8
       4
       6
       1
       6
       9
       6
       5
       7
       4
       6
       3
       8
       8
       5
       8
       4
       7
       7
       4
      12
      11
       4
       4
       2
       4
       2
       5
       5
       8
       8
       4
       2
       8
       2
       6
       4
       3
       3
       7
       4
       5
       8
       4
       3
       5
       3
       7
      11
       8
       4
       2
       2
       2
       4
       7
       4
       2
       7
       5
       6
       2
       7
       7
       6
       4
       6
       4
       6
       4
       4
       5
       4
       4
       9
       6
      10
       2
      10
       5
       6
       4
       9
       7
       6
       6
       8
       6
       3
       4
       6
       7
       4
       5
       3
       5
       7
      12
       4
       3
       6
       5
       4
       4
       9
       4
       3
       8
       5
       7
       6
       3
       2
       2
       6
       3
       5
       2
       5
       4
       6
       3
       5
       9
       5
       5
       5
       5
       6
       6
       5
       5
       6
       4
       5
       4
       5
       4
      10
      11
       6
       5
       7
       6
       4
       8
       2
       5
       2
       8
       4
       4
       2
       4
       8
       9
       4
       5
       6
       6
       3
       6
       3
       3
       4
       7
       2
       7
       5
       5
       7
       3
       8
       3
       2
       7
       5
       8
       8
       3
       5
       2
       4
       1
       5
       9
       2
       4
       7
       4
       8
       2
       5
       5
       3
       7
       4
       5
       3
       5
       2
       6
       6
       2
       6
       6
       9
       1
       3
       8
       2
       4
       9
       5
       2
       8
       2
       5
       4
       7
       6
       4
       4
       2
       5
       6
       5
       5
       1
       7
       6
       4
       7
       6
       6
       5
       4
       5
       4
       4
       8
       6
       4
       7
       4
       7
       4
       7
       6
       2
       4
       3
       7
       5
       4
       6
       5
       4
       5
       7
       3
       5
       6
       3
       5
       3
       2
       6
       4
       6
       4
       3
       5
       9
       5
       5
       3
       7
       6
       4
       2
       5
       5
       3
       5
       7
       5
       4
       5
       6
       4
       5
       4
       9
       5
       6
       3
       6
       2
       5
       6
       4
       4
       5
       5
       7
       7
       4
       3
       4
       2
       8
       4
       4
       8
       7
       4
       5
       4
       6
       6
       3
       3
       9
       9
       4
       7
       2
      10
       7
       9
       5
       2
       2
       5
       7
       8
       4
       3
       1
       6
       2
       8
       5
       7
       8
       2
       6
       5
       5
       6
       0
       6
       2
       6
       6
       6
       7
       5
       7
       9
       3
       3
       6
       4
       4
       3
       4
       4
       3
       5
       5
       6
       4
       3
       9
       6
       2
       7
       4
       7
       4
       4
       6
       3
       7
       1
       8
       8
       2
       7
       5
       4
       5
       3
       9
       2
       3
       7
       4
       4
       4
       5
      10
       6
       5
       4
       3
      11
       4
       4
       6
       7
       0
       4
       8
       5
       5
       3
       6
       3
       4
       3
       5
       4
       6
       9
       5
       6
       3
       7
       6
       4
       4
       1
       4
       5
       7
       6
       7
       3
       4
       5
       5
       8
       4
       4
       6
       3
       4
       7
       4
       4
       4
       3
       2
       4
       4
       3
       4
       5
       3
       3
       3
       3
       6
       5
       2
       1
       4
       6
       2
       3
       1
       3
       3
       8
       1
       5
       3
       1
       5
       4
       3
       5
       3
       3
       5
       4
       6
       4
       6
       2
       1
       4
       8
       7
       5
       3
       3
       1
       3
       3
       1
       4
       1
       3
       3
       5
       5
       5
       4
       3
       6
       9
       4
       8
       4
       8
       8
       6
       1
       6
       4
       4
       5
       6
       5
       8
       4
       5
       9
       2
       4
       4
       3
       3
       4
       2
       2
       6
       8
       9
       6
       4
       6
       3
       4
       6
       2
       6
       4
       3
       7
       1
       9
       9
       9
       6
       4
       1
       7
       4
       6
       5
       3
       9
       5
       5
       4
       6
       4
       4
       4
       4
       6
       4
       3
       6
       2
       5
       4
       8
       7
       5
       6
       4
       7
       4
       8
       5
       3
       4
       7
       6
       6
       5
       2
       3
       7
       3
       2
       3
       2
       3
       4
       4
       3
       6
       3
       6
       9
       6
       8
       3
       4
       2
       6
       5
       5
       5
       5
       5
       0
       4
       7
       6
       3
       5
       9
       8
       6
       2
       4
       3
       4
       5
       9
       6
       3
       2
       6
       3
       4
       4
       3
       4
       4
       4
       8
       6
       6
       3
      10
       1
       7
       4
       4
       3
       5
       0
       2
       6
       1
       5
       6
       7
       5
       2
       3
       3
       7
       2
       4
       3
       4
       5
       5
       7
       7
       5
       5
       4
       6
       3
       2
       4
       7
       3
       4
       3
       6
       5
       2
       2
       9
       4
       4
       3
       6
       4
       2
       7
       8
       7
       6
       5
       6
       5
       3
       8
       2
       3
       2
       6
       4
       5
       5
       6
       7
       4
       6
       2
       6
       3
       6
       2
       7
       4
       2
       6
       5
       2
       3
       5
       0
       1
       4
       4
       3
       4
       4
       5
       5
       1
       0
       4
       5
       6
       4
       5
       4
       3
       4
       7
       4
       2
       4
       4
       3
     491
    1006
     955
    1032
    1018
     999
    1059
    1023
     993
    1015
    1045
    1004
     992
     990
    1044
    1036
     999
    1037
     990
     974
     973
    1011
     956
    1027
    1021
     984
    1015
    1041
    1020
    1060
    1001
    1001
    1043
     983
     987
    1004
    1015
    1036
     953
    1023
    1020
    1057
    1030
     997
    1029
    1110
    1099
    1107
    1559
    5528
   19079
   31983
   29762
   17976
    6229
    1991
    1516
    1319
    1140
     988
     932
     844
     766
     652
     669
     594
     533
     512
     496
     475
     414
     413
     414
     378
     382
     345
     341
     318
     308
     310
     260
     288
     253
     229
     225
     199
     254
     232
     230
     220
     144
      92
      48
      47
      52
      58
      52
      62
      38
      62
      53
      46
      58
      67
      54
      51
      55
      59
      39
      37
      55
      55
      50
      46
      46
      51
      41
      55
      55
      47
      49
      47
      57
      47
      62
      52
      35
      51
      44
      43
      44
      50
      45
      71
      55
      60
      58
      58
      89
      66
      87
      64
      86
      87
     112
     171
     338
     578
     269
      34
       2
       3
       0
       1
       0
       0
       0
       0
       0
       0
       0
       0
       0
       0
       0
       0
       0
       0
       0
       0
       0
       0
       0
       0
       0
       0
       0
       0
       0
       0
       0
       0
       0
       0
       0
$ROI:
0
$PRESETS:
None
0
0
$ENER_FIT:
16.546301 0.358951
$MCA_CAL:
3
1.654630E+001 3.589510E-001 2.820340E-007 keV
$SHAPE_CAL:
3
2.043840E+000 1.584700E-003 -2.059380E-007
