$SPEC_ID:
Background_Lab7
$SPEC_REM:
DET# 1
DETDESC# Rayleigh
AP# Maestro-PRO Version 9, 0, 2, 0
$DATE_MEA:
12/01/2025 21:09:01
$MEAS_TIM:
174417.14 174574.22
$DATA:
0 8191
       0
       0
       0
       0
       0
       1
       0
       0
       0
       0
       0
       0
       0
       0
       0
       0
       0
       0
       0
       2
       0
       0
       0
       0
       0
       1
      14
      72
     225
     744
    1046
    1185
    1292
    1333
    1440
    1402
    1444
    1410
    1403
    1366
    1375
    1298
    1316
    1370
    1284
    1336
    1298
    1287
    1283
    1293
    1296
    1275
    1338
    1297
    1276
    1276
    1321
    1220
    1304
    1232
    1183
    1237
    1271
    1207
    1190
    1285
    1150
    1172
    1209
    1180
    1183
    1167
    1204
    1127
    1173
    1258
    1123
    1188
    1173
    1149
    1169
    1174
    1134
    1176
    1204
    1226
    1173
    1199
    1085
    1168
    1101
    1153
    1190
    1106
    1056
    1126
    1086
    1166
    1124
    1093
    1158
    1158
    1083
    1164
    1176
    1108
    1028
    1090
    1104
    1094
    1169
    1139
    1121
    1106
    1137
    1058
    1137
    1119
    1192
    1157
    1173
    1195
    1163
    1151
    1145
    1182
    1166
    1211
    1292
    1411
    1508
    1463
    1315
    1286
    1269
    1169
    1230
    1255
    1242
    1318
    1203
    1286
    1266
    1258
    1274
    1234
    1281
    1313
    1311
    1261
    1312
    1285
    1364
    1344
    1414
    1497
    1590
    1605
    1520
    1504
    1764
    2420
    2940
    2632
    1836
    1522
    1752
    2502
    3436
    3371
    2092
    1339
    1222
    1228
    1294
    1324
    1256
    1204
    1241
    1275
    1282
    1189
    1257
    1190
    1138
    1284
    1430
    1473
    1683
    1619
    1540
    1317
    1287
    1239
    1455
    1824
    2132
    2067
    1675
    1302
    1177
    1277
    1384
    1674
    1840
    1626
    1291
    1174
    1240
    1479
    1903
    2276
    2285
    1998
    1679
    1403
    1218
    1238
    1173
    1201
    1125
    1083
    1124
    1098
    1111
    1141
    1094
    1211
    1232
    1195
    1247
    1200
    1182
    1135
    1099
    1161
    1147
    1081
    1086
    1103
    1084
    1034
    1223
    1162
    1251
    1285
    1243
    1277
    1213
    1181
    1220
    1131
    1077
    1210
    1144
    1247
    1199
    1248
    1199
    1127
    1127
    1104
    1194
    1172
    1193
    1149
    1210
    1273
    1201
    1122
    1103
    1176
    1168
    1214
    1197
    1189
    1140
    1191
    1152
    1168
    1157
    1104
    1169
    1134
    1136
    1133
    1183
    1171
    1169
    1153
    1155
    1138
    1178
    1193
    1220
    1129
    1145
    1114
    1120
    1168
    1176
    1160
    1149
    1183
    1165
    1259
    1129
    1155
    1213
    1247
    1337
    1493
    1547
    1420
    1268
    1248
    1243
    1187
    1265
    1220
    1169
    1205
    1160
    1267
    1130
    1157
    1168
    1177
    1232
    1115
    1217
    1197
    1125
    1152
    1166
    1176
    1117
    1168
    1213
    1301
    1152
    1248
    1260
    1244
    1220
    1135
    1210
    1206
    1209
    1194
    1193
    1259
    1382
    1360
    1199
    1192
    1147
    1140
    1189
    1181
    1164
    1121
    1173
    1189
    1149
    1168
    1163
    1216
    1152
    1153
    1133
    1148
    1187
    1176
    1150
    1171
    1085
    1182
    1176
    1251
    1286
    1359
    1279
    1148
    1169
    1126
    1065
    1141
    1099
    1201
    1107
    1105
    1111
    1233
    1139
    1189
    1146
    1119
    1112
    1152
    1072
    1091
    1084
    1130
    1108
    1100
    1145
    1160
    1217
    1118
    1120
    1060
    1115
    1107
    1127
    1141
    1076
    1078
    1076
    1080
    1102
    1068
    1128
    1025
    1129
    1055
    1031
    1085
    1025
    1080
    1077
    1091
    1053
    1064
    1020
    1013
    1020
    1108
    1031
    1059
    1050
     994
    1072
    1018
    1031
    1044
     970
    1054
    1069
    1028
     999
    1012
    1062
    1082
    1059
    1058
    1071
    1109
    1081
    1053
    1062
    1095
    1046
    1031
    1078
    1155
    1392
    1738
    2208
    2493
    2118
    1606
    1185
    1102
    1006
    1032
     981
    1036
     978
     978
     955
    1105
    1028
    1064
    1041
    1013
    1012
    1024
    1057
    1017
    1022
     973
     962
     994
    1006
     994
     981
     997
     995
     994
     974
    1006
    1023
    1025
    1005
    1063
    1014
    1000
     988
     931
    1022
     990
    1006
     994
     974
     994
     921
     990
     997
     970
     950
    1078
    1052
    1021
     963
     956
     993
     994
     977
     943
     985
    1108
    1351
    1483
    1500
    1239
     994
     904
     893
     953
     971
     968
     925
     932
     948
     960
     900
     889
     907
     954
     989
     913
     973
     928
     920
     948
     906
     879
     908
     949
     934
     875
     902
     926
     899
     867
     895
     902
     873
     892
     931
     946
     847
     928
     917
     908
     878
     842
     921
     879
     908
     946
     898
     833
     904
     871
     930
     910
     934
     846
     863
     896
     889
     926
     967
     983
     930
     941
     899
     975
     893
     922
     906
     936
     927
     998
    1001
     968
     951
    1006
    1129
    1880
    3279
    4941
    7250
    7802
    4836
    2100
    1112
    1132
    1316
    1709
    1852
    1909
    1835
    1555
    1030
     839
     821
     762
     760
     753
     754
     745
     718
     789
     760
     742
     712
     789
     763
     788
     753
     727
     746
     808
     756
     833
     762
     734
     726
     754
     750
     754
     753
     761
     775
     705
     750
     777
     750
     733
     786
     769
     782
     795
     750
     735
     769
     794
     786
     792
     751
     722
     721
     689
     699
     690
     717
     714
     690
     717
     717
     733
     662
     732
     714
     714
     707
     730
     700
     684
     714
     701
     697
     669
     723
     746
     814
     865
     972
    1211
    1191
    1070
     838
     765
     753
     624
     695
     674
     656
     703
     715
     713
     690
     676
     709
     652
     730
     761
     772
     932
     931
     822
     738
     658
     634
     681
     641
     626
     649
     642
     639
     669
     648
     647
     587
     636
     619
     612
     633
     651
     670
     693
     658
     622
     626
     617
     651
     627
     612
     677
     646
     676
     631
     678
     612
     606
     604
     599
     614
     617
     585
     632
     629
     651
     791
     963
    1396
    1860
    2468
    2924
    2266
    1221
     734
     632
     584
     584
     590
     630
     665
     675
     750
     861
    1013
     972
     787
     611
     596
     557
     562
     597
     574
     552
     550
     569
     575
     581
     611
     578
     562
     575
     614
     600
     556
     598
     608
     585
     575
     544
     544
     528
     592
     546
     585
     577
     552
     566
     575
     519
     526
     541
     571
     591
     592
     572
     548
     548
     505
     536
     551
     512
     534
     556
     576
     515
     566
     532
     504
     574
     553
     566
     539
     528
     554
     498
     541
     511
     543
     585
     579
     570
     501
     556
     530
     532
     509
     592
     640
     661
     748
     868
     845
     707
     613
     576
     579
     551
     600
     523
     540
     538
     550
     583
     584
     611
     585
     482
     508
     566
     585
     514
     539
     551
     583
     611
     792
     967
    1160
    1607
    1831
    1517
    1005
     575
     541
     506
     532
     557
     525
     532
     475
     497
     513
     499
     522
     520
     494
     473
     522
     515
     534
     539
     480
     509
     489
     464
     507
     501
     526
     501
     506
     583
     729
    1105
    1666
    2111
    2832
    4028
    4110
    2669
    1270
     628
     452
     461
     447
     449
     475
     490
     454
     460
     487
     468
     482
     450
     443
     464
     470
     438
     445
     441
     470
     409
     419
     455
     438
     437
     440
     412
     451
     467
     442
     427
     434
     485
     421
     444
     432
     459
     479
     450
     433
     450
     455
     488
     471
     462
     444
     427
     426
     444
     447
     445
     463
     421
     484
     440
     443
     428
     439
     434
     457
     444
     434
     413
     436
     413
     436
     447
     423
     481
     443
     446
     430
     438
     384
     435
     433
     437
     437
     433
     455
     416
     442
     419
     404
     441
     444
     457
     414
     419
     481
     410
     404
     461
     469
     442
     437
     451
     429
     460
     431
     447
     407
     414
     452
     401
     417
     432
     432
     410
     429
     436
     398
     410
     433
     419
     434
     424
     447
     412
     437
     426
     417
     412
     451
     411
     430
     390
     410
     406
     432
     378
     458
     457
     428
     425
     491
     431
     424
     444
     424
     387
     413
     407
     415
     427
     391
     394
     435
     385
     418
     479
     427
     462
     458
     508
     564
     594
     546
     403
     428
     373
     416
     419
     367
     383
     423
     369
     383
     372
     399
     415
     378
     363
     430
     402
     398
     384
     340
     372
     371
     381
     381
     384
     387
     401
     398
     399
     342
     345
     395
     356
     364
     351
     377
     404
     363
     372
     383
     393
     390
     346
     439
     381
     381
     391
     391
     365
     354
     382
     346
     353
     361
     394
     355
     355
     373
     361
     347
     381
     335
     364
     358
     417
     339
     375
     356
     352
     374
     334
     344
     350
     317
     356
     339
     373
     359
     392
     391
     404
     382
     366
     368
     333
     367
     329
     341
     354
     381
     350
     351
     334
     334
     341
     370
     347
     333
     341
     332
     316
     355
     348
     334
     345
     333
     338
     365
     332
     364
     338
     346
     367
     345
     345
     331
     361
     393
     329
     382
     371
     341
     346
     367
     344
     352
     340
     366
     319
     324
     307
     317
     326
     323
     345
     306
     342
     338
     373
     375
     389
     425
     411
     526
     613
     660
     687
     528
     415
     365
     308
     299
     328
     331
     355
     337
     326
     344
     322
     340
     361
     300
     317
     336
     330
     313
     351
     336
     335
     336
     323
     344
     301
     302
     308
     319
     341
     328
     334
     318
     303
     349
     292
     331
     307
     314
     340
     356
     336
     329
     315
     360
     328
     325
     329
     326
     328
     346
     336
     295
     310
     341
     334
     307
     329
     343
     288
     289
     324
     334
     345
     329
     280
     310
     296
     303
     302
     270
     328
     292
     308
     302
     308
     305
     328
     301
     312
     313
     310
     300
     306
     283
     318
     309
     296
     294
     343
     292
     301
     293
     307
     286
     303
     328
     284
     295
     275
     253
     294
     293
     301
     326
     298
     263
     329
     297
     306
     320
     330
     310
     291
     306
     314
     311
     311
     327
     342
     370
     352
     415
     538
     677
     736
     833
     989
    1183
    1436
    1621
    1517
    1213
     958
     743
     536
     470
     394
     362
     309
     308
     284
     309
     292
     272
     317
     284
     294
     291
     287
     293
     268
     304
     268
     273
     281
     304
     287
     270
     263
     297
     275
     277
     300
     291
     287
     285
     269
     276
     271
     278
     294
     263
     269
     301
     275
     269
     267
     271
     273
     291
     246
     255
     259
     284
     269
     277
     258
     227
     267
     288
     295
     262
     256
     281
     290
     254
     293
     243
     277
     264
     268
     280
     278
     266
     303
     279
     290
     311
     269
     274
     249
     263
     283
     297
     241
     254
     298
     265
     270
     284
     253
     278
     284
     286
     249
     272
     255
     265
     306
     249
     307
     281
     258
     282
     269
     274
     276
     276
     251
     263
     225
     264
     242
     268
     246
     247
     269
     279
     265
     261
     302
     261
     263
     266
     257
     249
     253
     259
     248
     227
     254
     271
     265
     254
     221
     295
     280
     261
     267
     281
     272
     291
     312
     320
     278
     272
     235
     265
     263
     258
     257
     255
     267
     237
     245
     280
     281
     298
     248
     241
     271
     292
     273
     243
     280
     293
     265
     259
     270
     258
     281
     231
     267
     238
     249
     263
     251
     281
     284
     273
     276
     273
     276
     240
     268
     291
     281
     274
     266
     287
     324
     393
     557
     680
     726
     685
     746
    1230
    1834
    2317
    1989
    1289
     596
     325
     251
     284
     240
     248
     248
     263
     239
     256
     235
     203
     217
     265
     244
     243
     218
     249
     244
     240
     219
     275
     251
     238
     229
     218
     255
     280
     221
     266
     273
     253
     260
     263
     215
     233
     238
     254
     258
     238
     244
     253
     244
     221
     235
     220
     229
     261
     262
     262
     235
     258
     234
     244
     214
     275
     235
     253
     235
     264
     323
     430
     639
     849
     832
     873
     934
    1518
    2399
    3075
    2840
    1838
     921
     416
     271
     255
     235
     230
     223
     223
     213
     241
     250
     227
     247
     238
     237
     253
     234
     228
     242
     233
     237
     219
     212
     236
     212
     233
     199
     232
     226
     221
     237
     229
     200
     192
     207
     244
     213
     235
     248
     245
     249
     190
     202
     200
     222
     232
     214
     236
     236
     217
     247
     230
     216
     221
     234
     247
     221
     242
     189
     194
     205
     197
     205
     215
     194
     197
     241
     199
     227
     218
     209
     234
     241
     205
     230
     249
     200
     226
     213
     204
     233
     209
     222
     219
     223
     228
     218
     231
     204
     197
     205
     219
     202
     214
     208
     202
     204
     204
     238
     217
     212
     215
     205
     198
     222
     206
     212
     223
     225
     184
     214
     230
     242
     214
     249
     203
     218
     217
     243
     229
     199
     220
     230
     226
     208
     216
     255
     183
     185
     246
     223
     228
     207
     225
     216
     257
     227
     249
     233
     257
     279
     343
     310
     323
     251
     244
     203
     223
     194
     216
     272
     279
     296
     278
     276
     242
     221
     213
     224
     232
     215
     211
     194
     199
     231
     229
     215
     196
     177
     198
     213
     196
     193
     237
     202
     202
     215
     219
     222
     219
     232
     238
     197
     218
     211
     230
     219
     233
     230
     216
     200
     205
     202
     232
     197
     201
     195
     211
     216
     194
     212
     184
     209
     222
     184
     210
     209
     201
     213
     192
     199
     199
     196
     215
     213
     209
     199
     219
     186
     203
     194
     200
     198
     216
     200
     239
     210
     213
     172
     213
     235
     201
     213
     215
     215
     208
     218
     209
     199
     193
     183
     205
     221
     233
     199
     221
     211
     219
     202
     203
     206
     206
     226
     226
     216
     227
     233
     221
     217
     225
     233
     215
     218
     222
     227
     227
     203
     206
     229
     209
     222
     192
     202
     197
     209
     217
     196
     194
     208
     214
     211
     208
     213
     206
     171
     219
     223
     200
     193
     190
     211
     199
     200
     211
     207
     220
     187
     212
     205
     211
     205
     182
     218
     232
     235
     228
     204
     198
     181
     220
     186
     210
     192
     208
     274
     301
     285
     261
     246
     253
     322
     387
     596
     581
     573
     413
     334
     232
     199
     169
     186
     220
     179
     181
     207
     182
     199
     178
     168
     161
     191
     212
     194
     184
     186
     210
     196
     189
     175
     202
     192
     186
     177
     211
     207
     217
     180
     207
     173
     175
     212
     185
     182
     188
     203
     220
     187
     206
     199
     198
     178
     206
     188
     194
     201
     179
     196
     182
     170
     179
     207
     171
     183
     185
     201
     185
     213
     165
     184
     215
     204
     175
     208
     210
     196
     188
     186
     195
     211
     228
     252
     239
     219
     221
     214
     185
     205
     189
     211
     192
     179
     189
     179
     187
     195
     182
     182
     162
     181
     162
     212
     223
     223
     209
     227
     224
     214
     224
     219
     250
     255
     258
     244
     255
     280
     355
     456
     452
     428
     308
     253
     212
     188
     163
     219
     205
     206
     242
     271
     226
     210
     172
     174
     156
     184
     157
     172
     172
     180
     165
     195
     180
     170
     173
     169
     151
     205
     159
     176
     160
     170
     168
     186
     192
     192
     241
     208
     209
     227
     189
     175
     190
     226
     234
     273
     297
     253
     239
     212
     194
     195
     177
     165
     188
     189
     191
     185
     166
     178
     211
     189
     235
     226
     186
     197
     215
     185
     256
     288
     338
     413
     368
     320
     222
     168
     167
     162
     182
     173
     180
     175
     160
     157
     208
     172
     191
     158
     162
     140
     179
     192
     187
     170
     180
     170
     174
     191
     185
     174
     216
     230
     206
     214
     194
     184
     159
     192
     169
     151
     132
     174
     144
     178
     147
     174
     160
     169
     157
     136
     171
     166
     158
     165
     159
     167
     180
     158
     147
     146
     184
     160
     183
     161
     154
     155
     176
     161
     171
     161
     176
     153
     160
     163
     169
     164
     162
     164
     144
     169
     164
     159
     194
     193
     168
     175
     167
     169
     156
     173
     179
     177
     174
     169
     165
     133
     160
     167
     175
     193
     197
     197
     192
     186
     181
     181
     217
     202
     134
     168
     193
     198
     228
     247
     264
     251
     192
     188
     190
     156
     163
     173
     179
     207
     188
     217
     212
     210
     194
     151
     167
     158
     164
     139
     165
     174
     174
     156
     154
     176
     162
     152
     170
     164
     175
     171
     155
     147
     171
     164
     183
     165
     167
     167
     155
     162
     152
     161
     177
     168
     168
     156
     164
     139
     182
     152
     172
     173
     183
     175
     186
     204
     213
     178
     148
     156
     161
     165
     166
     243
     252
     313
     423
     413
     307
     268
     202
     181
     149
     168
     134
     183
     146
     158
     176
     142
     159
     185
     150
     158
     153
     166
     141
     146
     159
     156
     151
     147
     145
     163
     180
     144
     136
     173
     148
     157
     160
     146
     176
     157
     160
     153
     144
     152
     135
     168
     155
     158
     158
     130
     172
     170
     163
     166
     162
     160
     144
     160
     160
     152
     150
     136
     129
     162
     154
     135
     153
     146
     138
     137
     164
     139
     125
     162
     131
     165
     172
     147
     154
     185
     132
     161
     157
     165
     168
     132
     140
     166
     142
     163
     156
     158
     183
     177
     176
     158
     158
     153
     153
     180
     160
     153
     141
     150
     147
     160
     168
     183
     172
     171
     166
     149
     153
     153
     168
     142
     171
     148
     152
     147
     160
     172
     173
     205
     210
     223
     275
     353
     396
     478
     398
     327
     195
     172
     136
     162
     171
     214
     289
     503
     814
    1236
    1426
    1412
    1026
     688
     346
     208
     146
     143
     143
     150
     168
     148
     132
     161
     138
     135
     160
     145
     137
     154
     148
     140
     116
     171
     152
     158
     134
     143
     160
     150
     142
     148
     173
     157
     141
     143
     168
     148
     135
     155
     160
     157
     148
     142
     155
     150
     155
     161
     166
     176
     160
     177
     170
     152
     129
     144
     144
     139
     145
     169
     165
     204
     249
     302
     290
     246
     208
     180
     164
     165
     156
     142
     137
     139
     153
     159
     151
     138
     139
     139
     158
     137
     147
     156
     131
     143
     144
     150
     177
     151
     148
     162
     160
     165
     163
     157
     149
     147
     154
     142
     155
     147
     146
     192
     173
     159
     165
     170
     198
     190
     171
     170
     141
     150
     136
     143
     161
     126
     146
     155
     159
     145
     137
     149
     169
     152
     133
     146
     158
     153
     186
     214
     229
     209
     167
     170
     160
     145
     146
     170
     192
     237
     268
     306
     368
     315
     351
     347
     432
     356
     301
     247
     204
     161
     187
     198
     299
     438
     640
     831
     905
     821
     627
     346
     225
     164
     142
     148
     136
     126
     137
     157
     134
     159
     163
     142
     132
     127
     149
     130
     135
     124
     144
     142
     151
     135
     130
     130
     127
     145
     149
     126
     140
     127
     127
     128
     158
     133
     149
     151
     156
     147
     127
     129
     135
     140
     127
     125
     157
     132
     145
     129
     145
     154
     138
     151
     149
     135
     162
     147
     160
     138
     151
     164
     145
     139
     139
     141
     130
     161
     146
     151
     136
     145
     145
     125
     134
     142
     145
     142
     143
     121
     126
     138
     156
     151
     183
     182
     221
     197
     195
     164
     163
     140
     130
     162
     137
     141
     134
     130
     164
     154
     130
     109
     129
     139
     126
     144
     143
     137
     135
     114
     146
     137
     146
     145
     121
     126
     146
     133
     132
     144
     149
     134
     146
     133
     142
     129
     151
     127
     136
     131
     136
     150
     157
     147
     135
     135
     150
     134
     143
     147
     149
     129
     136
     127
     129
     130
     148
     123
     123
     110
     152
     142
     120
     131
     138
     155
     146
     140
      94
     133
     141
     158
     163
     131
     147
     134
     163
     159
     122
     128
     142
     140
     136
     129
     139
     145
     131
     137
     148
     148
     130
     131
     125
     137
     139
     133
     143
     125
     138
     130
     162
     146
     135
     135
     116
     138
     127
     151
     129
     140
     131
     113
     134
     138
     141
     120
     176
     155
     128
     126
     151
     143
     156
     106
     131
     151
     130
     147
     156
     141
     150
     134
     117
     135
     128
     152
     138
     168
     164
     155
     142
     150
     123
     138
     142
     153
     154
     152
     127
     136
     127
     153
     136
     152
     156
     125
     136
     139
     154
     134
     116
     144
     135
     132
     136
     167
     152
     142
     171
     166
     126
     157
     150
     146
     155
     130
     145
     145
     160
     155
     137
     143
     132
     126
     147
     158
     164
     164
     144
     144
     145
     141
     128
     140
     125
     130
     130
     132
     146
     132
     129
     135
     152
     134
     136
     131
     156
     148
     157
     149
     161
     148
     157
     150
     147
     158
     132
     147
     135
     124
     129
     142
     128
     130
     164
     150
     145
     123
     148
     137
     138
     143
     140
     176
     127
     161
     142
     158
     137
     122
     126
     134
     123
     123
     134
     135
     142
     140
     110
     164
     135
     159
     154
     175
     154
     170
     140
     119
     141
     149
     117
     143
     164
     142
     149
     146
     139
     131
     142
     143
     146
     132
     145
     129
     131
     142
     151
     144
     141
     133
     147
     145
     144
     128
     119
     148
     134
     165
     161
     147
     142
     141
     150
     141
     159
     145
     135
     175
     243
     274
     275
     272
     236
     207
     167
     148
     137
     136
     152
     151
     141
     140
     129
     143
     144
     141
     151
     143
     159
     158
     156
     208
     262
     362
     539
     649
     766
     686
     594
     375
     224
     209
     168
     152
     120
     138
     137
     157
     134
     155
     130
     121
     139
     149
     148
     140
     152
     151
     124
     136
     150
     170
     165
     130
     147
     135
     141
     140
     140
     134
     138
     153
     132
     135
     152
     147
     145
     121
     157
     152
     129
     150
     142
     153
     166
     151
     146
     149
     130
     147
     145
     159
     140
     135
     142
     156
     158
     142
     137
     156
     142
     159
     160
     159
     175
     158
     150
     148
     139
     153
     158
     137
     129
     136
     172
     138
     149
     123
     153
     142
     135
     154
     134
     167
     140
     151
     131
     162
     157
     165
     203
     197
     206
     211
     224
     180
     160
     173
     139
     151
     148
     152
     165
     147
     162
     145
     156
     141
     122
     159
     168
     161
     155
     159
     159
     150
     145
     134
     142
     132
     151
     144
     127
     164
     153
     165
     155
     156
     151
     161
     147
     142
     152
     155
     148
     159
     144
     156
     151
     156
     160
     151
     175
     169
     173
     138
     155
     163
     150
     152
     137
     167
     166
     144
     149
     154
     173
     134
     171
     160
     140
     164
     145
     152
     177
     167
     167
     168
     158
     149
     156
     160
     175
     146
     169
     161
     183
     166
     157
     157
     140
     167
     161
     178
     152
     166
     159
     132
     158
     142
     165
     140
     161
     173
     178
     152
     146
     154
     148
     180
     160
     163
     178
     173
     151
     144
     152
     184
     153
     153
     162
     154
     145
     150
     167
     174
     157
     158
     170
     164
     153
     155
     176
     163
     169
     159
     154
     159
     174
     154
     165
     156
     167
     151
     175
     192
     197
     176
     188
     146
     172
     190
     152
     172
     164
     182
     164
     154
     205
     165
     151
     148
     162
     183
     172
     168
     136
     172
     180
     162
     149
     170
     147
     157
     145
     149
     173
     201
     156
     174
     174
     172
     187
     170
     186
     171
     159
     192
     166
     176
     162
     185
     162
     205
     185
     196
     217
     212
     212
     204
     214
     179
     186
     176
     168
     160
     167
     138
     159
     138
     160
     182
     161
     160
     176
     152
     156
     169
     163
     166
     158
     137
     141
     178
     173
     176
     164
     200
     229
     280
     350
     388
     371
     323
     290
     243
     200
     190
     164
     150
     147
     139
     131
     144
     166
     137
     147
     137
     172
     144
     143
     138
     146
     145
     152
     160
     151
     144
     126
     136
     134
     164
     149
     140
     129
     132
     124
     123
     132
     136
     128
     123
     135
     138
     130
     147
     145
     119
     126
     123
     137
     114
     119
     117
     117
     118
     115
     136
     119
     107
     129
     115
     134
     117
     115
     122
     112
     118
     112
     111
     122
     123
     134
     103
     123
     115
     114
     106
     108
     117
     122
     120
     131
     116
     123
     134
     115
     114
     115
     115
     121
     104
     115
     124
     110
     117
     150
     102
     127
      85
     110
      93
     119
     130
     112
     127
     121
     105
     110
     105
     126
     101
      95
     120
     113
     127
     120
     151
     149
     168
     178
     155
     162
     132
     131
      98
     100
     102
     110
     107
     130
      94
     114
     120
     110
     118
      99
     114
     103
      90
     114
     114
     117
     111
     112
     102
     102
     121
     105
     104
     106
     111
     112
     111
     102
     107
     105
     100
     111
     104
      92
     104
      96
     110
     118
     112
     103
     108
     103
     114
      90
      90
     113
      87
     110
     111
      88
      94
      81
      87
      91
      81
     111
      79
      98
      97
      95
     107
      88
     102
      89
      99
      93
      81
     110
      91
      94
     112
      88
      94
     115
      80
      85
     118
      90
      84
      88
      99
      91
      85
      92
     114
      98
      74
      92
      90
      71
      87
      96
      85
     104
      98
      94
      90
      89
      79
      73
      87
      84
     101
      80
      88
      94
      83
      98
      74
      88
      88
      79
      89
      74
      84
      91
      83
      96
      99
      77
      79
      84
     104
      68
      83
      86
      76
      81
      78
      85
      84
      78
      85
      96
      79
     104
      86
      78
      78
      75
      93
      73
      68
      93
      80
      66
      96
      67
      86
      96
      79
      76
      77
     102
      74
      85
      64
      88
      80
      75
      79
      69
      77
      64
      61
      65
      62
      80
      62
      64
      74
      70
      65
      87
      75
      73
      80
      66
      72
      79
      84
      59
      70
      65
      54
      72
      86
      74
      66
      73
      53
      53
      52
      57
      69
      75
      73
      63
      63
      60
      60
      78
      69
      71
      60
      70
      76
      63
      83
      54
      66
      64
      63
      67
      64
      90
      92
      92
     106
      98
      91
      70
      72
      71
      61
      77
      68
      62
      67
      80
      68
      61
      66
      55
      77
      76
      67
      61
      80
     105
      67
      61
      71
      62
      68
      61
      60
      62
      67
      60
      74
      70
      63
      65
      74
      99
     128
     141
     177
     216
     214
     200
     177
     124
     107
      59
      54
      61
      62
      61
      62
      63
      64
      61
      53
      65
      71
      79
      75
     100
      97
      88
     110
      83
      85
      59
      75
      59
      58
      60
      54
      57
      57
      54
      60
      58
      67
      59
      73
      70
      86
      75
      63
      75
      65
      49
      63
      49
      65
      62
      55
      56
      64
      61
      60
      46
      52
      47
      50
      57
      58
      66
      82
     104
      76
     100
     113
     101
      89
      71
      67
      61
      59
      53
      58
      50
      57
      67
      66
      87
      64
     108
     123
     149
     138
     120
     112
      99
      88
      66
      59
      59
      56
      72
      50
      65
      71
      70
      59
      56
      51
      51
      62
      67
      59
      48
      58
      64
      55
      51
      55
      57
      57
      55
      51
      50
      56
      60
      49
      55
      54
      47
      58
      69
      45
      40
      70
      70
      58
      45
      54
      50
      81
      48
      60
      61
      47
      60
      54
      67
      47
      67
      48
      70
      59
      57
      55
      51
      62
      69
      49
      67
      60
      68
      57
      75
      70
      55
      60
      62
      62
      55
      60
      51
      45
      63
      62
      57
      60
      64
      54
      64
      65
      74
      73
      83
      60
      82
     109
     168
     279
     455
     740
    1130
    1464
    1489
    1288
     949
     547
     324
     154
      78
      55
      70
      55
      60
      55
      55
      56
      57
      55
      69
      54
      55
      52
      48
      74
      55
      55
      60
      51
      60
      68
      56
      76
      62
      74
      49
      60
      71
     108
      97
     114
     204
     342
     633
    1286
    2297
    3668
    5080
    6503
    6526
    6051
    4446
    2721
    1489
     665
     255
     124
      47
      27
      55
      41
      51
      34
      24
      43
      44
      37
      36
      33
      35
      31
      43
      37
      50
      31
      39
      38
      35
      34
      29
      40
      32
      49
      49
      43
      44
      49
      39
      36
      46
      38
      46
      42
      39
      43
      34
      47
      51
      54
      67
      42
      47
      28
      42
      40
      47
      32
      38
      35
      57
      45
      57
      40
      34
      36
      43
      39
      38
      41
      40
      40
      42
      30
      43
      34
      29
      44
      36
      45
      40
      41
      30
      35
      23
      50
      49
      53
      42
      52
      35
      48
      39
      48
      58
      64
      59
      79
      74
      60
      56
      47
      37
      41
      31
      46
      46
      44
      54
      36
      45
      56
      51
      52
      61
      50
      57
      35
      30
      30
      42
      36
      33
      42
      40
      36
      48
      30
      54
      50
      62
      85
     104
     110
     115
     102
      97
      71
      60
      49
      39
      44
      49
      45
      50
      48
      47
      51
      44
      39
      52
      34
      40
      27
      36
      41
      47
      31
      37
      39
      27
      40
      28
      35
      38
      47
      39
      34
      42
      55
      26
      29
      34
      33
      34
      34
      30
      26
      37
      24
      32
      45
      42
      51
      33
      35
      44
      38
      47
      39
      33
      43
      35
      38
      32
      38
      35
      41
      37
      31
      31
      36
      38
      32
      38
      36
      38
      42
      34
      46
      57
      44
      40
      53
      50
      53
      56
      52
      58
      37
      29
      36
      31
      37
      46
      33
      55
      51
      46
      44
      47
      41
      29
      29
      33
      38
      42
      34
      28
      30
      35
      29
      35
      29
      43
      33
      33
      27
      25
      34
      31
      41
      34
      29
      36
      31
      44
      29
      33
      34
      31
      31
      33
      37
      35
      41
      47
      32
      38
      35
      39
      35
      35
      36
      28
      33
      38
      31
      34
      41
      49
      23
      47
      30
      41
      37
      38
      36
      39
      25
      36
      26
      23
      37
      37
      35
      36
      35
      38
      45
      55
      55
      37
      37
      48
      33
      32
      40
      35
      41
      49
      33
      41
      43
      58
      34
      50
      43
      37
      40
      41
      35
      35
      30
      42
      31
      38
      38
      42
      52
      60
      53
      44
      52
      43
      52
      53
      51
      79
      63
      37
      38
      30
      31
      36
      42
      42
      82
      78
      97
     144
     131
     133
     105
      81
      61
      46
      29
      42
      48
      45
      57
      88
      89
      80
      96
      60
      60
      48
      51
      39
      52
      44
      32
      38
      34
      38
      44
      33
      37
      35
      44
      41
      42
      34
      42
      34
      36
      34
      39
      40
      56
      31
      25
      30
      32
      29
      36
      34
      32
      34
      29
      23
      22
      23
      27
      33
      36
      37
      20
      29
      32
      34
      36
      38
      38
      41
      41
      41
      24
      31
      33
      30
      25
      27
      27
      29
      39
      21
      43
      36
      41
      35
      28
      34
      39
      41
      37
      43
      63
      70
      96
      72
      75
      54
      50
      41
      25
      28
      29
      31
      41
      34
      40
      32
      32
      30
      25
      37
      20
      28
      27
      34
      28
      42
      53
      53
      69
      87
      66
      57
      38
      45
      29
      45
      34
      24
      23
      32
      28
      18
      26
      28
      28
      30
      31
      42
      41
      39
      36
      34
      37
      36
      27
      28
      26
      33
      36
      31
      24
      30
      29
      26
      33
      33
      32
      33
      23
      28
      31
      30
      35
      25
      35
      23
      24
      31
      30
      27
      31
      32
      35
      28
      21
      20
      25
      19
      32
      19
      25
      23
      25
      26
      27
      35
      28
      25
      23
      27
      24
      19
      15
      33
      24
      30
      30
      32
      39
      26
      43
      39
      65
      56
      62
      50
      42
      33
      32
      33
      22
      30
      35
      29
      28
      30
      30
      32
      22
      25
      30
      24
      18
      24
      19
      25
      21
      35
      32
      20
      22
      34
      34
      25
      35
      22
      24
      33
      24
      21
      30
      23
      19
      28
      26
      30
      23
      22
      29
      31
      28
      25
      21
      32
      35
      22
      34
      24
      25
      27
      21
      30
      25
      37
      25
      33
      22
      35
      35
      37
      25
      29
      28
      21
      25
      21
      19
      31
      27
      16
      24
      30
      19
      33
      23
      28
      19
      28
      24
      22
      25
      34
      36
      24
      37
      29
      29
      26
      23
      16
     129
    1480
    4049
    4086
    5017
    3519
     451
     325
     306
     246
     196
     181
     150
     107
     119
     126
      94
     100
     105
      81
      72
      76
      82
     177
     417
     281
     233
     240
     137
      99
     111
     115
      98
      74
      88
      79
      72
      93
      73
      82
      75
      76
      72
      69
      51
      71
      65
      54
      60
      63
      51
      52
      48
      40
      40
      63
      51
      45
      48
      45
      52
      59
      95
     203
     253
     248
     354
     284
      70
      57
      52
      49
      57
      52
      69
      63
      63
      77
      79
      74
      76
      74
      95
     115
     126
      85
      97
     127
     165
     208
     213
     196
     228
     208
     173
     132
     137
     134
      97
     111
     130
     109
     117
      93
     109
     134
     162
     153
     143
     169
     161
     169
     229
     225
     271
     246
     232
     275
     318
     364
     263
     242
     253
     294
     329
     339
     323
     284
     250
     141
      48
      33
      28
      28
      30
      18
      26
      29
      27
      28
      38
      35
      33
      36
      30
      34
      36
      35
      40
      40
      45
      36
      31
      27
      32
      17
      24
      24
      25
      22
      34
      22
      10
      20
      23
      23
      33
      16
      24
      24
      26
      18
      27
      21
      27
      22
      16
      22
      21
      40
      49
      65
     142
     199
     299
     409
     475
     533
     482
     381
     278
     187
      88
      51
      20
      34
      18
      17
      19
      24
      27
      16
      17
      18
      21
      10
      26
      15
      18
      19
      14
      31
      22
      13
      20
      20
      13
      16
      17
      15
      20
      25
      23
      12
      19
      19
      19
      25
      12
      14
      16
      36
      14
      15
      20
      17
      26
      18
      23
      18
      17
      12
      19
      22
      18
      17
      19
      18
      19
      15
      13
      17
      18
      21
      19
      22
      12
      24
       8
      14
      11
      16
      20
      20
      17
       9
      24
      14
      26
      18
      23
      20
      25
      21
      16
       8
      17
      19
      17
      17
      20
      10
      18
      14
      19
      19
      28
      17
      14
      18
      17
      11
      19
      13
      18
      23
      19
      23
      18
      21
      20
      23
      22
      20
      21
      18
      18
      18
      17
      13
      15
      13
      26
      11
      20
      14
      18
      15
      24
      14
      17
      13
      25
      20
      25
      22
      16
      10
      15
      11
      17
      18
      19
      24
      17
      18
      13
      17
      20
      19
       9
      23
      20
      14
      24
      12
      17
      12
      11
      25
      17
      13
      14
      16
      20
      14
      14
      15
      18
      11
      15
      17
      15
      21
      24
      23
      25
      16
      13
      11
      24
      20
      22
      11
      15
      23
      20
      17
      19
      21
      24
      20
      25
      16
      22
      14
      22
      32
      25
      32
      23
      29
      19
      18
      22
      19
      22
      18
      11
      15
      14
      20
      18
      18
      16
      23
      22
      20
      28
      24
      39
      62
      66
      78
      87
      84
      80
      72
      46
      35
      23
      23
      11
      13
      15
      13
      12
      20
      15
      15
      17
      22
      18
      14
      13
      15
      21
      19
      16
      22
      19
      17
      18
      25
      17
      23
      10
      18
      24
      16
      21
      23
      23
      15
      19
      16
       7
      16
      22
      27
      16
      19
      13
      17
      14
      13
      18
      18
      19
      16
      17
      20
      10
      14
      18
      17
      23
      24
      13
      20
      15
      27
      19
      40
      28
      31
      20
      24
      20
      26
      10
      16
      12
      28
      15
      22
      14
      17
      21
      14
      20
      17
      17
      23
      24
      19
      12
      21
      16
      21
      19
      16
      15
      17
      22
      15
      14
      16
      20
      22
      19
      21
       9
      19
      15
      26
      14
      11
      14
      20
      15
      27
      14
      27
      19
      16
      16
      13
      24
      17
      19
      16
      16
      20
      15
      21
      17
      23
      33
      14
      20
      22
      30
      10
      20
      18
      19
      27
      18
      20
      20
      16
      26
      21
      18
      16
      16
      19
      15
      15
      14
      23
      18
      15
      14
      17
      15
      15
      20
      21
      13
      21
      25
      19
      17
      24
      20
      15
      15
      17
      20
      19
      14
      14
      15
      20
      17
      22
      10
      15
      19
      14
      22
      18
      18
      22
      19
      16
      22
      16
      16
      15
      13
      17
      15
      20
      16
      25
      17
      22
      22
      18
      15
      21
      19
      20
      28
      16
      16
      17
      18
      11
      14
      18
      15
      14
      26
      17
      17
      15
      14
      17
      14
      12
      19
      23
      23
      18
      17
      20
      18
      15
      13
      16
      22
      11
      21
      19
      18
      13
      19
      20
      21
      17
      23
      16
      19
      15
      14
      20
      10
      19
      23
      30
      21
      16
      22
      23
      13
      13
      16
      17
      17
      20
      18
      11
      14
      16
      18
      16
      19
      13
      13
      20
      14
      25
      23
      16
      27
      18
      17
      22
      12
      17
      13
      16
      17
      25
      19
      12
      18
      25
      17
      20
      10
      15
      19
      22
      11
      14
      18
      16
      20
      17
      15
      21
      16
      14
       8
      15
      18
      12
      24
      19
      17
      13
      15
      21
      14
      13
      19
      17
      18
      18
      13
      24
      17
      16
      25
      30
      21
      18
      15
      18
      14
      17
      15
      18
      13
      18
      17
      14
      15
      23
      19
       8
      18
      15
      20
      11
      18
      25
      12
      15
      15
      13
      15
      16
      13
      17
      13
      10
      14
      19
      11
      10
      23
      24
      14
      15
      15
      21
      13
      14
      14
       8
      15
      26
      22
      18
      19
      13
      17
      20
      16
      17
       8
      18
      21
      16
      26
      21
      15
      13
      20
      10
      14
      20
      14
      20
      14
      18
      16
      25
      16
      17
      14
      16
      16
      15
      16
      13
      19
      12
      17
      18
      16
      14
      22
      16
      16
      14
      13
      17
       7
      14
      19
      16
      11
      17
      22
      18
      15
      24
      26
      13
      17
      13
      17
      14
      18
      20
      19
      12
      22
      19
      19
      15
      10
      19
      19
       7
      13
      11
      15
      12
      21
      17
      11
      11
      22
      22
      17
      17
      21
      12
       9
      25
      17
      21
      13
      14
      11
       9
      17
       8
      10
      15
      22
      20
      15
      13
      24
      15
      14
      16
      17
      16
      21
      18
      22
      17
      16
      12
      13
      12
      20
      11
      13
      21
      13
      18
      19
      20
      15
      14
      14
      14
      21
      12
      19
      11
      17
      17
      14
      14
      20
      15
      11
      17
      20
      13
      12
      12
      13
       8
      17
      13
      19
      19
      14
      21
      19
      15
      14
      14
      19
      10
      18
      13
      22
      16
      20
      14
      12
      12
      17
      14
      16
      21
      14
      18
      17
      15
      22
      15
      15
      19
      14
      17
      13
      19
      18
      22
      15
      15
       5
      19
      23
      19
      12
      16
      10
      17
      15
      20
      12
      13
      14
      17
      15
      11
      13
      16
      15
      16
      19
      15
      12
      15
      18
      24
      12
      24
      21
      17
      22
       8
      20
      25
      15
      20
      18
      16
      11
      22
      20
      14
      16
      20
      12
      12
      13
      12
      13
      16
      20
      12
      22
      15
      17
      16
      13
      12
      16
      21
      10
      18
      18
      22
      22
      17
       9
      15
       9
      15
       9
      13
      22
      12
      11
      15
      17
       8
      16
      15
      18
      15
       6
      17
      18
      19
      22
      13
      13
      14
      10
      11
      14
      17
      11
      13
      15
      18
      20
      10
      15
      10
      14
      18
      11
      22
      11
      16
      15
      12
      17
      11
      13
      16
      25
      13
      17
      10
      16
      22
      19
      25
      20
      28
      36
      44
      51
      78
      82
      80
      91
      87
      82
      66
      57
      52
      42
      32
      27
      20
      15
      27
      15
      12
      21
      15
      20
      16
      14
      16
      15
      23
      12
      14
      14
      17
       9
      11
      13
      21
      16
      16
      13
       7
      20
      16
      22
      33
      22
      37
      40
      51
      39
      36
      37
      31
      30
      18
      16
      18
      16
      17
      13
      15
      16
      16
      21
      15
      15
      22
      20
      13
      13
      13
      10
      10
      21
      13
      13
      18
      13
       9
      15
      16
      13
       8
      10
      14
      19
      15
      14
      15
      15
      19
      17
       7
      27
       7
      16
      20
      13
      14
      10
      17
      16
      14
      16
      14
      10
      14
      13
       7
      12
      16
       8
      20
      18
      18
      15
      19
       9
      12
      19
      15
      21
      14
      10
       9
      17
      10
      17
      25
      15
      11
      16
      13
      12
      15
      13
      20
      16
      16
      16
      16
      13
      16
      12
      15
      15
      13
      10
      17
      16
      17
      10
      10
      11
      12
      23
      22
      14
      11
      10
      12
      12
      18
      13
      11
      14
      19
      10
      13
      11
       9
      11
      16
      14
      21
      22
      13
      17
      11
      14
      21
      23
       9
      21
      10
      12
      22
      15
      16
      17
      11
      18
      23
      15
      14
      15
      12
      27
      13
      19
      20
      16
      16
      18
      16
      19
       9
      21
      21
      17
      22
      16
      14
      13
      17
      16
      17
      14
      16
      11
      20
      20
      17
      17
      19
      13
      17
      21
      20
      12
      12
      19
      14
      14
      17
      16
      20
      13
      14
      19
      18
      17
      14
      18
      20
      18
      21
      14
      17
       9
      21
      12
       9
      17
      16
      17
      13
      21
      12
      18
      12
      21
      18
      26
      12
      14
      19
      16
      18
      15
      15
      17
      13
      18
      25
      34
      45
      45
      48
      88
     133
     137
     135
     144
     123
     129
      80
      58
      42
      24
      17
      16
      19
      14
      19
      20
      13
      18
      14
      12
      15
      25
      11
      14
      12
      20
      18
      24
      17
      16
      16
      15
      18
      19
      15
      21
      14
      13
      13
      16
      22
       8
      14
       8
      14
      11
      15
      21
      23
      14
      15
      23
      17
      16
      14
      12
      10
      16
      18
      19
      12
      20
      18
      20
      25
      16
      14
      17
      15
      19
      13
      15
      12
      19
      21
      14
      17
      11
      15
      16
      13
      14
      14
      10
      15
      13
      17
      21
      12
      13
      23
      19
       9
      16
      13
      15
      10
      15
      12
      12
      16
      13
      11
      14
      17
      13
      11
      14
      14
      17
       9
      11
      19
      15
      14
      12
      18
      20
      13
      15
      15
      16
      14
      17
      17
      10
      22
      18
      19
      13
      19
      18
      16
      18
      16
      19
      13
      15
      17
      19
      14
      22
      10
      16
      16
      16
      17
      20
      11
      11
      18
      16
      17
      21
      14
      17
      20
      15
      18
      16
      14
      12
       8
      18
      16
      13
      13
      16
      25
      11
      15
      11
      18
      20
      10
      19
      12
      20
      19
      24
      13
      15
      15
      12
      18
      17
      16
      18
      22
      18
      13
      19
      14
      14
      11
      13
      23
      11
      17
      15
      16
      19
      15
      14
      17
      17
      16
      15
      18
      19
      13
      20
      11
      16
      17
       9
      17
      11
      18
      11
      18
      20
       9
       8
      20
      17
      20
      18
      18
      18
      17
      15
      15
      20
      14
      14
      14
      14
      15
      10
      15
      16
      12
      27
      19
      22
      31
      21
      24
      26
      24
      18
      21
      15
      23
       6
      17
      17
       9
      17
      13
      15
      24
      12
      18
      16
      15
      21
      15
      19
      21
      19
      12
      15
      18
       8
      15
      17
      11
      17
      21
      13
      14
      13
      22
      19
      13
      16
      13
      10
      23
      17
      20
      13
      16
      11
       8
      16
      14
      15
      18
      21
      16
      21
      20
      16
      15
      16
      20
      20
      16
      11
      12
      20
      14
      24
      13
      23
      14
      18
      16
      19
      18
      14
      15
      21
      24
      23
      14
      20
      17
      24
      18
      18
      14
      13
      13
      19
      12
      16
      20
      15
      29
      15
      12
       9
      14
      23
      20
      19
      15
      14
       7
      10
      20
      26
      23
      14
      10
      17
      17
      12
      20
      18
       9
      19
      18
      22
      14
      13
      22
      25
      17
      16
      21
       9
      23
      18
      20
      17
      21
      22
      16
      16
      15
      13
      19
      15
      21
      15
      16
      24
       9
      14
      15
      20
       6
      21
      13
      18
      18
      20
      16
      14
      24
      15
      17
      24
      15
      15
      16
      19
      23
      22
      19
      20
      22
      13
      16
      13
      12
      12
      12
      15
       8
       9
      22
      18
      18
      11
      22
      18
      25
      17
      15
      19
      18
      23
      24
      19
      16
      19
      21
      19
      20
      20
      20
      22
      19
      19
      18
      19
      18
      20
      17
      15
      19
      19
      23
      19
      25
      20
      16
      17
      11
      16
      18
      27
      18
      24
      18
      20
      15
      16
      20
      23
      13
      14
      25
      16
      10
      16
      15
      23
      17
      20
      13
      12
      13
      21
      19
      17
      15
      11
      16
      15
      15
      16
      19
      17
      12
      19
      11
      20
      13
      18
      11
      18
      14
      13
      17
      13
      18
      14
      16
      18
       9
       8
      15
      12
      16
      15
      11
      12
       9
       9
      14
      20
      20
      24
      10
      19
       7
      15
      11
      22
      16
      15
      17
      11
      14
      11
       8
      13
      16
      19
      15
      15
      13
      14
      12
      13
       8
       8
      21
      13
      17
      11
      12
      15
       6
      17
       6
       6
      17
      12
      13
      10
      20
      10
      22
      19
      11
      15
      10
       7
      12
      17
      14
      13
      14
      12
      17
      17
      14
      13
      16
      11
      12
      12
      14
      13
       8
      16
      10
      16
      24
      10
      15
      13
      11
      15
      16
      12
      14
      19
      14
       9
      11
       8
       9
      10
      14
       7
      10
      16
      13
       9
      16
      18
      12
      21
      15
      10
      12
       7
       7
      16
      10
      19
      15
      13
      11
      10
       8
      14
      13
      12
      12
      17
      13
       6
      20
      13
      14
       8
       6
       6
       7
      13
       6
       9
      14
      20
      14
      12
      10
       4
      12
      17
      10
      16
      15
      23
      32
      27
      35
      37
      39
      42
      39
      52
      44
      27
      19
      21
      11
      11
       8
      12
      10
       5
      11
       6
       5
      13
      12
       9
      11
      12
      13
      13
       7
      12
      12
       6
      14
      11
      12
       7
       9
       7
       9
      14
      14
      16
      20
       5
      10
      11
      10
       6
      10
      10
       4
      13
      13
      12
       5
       8
       9
      13
       8
      15
      11
      16
      12
      12
      17
       8
      11
      12
       7
       8
      13
       7
       6
       8
       9
       9
      13
       6
       9
       8
      10
      13
      15
       4
      13
      11
       8
      13
      11
       7
       8
       8
       6
      11
       6
      13
       4
       4
      10
      10
      10
      14
      10
      10
       7
      10
      12
       8
       7
       4
       9
       5
      11
       5
      11
       4
       7
       7
       7
       6
       5
       8
      16
       7
      10
       3
       8
      11
      11
       9
      12
       7
       7
      11
       8
      13
       6
       6
       9
       8
      11
      11
       5
      12
       9
      11
       6
      10
       8
      10
       9
       3
       4
       8
      10
       4
       9
       8
      10
       6
       3
       9
      13
      10
       2
       7
      11
       4
       1
       6
      10
       8
       3
       4
       7
      13
      13
       7
       8
       5
       7
       4
       6
       7
       1
       2
       9
       8
       9
       8
       8
       6
       9
       7
       4
       7
       7
       9
       8
       5
       3
       5
       5
       3
       2
       8
       9
       5
       6
       4
       3
       7
       7
      11
      10
       6
       7
      11
       3
       6
       3
       5
       3
       6
       7
       6
       7
       7
       7
       4
       8
       4
       4
       5
       4
       3
       6
       9
       7
       7
       3
       6
       7
       2
       3
       4
       3
       6
       6
       8
       2
       3
       7
       8
       9
       3
       6
       8
       2
       9
       6
       8
       6
       4
       3
       9
       1
       4
       8
       7
       8
       8
       5
       4
       4
       7
       5
       7
       7
       5
       4
       3
       3
       4
       8
       5
       8
       9
       5
       7
       5
       4
       7
       8
       4
       4
       3
       5
       7
       7
       7
       5
      10
       8
       3
       7
       4
       7
       5
       5
       7
      11
       3
       4
       9
       4
       6
       4
       4
      10
       4
       3
       8
       8
       6
       6
      10
       5
       3
       4
       8
       3
       2
       4
       6
       7
       4
       7
       4
       7
       7
       2
       6
       5
       4
       4
      10
       3
       7
       2
       5
       8
       3
       2
       5
       8
       6
       5
       8
       4
       2
       3
       3
       6
       6
       6
       4
       4
       4
       5
       8
       6
       6
       8
       5
       4
       3
       3
       5
       3
       5
       6
       4
       9
       9
       5
       7
       8
      10
       5
       1
       4
       7
       7
       1
       4
       2
       4
      11
       9
       6
       7
       5
       5
       4
      11
       6
       1
       6
       6
       5
      10
       4
       4
       3
       7
       6
       6
       7
       4
       8
       4
       6
       4
       2
      12
       4
       8
       3
       9
       8
       5
       5
       4
       4
       6
       8
       5
       6
       4
      10
       5
       9
       7
       8
       9
      10
      11
      13
      11
      13
      26
      38
      47
      70
     119
     196
     268
     372
     466
     585
     695
     633
     621
     583
     445
     333
     217
     115
      64
      29
      21
      15
       1
       4
       4
       2
       6
       4
       4
       5
       3
       3
       6
       5
       6
       7
       6
       6
       4
       2
       2
       6
       3
       2
       5
       4
       3
       4
       5
       5
       7
       4
       0
       6
       4
       1
       7
       5
       6
       6
       3
       6
       4
       4
       2
       5
       1
       3
       2
       4
       1
       4
       3
       2
       2
       4
       2
       5
       3
       3
       2
       6
       4
       5
       3
       7
       1
       5
       4
       2
       2
       4
       5
       4
       2
       6
       4
       4
       4
       0
       3
       4
       4
       3
       6
       3
       0
       3
       5
       3
       4
       2
       3
       2
       4
       3
       6
       4
       3
       2
       4
       1
       5
       4
       0
       2
       0
       2
       3
       4
       4
       4
       8
       1
       1
       5
       0
       8
       2
       5
       3
       6
       1
       2
       4
       4
       2
       2
       4
       5
       4
       2
       3
       3
       3
       2
       5
       3
       4
       2
       2
       7
       2
       6
       2
       5
       2
       5
       1
       1
       3
       4
       7
       3
       6
       0
       2
       1
       5
       5
       1
       4
       2
       7
       5
       4
       1
       5
       1
       1
       1
       7
       3
       6
       0
       4
       1
       6
       4
       2
       5
       4
       5
       5
       4
       5
       2
       6
       1
       7
      10
       9
       3
       3
       3
       5
       1
       3
       4
       3
       4
       3
       2
       4
       6
       3
       8
       4
       2
       6
       3
       2
       2
       3
       5
       1
       4
       1
       5
       1
       3
       4
       7
       3
       1
       1
       1
       3
       8
       3
       4
       3
       4
       2
       1
       1
       2
       5
       2
       4
       1
       4
       4
       5
       5
       5
       3
       4
       2
       3
       4
       1
       8
       1
       2
       3
       6
       2
       2
       4
       3
       2
       3
       2
       2
       4
       4
       4
       3
       1
       0
       1
       5
       3
       4
       6
       5
       3
       5
       2
       3
       3
       1
       5
       7
       2
       3
       7
       5
       6
       5
       5
       1
       4
       1
       3
       1
       3
       4
       4
       5
      10
       2
       3
       4
       1
       4
       4
       1
       5
       1
       2
       2
       6
       3
       2
       4
       4
       3
       4
       6
       7
       3
       1
       3
       3
       3
       6
       5
       4
       2
       0
       3
       2
       1
       5
       3
       3
       8
       5
       4
       3
       5
       4
       3
       2
       3
       3
       3
       1
       2
       3
       5
       4
       1
       5
       0
       2
       4
       2
       3
       4
       5
       0
       6
       2
       4
       1
       3
       4
       2
       7
       2
       3
       2
       4
       2
       2
       2
       4
       3
       2
       2
       0
       3
       3
       2
       1
       6
       2
       2
       6
       3
       3
       2
       4
       5
       1
       4
       2
       0
       2
       4
       3
       0
       1
       2
       7
       3
       2
       7
       5
       2
       5
       5
       4
       6
       1
       5
       4
       2
       4
       2
       0
       6
       7
       7
       4
       2
       0
       1
       2
       5
       5
       5
       4
       4
       3
       0
       4
       3
       4
       3
       3
       4
       1
       3
       4
       6
       3
       3
       2
       4
       5
       2
       6
       2
       3
       2
       2
       3
       2
       3
       3
       2
       3
       3
       2
       0
       3
       0
       6
       1
       4
       3
       3
       2
       2
       4
       2
       1
       1
       5
       4
       4
       1
       5
       1
       1
       2
       2
       1
       6
       3
       4
       8
       3
       5
       3
       3
       3
       2
       5
       3
       2
       1
       4
       3
       2
       1
       3
       4
       4
       3
       6
       7
       3
       1
       0
       3
       2
       4
       4
       5
       2
       3
       3
       4
       5
       1
       1
       2
       5
       1
       2
       2
       5
       5
       1
       6
       2
       0
       2
       2
       5
       1
       2
       3
       6
       2
       1
       4
       2
       3
       3
       3
       5
       2
       5
       3
       1
       2
       2
       6
       3
       1
       2
       8
       3
       9
       3
       5
       5
       3
       3
       3
       2
       2
       3
       0
       6
       2
       3
       4
       5
       6
       2
       2
       2
       2
       3
       4
       1
       2
       3
       1
       5
       4
       3
       7
       5
       5
       5
       6
       0
       2
       5
       3
       2
       4
       3
       1
       1
       4
       4
       5
       2
       4
       3
       2
       5
       3
       5
       5
       3
       1
       6
       3
       3
       2
       3
       2
       2
       1
       4
       4
       0
       3
       5
       4
       1
       4
       2
       4
       5
       1
       2
       2
       2
       3
       6
       6
       4
       4
       1
       7
       2
       4
       4
       1
       1
       2
       2
       1
       4
       4
       4
       2
       1
       0
       4
       3
       4
       1
       2
       4
       3
       7
       2
       2
       6
       4
       2
       5
       1
       2
       1
       2
       7
       1
       5
       6
       4
       1
       1
       2
       3
       2
       4
       2
       2
       1
       2
       2
       3
       3
       2
       3
       2
       0
       2
       1
       2
       2
       3
       4
       3
       1
       5
       2
       4
       3
       0
       4
       1
       4
       3
       5
       3
       1
       2
       3
       6
       0
       3
       2
       5
       5
       2
       3
       3
       3
       2
       4
       3
       5
       1
       3
       3
       2
       7
       0
       4
       2
       4
       6
       1
       5
       3
       2
       5
       3
       5
       4
       4
       4
       0
       3
       1
       4
       2
       2
       3
       3
       7
       4
       2
       1
       3
       2
       3
       7
       3
       2
       2
       4
       4
       3
       1
       4
       2
       5
       4
       5
       1
       4
       4
       2
       1
       6
       4
       2
       2
       0
       2
       1
       2
       1
       4
       4
       3
       4
       3
       4
       2
       1
       8
       1
       1
       2
       2
       3
       3
       1
       0
       3
       1
       2
       3
       2
       4
       7
       3
       2
       2
       3
       5
       2
       2
       1
       0
       2
     293
     638
     567
     617
     592
     631
     605
     612
     602
     589
     596
     636
     597
     578
     611
     601
     558
     605
     604
     593
     572
     621
     592
     597
     586
     591
     583
     610
     554
     602
     590
     567
     599
     569
     582
     581
     617
     604
     652
     611
     611
     600
     609
     618
     573
     607
     583
     550
     603
     603
     607
     625
     584
     588
     599
     605
     602
     586
     582
     584
     608
     659
     645
     634
     688
     702
    1610
    6227
   15970
   17083
   13927
    2359
    1169
     908
     751
     617
     571
     515
     487
     428
     355
     355
     324
     291
     253
     252
     248
     251
     197
     211
     182
     190
     169
     176
     161
     156
     127
      65
      34
      46
      38
      31
      35
      18
      36
      32
      49
      32
      38
      38
      34
      44
      32
      42
      39
      47
      24
      31
      37
      36
      32
      36
      28
      29
      32
      37
      44
      30
      34
      34
      47
      31
      36
      52
      35
      38
      39
      41
      34
      35
      48
      35
      36
      52
      48
      64
      59
      59
      56
      58
      77
     118
     313
     518
      62
       2
       1
       0
       0
       0
       0
       0
       0
       0
       0
       0
       0
       0
       0
       0
       0
       0
       0
       0
       0
       0
       0
       0
       0
       0
       0
       0
       0
       0
       0
$ROI:
0
$PRESETS:
None
0
0
$ENER_FIT:
16.649799 0.362015
$MCA_CAL:
3
1.664980E+001 3.620150E-001 2.667330E-007 keV
$SHAPE_CAL:
3
2.137440E+000 1.170910E-003 -6.987340E-008
