$SPEC_ID:
Background_Lab7
$SPEC_REM:
DET# 1
DETDESC# Rayleigh
AP# Maestro-PRO Version 9, 0, 2, 0
$DATE_MEA:
11/22/2025 23:46:36
$MEAS_TIM:
224852.86 225057.84
$DATA:
0 8191
       0
       0
       0
       0
       0
       0
       0
       0
       0
       0
       0
       0
       0
       0
       0
       0
       0
       0
       0
       0
       0
       0
       0
       0
       0
       1
      10
      76
     306
    1142
    1580
    1492
    1539
    1487
    1533
    1527
    1475
    1555
    1484
    1499
    1471
    1488
    1427
    1452
    1471
    1384
    1460
    1422
    1461
    1433
    1433
    1417
    1398
    1460
    1373
    1393
    1387
    1450
    1406
    1404
    1420
    1365
    1392
    1390
    1382
    1360
    1322
    1354
    1394
    1334
    1401
    1365
    1395
    1345
    1322
    1388
    1355
    1358
    1370
    1338
    1335
    1323
    1429
    1463
    1436
    1411
    1282
    1321
    1388
    1336
    1304
    1279
    1331
    1306
    1284
    1340
    1286
    1269
    1330
    1277
    1318
    1362
    1378
    1422
    1321
    1305
    1404
    1399
    1354
    1405
    1378
    1412
    1363
    1423
    1435
    1463
    1409
    1450
    1468
    1500
    1514
    1518
    1549
    1471
    1573
    1560
    1525
    1543
    1643
    1717
    2053
    2046
    1705
    1605
    1572
    1517
    1559
    1570
    1583
    1613
    1622
    1617
    1713
    1684
    1685
    1742
    1700
    1777
    1757
    1745
    1724
    1774
    1831
    1883
    1904
    2084
    2217
    2329
    2165
    2170
    2439
    3279
    4705
    4558
    3065
    2088
    2350
    3289
    5419
    6076
    3623
    2026
    1641
    1678
    1760
    1698
    1651
    1651
    1627
    1775
    1799
    1747
    1641
    1665
    1599
    1764
    1863
    2259
    2394
    2398
    2275
    2021
    1842
    1784
    2035
    2616
    3272
    3431
    2760
    1952
    1750
    1811
    2029
    2478
    2883
    2438
    1950
    1655
    1670
    1974
    2538
    3224
    3513
    3150
    2746
    2068
    1686
    1699
    1615
    1620
    1536
    1505
    1436
    1544
    1473
    1486
    1601
    1655
    1699
    1666
    1764
    1830
    1664
    1503
    1598
    1495
    1545
    1528
    1585
    1522
    1543
    1633
    1527
    1577
    1601
    1708
    1749
    1806
    1874
    1641
    1563
    1601
    1585
    1618
    1559
    1640
    1668
    1751
    1653
    1612
    1612
    1631
    1596
    1678
    1616
    1607
    1642
    1743
    1629
    1639
    1614
    1662
    1668
    1730
    1782
    1664
    1624
    1579
    1597
    1556
    1622
    1583
    1543
    1659
    1593
    1537
    1623
    1603
    1623
    1607
    1650
    1568
    1605
    1588
    1621
    1664
    1561
    1656
    1608
    1689
    1785
    1675
    1681
    1662
    1639
    1648
    1630
    1712
    1668
    1710
    1776
    2146
    2384
    2277
    1895
    1709
    1693
    1706
    1703
    1707
    1696
    1674
    1746
    1629
    1722
    1674
    1661
    1708
    1635
    1676
    1692
    1717
    1627
    1760
    1699
    1699
    1731
    1690
    1694
    1700
    1726
    1678
    1708
    1720
    1738
    1711
    1689
    1642
    1735
    1616
    1683
    1698
    1867
    2007
    1903
    1811
    1694
    1653
    1643
    1684
    1700
    1639
    1682
    1697
    1641
    1638
    1657
    1640
    1627
    1677
    1690
    1683
    1637
    1664
    1605
    1738
    1632
    1613
    1560
    1658
    1753
    1885
    1907
    1625
    1700
    1564
    1557
    1653
    1602
    1570
    1623
    1582
    1577
    1597
    1576
    1553
    1573
    1654
    1623
    1523
    1534
    1548
    1572
    1529
    1603
    1579
    1626
    1693
    1639
    1496
    1499
    1511
    1477
    1528
    1517
    1557
    1525
    1495
    1467
    1503
    1563
    1509
    1531
    1467
    1496
    1492
    1519
    1412
    1488
    1495
    1457
    1530
    1445
    1501
    1445
    1524
    1478
    1507
    1458
    1490
    1485
    1466
    1440
    1477
    1581
    1457
    1424
    1525
    1510
    1445
    1509
    1512
    1410
    1449
    1450
    1494
    1493
    1447
    1427
    1489
    1394
    1481
    1536
    1491
    1428
    1509
    1658
    1958
    2813
    3780
    3740
    2854
    1887
    1428
    1388
    1346
    1438
    1453
    1487
    1416
    1392
    1473
    1416
    1408
    1527
    1427
    1413
    1433
    1401
    1366
    1428
    1443
    1422
    1373
    1492
    1424
    1375
    1466
    1379
    1376
    1367
    1384
    1396
    1489
    1388
    1467
    1421
    1502
    1451
    1338
    1372
    1374
    1378
    1367
    1416
    1343
    1313
    1333
    1376
    1405
    1384
    1362
    1483
    1554
    1404
    1316
    1330
    1400
    1378
    1343
    1307
    1465
    1795
    2292
    2668
    2133
    1478
    1353
    1255
    1314
    1331
    1311
    1309
    1261
    1338
    1239
    1245
    1269
    1223
    1214
    1327
    1308
    1339
    1379
    1300
    1312
    1355
    1237
    1201
    1321
    1303
    1267
    1258
    1271
    1271
    1286
    1288
    1254
    1285
    1287
    1291
    1266
    1315
    1293
    1249
    1278
    1271
    1259
    1281
    1243
    1199
    1268
    1212
    1277
    1266
    1232
    1256
    1275
    1247
    1238
    1275
    1291
    1286
    1270
    1304
    1251
    1254
    1240
    1309
    1202
    1274
    1255
    1208
    1216
    1249
    1291
    1291
    1432
    1359
    1314
    1333
    1476
    2540
    5230
   11153
   16113
   12337
    5222
    1896
    1368
    1721
    2396
    2783
    3033
    3325
    3026
    2019
    1278
    1121
    1021
    1047
    1046
     983
    1020
    1041
    1038
    1041
    1074
     994
    1021
    1000
    1031
    1021
    1002
    1069
    1014
    1021
    1065
    1004
     969
    1013
     991
     967
     975
    1082
    1049
    1034
    1037
     917
     996
     973
    1054
    1001
     986
    1123
    1042
     986
    1002
     970
     980
    1136
    1207
    1102
     988
     935
     994
     961
     944
     956
     968
     956
     962
     901
     974
     931
     951
     983
     913
     958
     940
     897
     908
     928
     903
     909
     920
     928
     963
    1009
    1091
    1408
    1611
    1894
    1799
    1465
    1124
    1047
     912
     896
     899
     881
     918
     937
     906
     932
     975
     931
     887
     888
     925
    1049
    1334
    1422
    1325
    1038
     924
     941
     875
     896
     929
     858
     907
     878
     795
     906
     821
     852
     804
     853
     865
     863
     856
     841
     813
     855
     827
     878
     791
     837
     851
     840
     896
     898
     901
     877
     851
     804
     897
     843
     859
     822
     865
     866
     847
     824
     840
     838
     921
    1113
    1962
    3545
    5474
    5282
    2910
    1328
     832
     839
     728
     782
     774
     747
     800
     852
    1132
    1553
    1732
    1399
     979
     811
     815
     810
     800
     806
     799
     731
     756
     774
     841
     716
     818
     765
     778
     760
     796
     744
     761
     771
     715
     792
     725
     749
     782
     748
     760
     752
     789
     697
     762
     735
     764
     737
     735
     745
     740
     746
     773
     737
     732
     763
     719
     708
     714
     745
     766
     661
     695
     780
     761
     676
     743
     726
     733
     725
     801
     747
     764
     719
     760
     762
     754
     757
     771
     760
     709
     704
     732
     657
     764
     752
     797
     982
    1317
    1596
    1261
     976
     773
     738
     724
     757
     700
     720
     683
     760
     789
     798
     824
     694
     731
     675
     733
     761
     796
     704
     709
     691
     694
     804
     892
    1355
    2336
    3522
    3384
    2163
    1100
     735
     683
     690
     789
     728
     749
     688
     742
     668
     687
     729
     642
     674
     686
     667
     651
     690
     657
     677
     655
     706
     697
     685
     670
     672
     688
     730
     718
     719
     705
     992
    1761
    3563
    6682
    8901
    7048
    3422
    1302
     723
     652
     644
     584
     630
     589
     599
     663
     603
     612
     606
     581
     640
     617
     600
     601
     591
     640
     597
     612
     595
     606
     579
     585
     621
     597
     617
     593
     612
     627
     578
     560
     602
     581
     599
     578
     569
     565
     594
     560
     550
     593
     557
     618
     555
     590
     618
     566
     615
     603
     584
     591
     601
     577
     580
     566
     594
     628
     600
     582
     604
     587
     555
     578
     583
     601
     619
     576
     578
     555
     580
     583
     594
     560
     594
     582
     580
     550
     590
     518
     609
     531
     587
     539
     535
     596
     604
     587
     565
     605
     569
     591
     639
     659
     638
     547
     594
     626
     639
     634
     609
     610
     583
     594
     561
     572
     598
     602
     560
     568
     569
     580
     598
     562
     559
     582
     556
     598
     546
     591
     587
     543
     599
     549
     566
     556
     613
     561
     578
     598
     566
     569
     606
     611
     608
     657
     570
     553
     547
     527
     520
     544
     591
     589
     622
     594
     616
     522
     567
     514
     551
     597
     628
     699
     861
    1015
     846
     734
     548
     524
     490
     530
     499
     518
     554
     516
     505
     508
     516
     575
     528
     553
     524
     550
     554
     575
     509
     514
     490
     517
     511
     553
     521
     544
     533
     520
     551
     519
     490
     516
     522
     504
     542
     496
     530
     534
     517
     509
     511
     484
     522
     533
     515
     493
     514
     517
     488
     519
     494
     500
     488
     513
     478
     472
     518
     505
     517
     534
     423
     472
     488
     494
     487
     481
     465
     468
     504
     495
     495
     477
     509
     503
     508
     487
     487
     552
     541
     539
     520
     504
     500
     459
     494
     504
     454
     476
     484
     498
     485
     463
     464
     478
     468
     473
     498
     481
     452
     456
     472
     481
     522
     460
     433
     477
     491
     471
     489
     490
     439
     508
     454
     486
     489
     524
     537
     540
     507
     475
     471
     488
     534
     457
     462
     464
     466
     438
     454
     401
     451
     451
     452
     486
     472
     478
     458
     445
     440
     499
     506
     532
     640
     854
    1151
    1333
    1108
     759
     515
     468
     471
     437
     440
     491
     435
     451
     446
     466
     483
     461
     467
     474
     387
     474
     395
     434
     450
     443
     437
     425
     458
     421
     432
     451
     431
     458
     440
     482
     453
     445
     432
     444
     401
     457
     470
     441
     456
     470
     449
     470
     473
     436
     474
     497
     472
     472
     440
     455
     416
     422
     426
     430
     422
     408
     407
     396
     455
     406
     468
     436
     474
     469
     446
     492
     408
     375
     401
     412
     398
     380
     433
     413
     426
     442
     405
     408
     408
     412
     425
     415
     423
     395
     382
     383
     426
     402
     406
     412
     395
     428
     365
     444
     411
     422
     423
     426
     428
     423
     404
     390
     387
     391
     450
     420
     418
     396
     415
     448
     423
     414
     441
     402
     397
     421
     392
     443
     445
     429
     513
     514
     569
     665
     819
    1009
    1393
    1943
    2452
    2792
    2429
    1762
    1302
     967
     772
     662
     517
     473
     446
     428
     448
     388
     403
     401
     369
     405
     380
     407
     369
     403
     382
     402
     404
     381
     400
     406
     406
     386
     406
     384
     364
     378
     370
     380
     413
     388
     355
     407
     375
     433
     372
     380
     360
     367
     352
     393
     362
     371
     352
     390
     371
     362
     379
     323
     389
     382
     380
     377
     402
     348
     402
     437
     408
     384
     383
     365
     370
     345
     358
     379
     361
     367
     364
     381
     346
     394
     354
     345
     355
     384
     396
     335
     354
     384
     392
     376
     400
     390
     401
     364
     372
     393
     349
     367
     365
     384
     381
     409
     391
     413
     380
     387
     364
     365
     374
     354
     380
     355
     391
     353
     355
     365
     350
     349
     340
     361
     348
     378
     389
     373
     362
     378
     358
     359
     383
     355
     359
     351
     382
     361
     357
     321
     334
     378
     362
     407
     312
     341
     368
     393
     473
     455
     481
     450
     406
     415
     347
     347
     368
     331
     363
     383
     395
     342
     340
     340
     349
     357
     366
     370
     382
     365
     373
     393
     400
     360
     388
     356
     370
     352
     390
     371
     383
     378
     392
     373
     329
     345
     384
     391
     360
     331
     332
     333
     363
     352
     357
     392
     397
     383
     430
     417
     377
     385
     445
     709
    1346
    2642
    4241
    4814
    3786
    2058
     906
     449
     382
     374
     335
     362
     325
     341
     355
     306
     343
     332
     336
     303
     343
     340
     327
     357
     346
     343
     354
     318
     335
     343
     359
     373
     336
     321
     360
     345
     318
     347
     381
     362
     374
     331
     358
     331
     358
     355
     339
     366
     337
     351
     319
     340
     348
     356
     356
     346
     362
     338
     356
     348
     351
     317
     346
     369
     347
     358
     349
     385
     339
     371
     475
     779
    1584
    3183
    5253
    6268
    5399
    3102
    1299
     548
     366
     335
     359
     297
     329
     344
     306
     295
     305
     326
     336
     313
     363
     315
     312
     357
     279
     337
     303
     309
     307
     317
     283
     322
     328
     344
     342
     340
     310
     319
     305
     339
     305
     330
     304
     319
     327
     317
     294
     307
     311
     302
     322
     326
     318
     344
     287
     301
     328
     310
     330
     319
     319
     285
     334
     294
     356
     325
     287
     324
     324
     323
     337
     291
     307
     313
     315
     312
     276
     332
     276
     309
     302
     310
     292
     302
     276
     317
     325
     318
     307
     306
     305
     313
     340
     304
     303
     303
     293
     295
     300
     307
     309
     291
     330
     320
     316
     313
     306
     294
     298
     282
     255
     286
     295
     328
     297
     320
     305
     317
     325
     335
     312
     310
     299
     296
     332
     291
     293
     287
     280
     303
     332
     269
     309
     291
     288
     338
     279
     315
     274
     318
     294
     289
     285
     290
     412
     549
     771
     973
    1085
     889
     584
     401
     315
     323
     313
     344
     427
     454
     503
     453
     385
     349
     331
     289
     292
     315
     338
     298
     309
     256
     271
     286
     306
     290
     289
     271
     310
     296
     290
     306
     306
     291
     298
     283
     300
     305
     319
     298
     281
     305
     310
     294
     358
     332
     307
     274
     276
     295
     293
     301
     302
     291
     328
     281
     287
     294
     290
     302
     304
     315
     282
     272
     301
     287
     321
     283
     321
     272
     312
     279
     312
     276
     298
     294
     270
     291
     325
     296
     311
     287
     270
     295
     287
     294
     270
     276
     301
     303
     297
     295
     282
     293
     260
     287
     307
     269
     286
     301
     323
     310
     323
     312
     308
     280
     299
     309
     331
     318
     317
     341
     343
     359
     348
     353
     292
     306
     304
     299
     301
     301
     289
     289
     293
     323
     303
     298
     308
     286
     281
     297
     299
     299
     280
     301
     310
     292
     300
     270
     259
     271
     287
     268
     256
     316
     285
     252
     287
     296
     280
     303
     266
     289
     267
     293
     290
     289
     292
     324
     335
     330
     311
     298
     269
     255
     286
     275
     276
     279
     277
     297
     269
     275
     258
     313
     309
     356
     482
     750
    1098
    1123
    1072
     744
     475
     333
     292
     261
     277
     250
     281
     260
     250
     260
     281
     238
     274
     274
     292
     284
     291
     287
     269
     291
     307
     292
     295
     252
     269
     271
     278
     250
     246
     268
     296
     254
     290
     285
     275
     274
     269
     295
     323
     314
     314
     299
     285
     298
     257
     283
     284
     272
     274
     289
     260
     275
     270
     280
     243
     255
     266
     267
     243
     268
     246
     250
     254
     268
     251
     253
     245
     259
     300
     278
     250
     245
     301
     365
     353
     383
     319
     289
     261
     248
     285
     252
     252
     258
     242
     245
     277
     256
     245
     268
     287
     252
     286
     251
     256
     276
     335
     351
     301
     303
     253
     252
     285
     273
     332
     354
     338
     378
     466
     599
     799
     762
     694
     474
     311
     289
     258
     278
     266
     324
     377
     405
     430
     313
     290
     258
     245
     243
     250
     225
     224
     247
     220
     243
     246
     235
     247
     246
     216
     248
     241
     245
     239
     221
     228
     241
     272
     281
     289
     277
     307
     238
     260
     258
     229
     295
     334
     406
     459
     465
     415
     353
     296
     244
     273
     238
     243
     226
     206
     257
     222
     231
     221
     242
     212
     272
     224
     206
     219
     256
     274
     368
     461
     657
     779
     669
     472
     349
     283
     256
     237
     230
     215
     234
     227
     233
     222
     246
     248
     240
     243
     231
     215
     232
     230
     195
     257
     207
     225
     228
     213
     217
     272
     307
     339
     401
     340
     314
     304
     258
     246
     211
     240
     223
     246
     229
     256
     226
     219
     241
     209
     217
     231
     227
     223
     218
     217
     235
     210
     186
     257
     225
     211
     266
     227
     243
     228
     236
     205
     226
     193
     242
     204
     237
     252
     219
     263
     255
     234
     200
     224
     233
     219
     214
     218
     219
     207
     265
     238
     223
     207
     249
     254
     225
     245
     216
     213
     207
     216
     231
     237
     259
     262
     270
     263
     242
     274
     257
     247
     224
     221
     220
     224
     270
     288
     365
     389
     396
     394
     335
     261
     214
     219
     251
     274
     293
     292
     308
     297
     336
     293
     293
     276
     244
     224
     255
     238
     229
     229
     200
     223
     225
     212
     190
     220
     243
     228
     234
     213
     228
     212
     239
     239
     203
     207
     241
     220
     218
     224
     238
     214
     201
     198
     213
     229
     212
     222
     217
     206
     215
     235
     213
     214
     191
     250
     220
     225
     222
     192
     260
     238
     265
     322
     456
     561
     694
     684
     568
     376
     258
     217
     231
     234
     225
     214
     204
     189
     208
     199
     237
     223
     221
     206
     214
     191
     220
     228
     194
     212
     224
     225
     210
     221
     212
     202
     198
     205
     197
     210
     254
     211
     209
     211
     232
     204
     212
     216
     200
     195
     226
     228
     222
     186
     218
     189
     207
     219
     243
     227
     218
     243
     225
     218
     207
     195
     204
     214
     218
     226
     220
     228
     198
     222
     212
     202
     210
     218
     229
     210
     218
     227
     243
     205
     198
     206
     228
     204
     182
     228
     218
     219
     238
     215
     207
     237
     228
     264
     243
     240
     194
     209
     211
     212
     208
     218
     205
     207
     240
     219
     204
     239
     218
     230
     207
     239
     193
     202
     195
     213
     201
     213
     212
     220
     229
     244
     287
     316
     331
     256
     241
     199
     231
     218
     254
     225
     227
     217
     204
     223
     253
     293
     403
     838
    1499
    2519
    3077
    2953
    2252
    1314
     611
     303
     234
     218
     186
     189
     203
     218
     202
     211
     232
     179
     196
     232
     188
     187
     192
     212
     199
     210
     202
     186
     197
     190
     218
     217
     194
     201
     189
     209
     212
     196
     196
     196
     180
     206
     195
     188
     198
     204
     200
     190
     191
     213
     210
     216
     184
     234
     198
     199
     210
     202
     203
     195
     184
     203
     259
     292
     402
     470
     443
     420
     357
     241
     200
     219
     188
     184
     197
     192
     194
     180
     185
     177
     179
     203
     209
     191
     176
     198
     196
     206
     202
     203
     196
     184
     210
     223
     212
     190
     223
     210
     186
     173
     190
     194
     200
     215
     238
     215
     260
     270
     263
     264
     253
     224
     238
     231
     246
     240
     213
     191
     204
     188
     193
     194
     220
     202
     206
     199
     212
     172
     205
     193
     210
     217
     206
     227
     241
     187
     189
     199
     199
     184
     199
     194
     198
     183
     215
     233
     250
     335
     464
     580
     732
     743
     568
     405
     302
     218
     228
     270
     427
     699
    1151
    1628
    1856
    1697
    1186
     684
     399
     236
     192
     184
     182
     184
     213
     194
     169
     203
     174
     196
     190
     182
     201
     212
     207
     200
     195
     207
     177
     184
     173
     195
     182
     177
     204
     204
     185
     196
     185
     158
     189
     192
     190
     197
     202
     177
     197
     192
     195
     188
     203
     174
     199
     179
     202
     198
     227
     194
     221
     194
     212
     186
     175
     177
     192
     178
     184
     195
     184
     215
     185
     183
     178
     179
     188
     189
     208
     170
     195
     167
     181
     164
     193
     199
     194
     193
     208
     184
     218
     226
     255
     260
     297
     351
     295
     269
     230
     177
     192
     168
     185
     192
     196
     160
     197
     196
     201
     174
     185
     188
     199
     201
     182
     173
     194
     160
     165
     185
     188
     183
     176
     171
     179
     170
     189
     179
     200
     195
     174
     160
     184
     188
     185
     197
     183
     186
     176
     181
     195
     191
     161
     188
     200
     186
     188
     182
     197
     203
     194
     187
     208
     158
     204
     194
     183
     187
     173
     183
     178
     193
     189
     192
     182
     186
     179
     194
     180
     195
     186
     200
     185
     174
     166
     182
     177
     182
     174
     202
     185
     191
     217
     225
     216
     196
     199
     174
     171
     186
     185
     180
     194
     165
     183
     194
     185
     169
     188
     177
     201
     204
     191
     200
     198
     186
     192
     193
     184
     168
     166
     196
     188
     196
     194
     200
     176
     190
     185
     185
     167
     172
     201
     194
     202
     176
     158
     213
     172
     177
     185
     189
     211
     207
     201
     211
     242
     205
     191
     197
     197
     193
     160
     174
     197
     180
     165
     187
     175
     196
     188
     167
     151
     194
     198
     192
     204
     208
     179
     177
     156
     182
     210
     180
     181
     217
     203
     189
     201
     166
     195
     187
     211
     206
     195
     192
     182
     193
     173
     180
     185
     188
     192
     181
     193
     204
     194
     220
     207
     211
     206
     197
     180
     183
     203
     172
     185
     167
     171
     183
     192
     172
     173
     179
     181
     213
     198
     216
     226
     240
     234
     201
     208
     220
     178
     181
     213
     172
     184
     198
     182
     194
     199
     203
     181
     185
     181
     207
     175
     217
     171
     200
     169
     192
     213
     218
     204
     204
     201
     164
     222
     188
     200
     207
     214
     176
     167
     165
     195
     183
     230
     191
     253
     224
     223
     215
     219
     189
     201
     214
     183
     219
     203
     190
     182
     191
     182
     200
     192
     182
     198
     187
     214
     219
     194
     206
     203
     208
     190
     209
     201
     197
     193
     190
     178
     203
     200
     184
     183
     189
     232
     181
     194
     198
     215
     228
     211
     219
     238
     225
     207
     204
     220
     208
     203
     192
     209
     202
     179
     199
     213
     194
     186
     206
     194
     216
     185
     208
     213
     243
     367
     552
     852
    1247
    1482
    1387
    1169
     761
     433
     309
     212
     223
     200
     216
     206
     192
     178
     210
     206
     198
     202
     199
     196
     202
     186
     235
     209
     193
     190
     200
     165
     188
     186
     196
     191
     193
     197
     219
     197
     213
     171
     217
     230
     191
     236
     171
     212
     193
     200
     174
     207
     197
     188
     167
     187
     180
     212
     183
     179
     205
     186
     225
     211
     181
     202
     195
     200
     205
     190
     187
     214
     208
     192
     217
     183
     195
     210
     174
     208
     203
     204
     195
     204
     209
     212
     192
     190
     193
     186
     197
     191
     196
     216
     196
     201
     198
     238
     256
     245
     300
     314
     336
     316
     283
     242
     230
     205
     210
     218
     184
     208
     189
     195
     214
     190
     200
     190
     206
     192
     213
     207
     213
     206
     198
     195
     197
     214
     216
     222
     191
     200
     221
     202
     233
     219
     193
     200
     208
     196
     213
     229
     181
     213
     201
     187
     184
     213
     205
     200
     240
     206
     190
     242
     213
     208
     227
     178
     201
     194
     215
     223
     232
     214
     205
     208
     216
     205
     199
     209
     195
     210
     175
     219
     225
     195
     244
     225
     209
     196
     206
     222
     198
     208
     193
     195
     244
     235
     237
     204
     204
     215
     168
     208
     209
     205
     223
     213
     211
     217
     205
     224
     233
     197
     212
     217
     216
     208
     211
     207
     215
     189
     222
     215
     209
     233
     214
     199
     201
     181
     216
     237
     223
     218
     235
     215
     219
     213
     201
     237
     222
     233
     221
     211
     234
     213
     209
     219
     231
     215
     211
     251
     213
     237
     227
     261
     204
     237
     252
     227
     226
     229
     193
     235
     211
     268
     212
     217
     219
     234
     200
     233
     213
     214
     220
     196
     210
     221
     225
     237
     207
     244
     232
     233
     215
     238
     232
     219
     211
     223
     233
     232
     260
     200
     193
     212
     230
     216
     210
     197
     230
     210
     216
     217
     234
     213
     227
     230
     252
     232
     207
     217
     222
     214
     231
     237
     210
     232
     224
     224
     243
     260
     240
     229
     217
     232
     214
     218
     209
     227
     220
     230
     222
     223
     231
     237
     266
     332
     399
     567
     632
     655
     635
     527
     386
     309
     235
     239
     242
     215
     193
     217
     214
     194
     213
     195
     211
     207
     183
     205
     223
     208
     214
     233
     234
     219
     214
     199
     204
     191
     183
     174
     165
     185
     172
     172
     223
     172
     156
     177
     174
     183
     219
     194
     202
     193
     178
     208
     171
     180
     181
     161
     171
     163
     163
     157
     187
     182
     152
     159
     160
     168
     169
     179
     158
     182
     161
     172
     162
     161
     178
     166
     151
     154
     164
     165
     164
     146
     156
     172
     158
     132
     160
     152
     145
     156
     159
     163
     159
     139
     172
     168
     160
     181
     150
     146
     170
     157
     155
     174
     158
     178
     158
     145
     141
     164
     162
     143
     176
     151
     144
     167
     120
     173
     154
     174
     172
     198
     232
     246
     235
     227
     230
     199
     160
     141
     130
     149
     154
     149
     156
     145
     160
     143
     131
     139
     163
     152
     140
     151
     136
     169
     141
     155
     135
     167
     145
     161
     133
     134
     138
     133
     141
     131
     156
     138
     139
     135
     134
     144
     144
     117
     143
     115
     147
     142
     127
     126
     137
     136
     141
     129
     139
     158
     135
     129
     118
     134
     132
     136
     157
     145
     127
     144
     153
     129
     143
     143
     125
     143
     151
     133
     135
     136
     142
     126
     133
     144
     147
     141
     150
     147
     128
     157
     123
     132
     130
     159
     130
     159
     111
     126
     134
     136
     110
     144
     135
     119
     164
     125
     137
     117
     140
     126
     143
     119
     107
     119
     139
     127
     132
     123
     114
     125
     124
     109
     118
     120
     122
     145
     110
     132
     130
     113
     123
     116
     121
      91
     124
     102
     107
     125
     115
     115
     121
     111
     124
      92
     133
     125
     116
     108
     124
     129
     126
     112
     123
     108
     103
     113
     105
     115
     120
     118
     105
     127
      99
     126
     124
     122
     127
     108
     116
     136
     107
     104
      89
     101
     108
      92
     100
     103
     111
      98
      87
     113
     116
     106
      90
     113
     120
      97
     109
     108
     107
      83
      90
     109
     108
     104
     118
      88
     105
     111
      97
      93
      95
      99
     110
      89
     110
      84
      99
     100
     114
      92
      99
      97
      98
     110
     105
      95
     102
      97
     101
      92
      83
      95
      87
     112
      89
      92
      95
      92
      94
      99
      98
      82
      94
      78
      96
      98
      80
      91
      84
      88
      91
      93
      92
      85
      80
      84
      93
     106
      81
      91
      92
      85
      98
      88
      99
      95
      85
      88
     104
     105
     109
     101
     106
     111
     104
     118
     137
     166
     287
     348
     430
     416
     345
     285
     161
     105
     100
     108
      83
      85
      91
      81
      76
      95
      91
      83
      82
      90
      97
     110
     121
     127
     139
     114
     129
     108
      90
     109
      91
      87
      75
      83
      80
      76
      87
      96
      81
      72
      95
      73
      82
      89
      83
      89
      88
      68
      77
      75
      73
      73
      81
      80
      78
      81
      67
      85
      81
      84
      86
      80
      77
      82
      95
     117
     145
     154
     176
     188
     165
     146
     109
     107
      90
      93
      74
      80
      84
      91
      95
      97
      97
     130
     172
     231
     248
     255
     225
     163
     126
      99
      94
      75
      76
      83
      78
      67
      84
      63
      76
      87
      83
      75
      85
      69
      67
      70
      71
      88
      73
      87
      86
      78
      74
      79
      77
      72
      80
      91
      82
      74
      80
      78
      80
      88
      86
      96
      81
      81
      78
      70
      87
      76
      79
      91
     102
      82
      74
      80
      87
      64
      80
      71
      82
      77
      60
      77
      76
      75
      84
      89
      86
      78
      91
      96
      94
      66
      83
      81
      66
      88
      80
      80
      80
      71
      72
      77
      82
      82
      71
      79
      89
      77
      80
      76
      87
      83
      69
      85
      80
      82
      75
      85
      84
      94
      87
      88
      81
      81
      89
      80
      79
      78
      89
      82
      98
      92
      91
      78
      80
      82
      81
      99
      81
      94
      89
      89
     105
     102
      88
      99
      90
      73
      90
     108
     100
      94
      80
     103
      97
     104
     138
     145
     135
     194
     316
     628
    1105
    2159
    3950
    6594
    9151
   10686
   10884
    8876
    5867
    3313
    1513
     589
     237
     106
      59
      70
      74
      57
      55
      49
      53
      67
      55
      58
      65
      53
      74
      56
      65
      59
      61
      51
      68
      90
      54
      51
      61
      59
      47
      69
      67
      59
      62
      60
      73
      70
      51
      48
      53
      53
      53
      46
      61
      55
      62
      53
      47
      77
      55
      68
      57
      48
      47
      50
      47
      49
      51
      50
      68
      55
      58
      58
      63
      54
      57
      65
      57
      49
      56
      59
      63
      77
      63
      68
      63
      67
      43
      44
      53
      54
      60
      55
      61
      44
      67
      56
      48
      59
      61
      77
      93
     112
      89
     125
     123
      92
      80
      68
      63
      66
      63
      51
      47
      54
      66
      63
      84
      81
      93
      77
      81
      62
      61
      67
      59
      60
      56
      57
      59
      55
      57
      63
      54
      64
      75
      88
     128
     141
     162
     229
     198
     168
     141
     121
      86
      78
      75
      77
      69
      69
      82
      68
      73
      72
      60
      62
      49
      53
      50
      64
      45
      58
      53
      55
      55
      54
      45
      49
      47
      46
      59
      51
      52
      65
      55
      56
      53
      50
      69
      57
      64
      61
      47
      51
      51
      51
      66
      50
      69
      62
      47
      45
      61
      62
      59
      56
      58
      56
      51
      49
      56
      45
      49
      58
      56
      53
      54
      54
      53
      49
      66
      54
      57
      56
      53
      41
      60
      71
      71
      80
      89
      75
      89
      65
      52
      55
      56
      47
      57
      66
      64
      71
      78
      81
      90
      65
      71
      53
      55
      51
      50
      43
      46
      45
      46
      52
      61
      41
      40
      49
      60
      56
      47
      31
      42
      42
      65
      46
      43
      42
      48
      36
      45
      47
      51
      48
      50
      51
      54
      54
      57
      56
      67
      52
      52
      56
      63
      53
      58
      48
      62
      43
      48
      51
      42
      40
      40
      50
      44
      56
      48
      44
      47
      69
      43
      42
      42
      43
      48
      40
      48
      46
      53
      50
      46
      41
      36
      42
      44
      44
      38
      52
      37
      42
      47
      39
      49
      47
      48
      64
      44
      40
      48
      40
      57
      43
      49
      52
      36
      37
      46
      52
      60
      79
      85
      82
      65
      83
      93
      69
      72
      76
      70
     103
      84
      92
      82
      71
      65
      49
      56
      65
      82
     109
     149
     189
     242
     277
     267
     195
     146
      98
      69
      60
      67
      69
      86
      90
     146
     156
     150
     140
     112
      82
      94
      72
      58
      48
      55
      55
      58
      42
      47
      38
      59
      62
      65
      63
      58
      68
      60
      55
      47
      37
      49
      34
      45
      40
      48
      55
      34
      37
      44
      46
      35
      38
      47
      42
      59
      45
      44
      52
      49
      47
      54
      45
      35
      53
      47
      30
      36
      49
      49
      48
      39
      41
      52
      47
      54
      42
      46
      31
      34
      34
      42
      52
      48
      52
      44
      51
      54
      44
      54
      92
     122
     115
     155
     146
     138
     116
      79
      57
      56
      36
      48
      48
      59
      55
      53
      52
      60
      45
      55
      50
      38
      38
      34
      44
      42
      48
      72
      94
     110
     155
     148
     144
     125
      97
      59
      46
      50
      37
      41
      42
      37
      47
      44
      39
      44
      42
      31
      44
      69
      64
      92
      76
      84
      50
      63
      45
      44
      44
      38
      26
      48
      40
      38
      38
      42
      47
      35
      45
      39
      33
      36
      29
      32
      40
      37
      43
      25
      36
      35
      40
      38
      37
      48
      31
      44
      40
      39
      47
      43
      44
      38
      35
      32
      37
      36
      35
      44
      46
      43
      41
      38
      42
      40
      36
      42
      26
      43
      32
      38
      43
      51
      69
      82
      93
     112
      87
      85
      57
      59
      38
      41
      33
      31
      37
      36
      42
      41
      52
      49
      45
      54
      52
      40
      40
      35
      37
      28
      31
      26
      44
      27
      35
      40
      40
      38
      39
      37
      41
      41
      42
      41
      37
      41
      39
      33
      31
      46
      32
      39
      42
      35
      38
      34
      49
      42
      46
      35
      50
      37
      29
      27
      32
      27
      33
      49
      43
      49
      46
      42
      42
      39
      42
      37
      37
      34
      40
      50
      42
      32
      33
      45
      37
      38
      45
      40
      43
      26
      37
      30
      38
      42
      55
      38
      47
      57
      49
      40
      30
      35
      30
      35
      32
      22
      39
      32
      39
      41
      29
      23
      31
      30
      33
      35
      34
      43
      37
      43
      36
      38
      32
      26
      39
      26
      28
      29
      32
      33
      27
      25
      38
      25
      30
      36
      33
      43
      38
      31
      33
      45
      34
      34
      33
      35
      33
      34
      44
      35
      35
      45
      25
      27
      33
      30
      24
      41
      28
      31
      25
      31
      34
      30
      42
      37
      32
      25
      35
      34
      21
      25
      41
      28
      32
      34
      33
      43
      47
      45
      43
      33
      31
      29
      25
      36
      29
      43
      45
      56
      65
     119
     129
     172
     210
     245
     225
     181
     134
      94
      63
      36
      38
      33
      28
      34
      31
      25
      33
      36
      31
      33
      30
      32
      37
      31
      34
      39
      43
      35
      43
      31
      25
      32
      33
      35
      37
      29
      37
      30
      35
      36
      37
      24
      32
      44
      43
      27
      38
      34
      36
      26
      30
      29
      35
      40
      37
      35
      31
      40
      30
      43
      40
      24
      30
      26
      25
      38
      31
      33
      29
      44
      43
      39
      37
      48
      43
      37
      39
      36
      33
      26
      31
      35
      30
      20
      34
      37
      36
      38
      46
      45
      39
      70
      82
     136
     215
     380
     564
     759
     998
    1045
     931
     716
     467
     292
     139
      77
      48
      30
      32
      29
      30
      22
      40
      31
      31
      28
      36
      37
      24
      41
      31
      36
      38
      30
      28
      28
      20
      30
      20
      35
      33
      30
      41
      33
      34
      29
      29
      35
      38
      35
      34
      28
      20
      27
      40
      41
      31
      29
      32
      38
      31
      29
      34
      28
      27
      44
      39
      26
      29
      38
      34
      25
      30
      24
      31
      32
      36
      29
      21
      34
      33
      34
      28
      23
      29
      27
      26
      23
      22
      24
      35
      33
      25
      36
      30
      36
      34
      39
      33
      34
      29
      46
      21
      31
      26
      35
      40
      32
      35
      22
      27
      27
      36
      30
      32
      37
      46
      44
      33
      30
      27
      37
      40
      27
      23
      32
      42
      25
      30
      26
      38
      43
      20
      30
      30
      32
      26
      34
      27
      31
      31
      22
      25
      29
      16
      29
      34
      35
      33
      36
      38
      37
      27
      45
      38
      23
      30
      34
      28
      38
      35
      31
      31
      36
      33
      22
      33
      36
      29
      32
      32
      35
      39
      34
      28
      41
      33
      33
      30
      24
      34
      32
      33
      21
      20
      36
      30
      35
      31
      30
      27
      36
      33
      29
      33
      33
      29
      31
      26
      30
      31
      33
      40
      26
      47
      37
      39
      29
      32
      46
      53
      53
      48
      50
      38
      44
      38
      29
      28
      40
      27
      39
      32
      31
      30
      38
      31
      26
      25
      41
      46
      69
      67
      98
     143
     163
     168
     148
     135
      98
      80
      66
      39
      26
      36
      38
      35
      33
      19
      39
      25
      34
      35
      28
      31
      25
      41
      32
      32
      27
      37
      30
      25
      26
      27
      28
      48
      17
      33
      30
      39
      42
      29
      43
      26
      36
      29
      34
      17
      32
      31
      33
      19
      35
      35
      33
      29
      37
      27
      38
      38
      18
      33
      30
      32
      34
      35
      37
      38
      33
      30
      37
      39
      33
      37
      35
      39
      32
      45
      34
      43
      42
      38
      37
      21
      30
      26
      30
      30
      23
      32
      31
      34
      29
      30
      32
      28
      28
      35
      29
      37
      29
      39
      29
      28
      30
      31
      46
      35
      35
      26
      31
      37
      47
      40
      35
      39
      38
      28
      34
      24
      30
      43
      37
      31
      30
      48
      37
      33
      32
      28
      35
      37
      31
      31
      27
      45
      31
      43
      41
      38
      44
      36
      50
      48
      41
      33
      34
      43
      32
      37
      42
      32
      29
      32
      36
      32
      33
      28
      37
      41
      27
      30
      34
      29
      33
      28
      31
      33
      30
      29
      32
      25
      27
      33
      33
      28
      30
      25
      33
      35
      31
      28
      31
      35
      26
      32
      27
      21
      35
      34
      36
      39
      37
      38
      20
      35
      19
      21
      33
      33
      31
      37
      26
      30
      32
      27
      31
      30
      30
      40
      25
      28
      30
      29
      19
      32
      21
      25
      26
      28
      30
      24
      25
      29
      31
      28
      27
      29
      39
      30
      28
      34
      34
      42
      29
      24
      27
      37
      34
      23
      27
      33
      30
      39
      35
      33
      36
      42
      43
      30
      30
      38
      38
      30
      21
      35
      36
      26
      38
      26
      38
      37
      34
      20
      29
      36
      29
      34
      31
      29
      26
      25
      24
      31
      26
      30
      28
      37
      30
      38
      20
      24
      24
      28
      24
      37
      33
      29
      33
      30
      34
      33
      40
      31
      27
      40
      24
      31
      31
      34
      31
      32
      25
      30
      32
      29
      31
      24
      33
      38
      35
      21
      33
      34
      23
      25
      40
      30
      27
      28
      31
      42
      25
      27
      33
      39
      26
      29
      31
      31
      32
      31
      36
      32
      22
      33
      32
      29
      28
      32
      32
      28
      28
      25
      28
      22
      25
      30
      25
      35
      30
      30
      31
      32
      34
      32
      35
      31
      29
      27
      17
      30
      32
      35
      24
      33
      16
      22
      30
      27
      24
      32
      30
      27
      29
      30
      29
      25
      27
      35
      28
      23
      18
      23
      22
      30
      35
      18
      24
      32
      27
      28
      36
      25
      26
      23
      32
      33
      30
      30
      16
      44
      28
      23
      42
      23
      39
      24
      29
      40
      35
      26
      35
      28
      33
      27
      22
      26
      24
      29
      36
      25
      25
      28
      30
      27
      25
      31
      27
      28
      27
      29
      24
      34
      30
      35
      26
      34
      21
      31
      27
      23
      31
      21
      25
      33
      20
      20
      34
      20
      26
      35
      26
      38
      35
      28
      26
      27
      22
      22
      36
      36
      24
      33
      40
      22
      29
      28
      33
      32
      26
      30
      37
      31
      32
      21
      27
      25
      29
      24
      28
      42
      31
      20
      28
      33
      18
      22
      31
      27
      29
      18
      29
      31
      23
      30
      33
      31
      27
      17
      22
      31
      32
      25
      37
      26
      30
      39
      30
      27
      18
      26
      23
      32
      22
      25
      23
      40
      29
      29
      24
      20
      25
      31
      26
      32
      38
      22
      22
      24
      35
      24
      25
      28
      37
      24
      23
      35
      33
      24
      26
      27
      27
      26
      28
      29
      25
      25
      18
      25
      24
      33
      25
      28
      33
      32
      21
      20
      31
      19
      31
      30
      22
      33
      30
      34
      28
      32
      43
      34
      44
      26
      24
      30
      22
      26
      28
      27
      19
      31
      31
      30
      27
      28
      29
      36
      25
      21
      15
      29
      30
      28
      25
      24
      26
      36
      34
      21
      23
      21
      24
      22
      29
      26
      24
      26
      25
      30
      30
      22
      21
      23
      23
      25
      23
      27
      33
      33
      31
      28
      26
      24
      28
      25
      28
      20
      18
      25
      40
      33
      18
      24
      33
      32
      24
      35
      25
      30
      29
      20
      23
      21
      27
      21
      20
      24
      19
      27
      28
      17
      23
      19
      24
      27
      26
      19
      20
      22
      29
      32
      27
      23
      23
      30
      28
      24
      31
      22
      19
      32
      28
      25
      21
      25
      29
      34
      14
      20
      26
      15
      22
      21
      34
      15
      28
      26
      26
      25
      29
      25
      29
      31
      28
      14
      34
      39
      33
      30
      28
      40
      47
      84
      71
     104
     110
     134
     163
     171
     185
     177
     127
     110
      92
      83
      62
      43
      54
      37
      41
      27
      35
      33
      29
      28
      36
      29
      19
      25
      34
      34
      22
      21
      29
      30
      28
      30
      30
      17
      26
      31
      36
      23
      29
      34
      51
      55
      75
      84
      95
      86
      92
      81
      54
      47
      38
      35
      28
      24
      26
      23
      41
      32
      25
      17
      18
      26
      28
      45
      24
      12
      27
      21
      28
      38
      32
      28
      28
      19
      22
      23
      27
      32
      23
      27
      27
      20
      32
      36
      27
      34
      30
      28
      22
      36
      26
      34
      29
      32
      17
      29
      22
      22
      26
      21
      37
      26
      32
      24
      28
      22
      25
      26
      26
      28
      36
      24
      21
      24
      28
      39
      20
      35
      24
      23
      32
      17
      29
      22
      33
      34
      25
      31
      37
      31
      30
      25
      23
      23
      25
      34
      30
      31
      24
      21
      21
      20
      28
      36
      29
      22
      25
      26
      18
      18
      33
      19
      24
      28
      22
      21
      25
      31
      30
      31
      28
      32
      26
      21
      19
      22
      28
      33
      34
      26
      29
      17
      26
      16
      28
      26
      25
      32
      22
      24
      25
      27
      24
      32
      23
      23
      26
      29
      34
      23
      30
      23
      29
      25
      16
      37
      33
      32
      24
      16
      28
      32
      27
      33
      29
      31
      27
      26
      31
      25
      22
      27
      24
      28
      24
      40
      22
      21
      32
      33
      39
      28
      31
      22
      26
      30
      27
      30
      25
      28
      30
      22
      25
      29
      30
      26
      33
      25
      33
      24
      19
      32
      25
      30
      31
      29
      30
      32
      27
      34
      32
      29
      28
      30
      29
      28
      33
      29
      23
      39
      26
      32
      24
      33
      29
      44
      22
      31
      32
      31
      35
      40
      70
      64
      90
     128
     172
     221
     251
     297
     243
     222
     183
     132
      75
      52
      30
      30
      30
      33
      33
      31
      22
      22
      22
      27
      16
      23
      33
      26
      30
      29
      26
      26
      28
      31
      30
      28
      31
      27
      31
      29
      27
      26
      27
      37
      24
      28
      21
      32
      22
      28
      39
      35
      27
      43
      33
      29
      27
      33
      39
      36
      34
      31
      33
      32
      34
      34
      29
      34
      29
      24
      32
      24
      31
      26
      26
      26
      30
      16
      28
      35
      28
      26
      31
      24
      27
      33
      34
      30
      30
      28
      25
      33
      21
      32
      27
      22
      26
      33
      20
      18
      28
      33
      27
      31
      28
      26
      40
      31
      34
      30
      20
      31
      23
      21
      31
      29
      21
      27
      33
      30
      21
      27
      31
      28
      20
      26
      30
      31
      32
      24
      27
      33
      28
      31
      21
      30
      30
      25
      21
      17
      37
      29
      28
      31
      28
      22
      34
      43
      24
      27
      21
      29
      28
      30
      22
      20
      36
      30
      36
      27
      32
      33
      30
      31
      28
      23
      28
      23
      23
      28
      33
      27
      33
      46
      28
      24
      28
      33
      33
      29
      26
      31
      24
      35
      19
      28
      28
      25
      24
      17
      33
      30
      26
      27
      30
      35
      39
      20
      22
      21
      24
      27
      39
      27
      31
      29
      33
      25
      30
      18
      19
      20
      27
      31
      27
      28
      26
      30
      26
      25
      32
      31
      34
      34
      31
      19
      33
      28
      34
      31
      32
      32
      37
      37
      31
      34
      30
      31
      26
      31
      34
      30
      34
      32
      37
      47
      37
      38
      32
      40
      44
      59
      42
      42
      42
      38
      27
      32
      23
      27
      28
      33
      36
      30
      34
      26
      34
      38
      25
      35
      28
      29
      27
      29
      22
      30
      27
      28
      26
      30
      31
      29
      27
      28
      32
      34
      28
      30
      34
      34
      29
      23
      35
      27
      37
      31
      24
      28
      24
      20
      36
      32
      28
      32
      25
      35
      33
      37
      24
      29
      35
      34
      23
      25
      25
      34
      30
      36
      33
      29
      37
      32
      36
      40
      28
      27
      26
      31
      28
      32
      31
      30
      21
      27
      24
      28
      30
      37
      33
      22
      35
      19
      30
      35
      36
      22
      36
      33
      23
      42
      28
      34
      27
      23
      34
      23
      34
      38
      23
      37
      39
      34
      34
      26
      24
      27
      26
      27
      40
      36
      28
      37
      28
      29
      32
      31
      36
      42
      23
      38
      27
      21
      28
      34
      26
      31
      36
      42
      40
      28
      45
      37
      24
      30
      31
      33
      41
      30
      22
      40
      38
      27
      27
      19
      32
      38
      28
      26
      33
      33
      29
      28
      28
      42
      24
      30
      27
      29
      40
      26
      32
      26
      39
      36
      37
      35
      37
      34
      22
      25
      36
      35
      31
      36
      34
      43
      31
      28
      30
      30
      40
      29
      29
      35
      40
      35
      31
      36
      43
      36
      43
      28
      35
      36
      46
      33
      24
      29
      43
      33
      36
      32
      32
      32
      24
      40
      33
      34
      39
      35
      28
      33
      34
      26
      30
      33
      43
      43
      32
      26
      35
      31
      37
      28
      31
      27
      37
      37
      29
      29
      29
      27
      33
      25
      32
      29
      33
      39
      25
      34
      33
      42
      26
      24
      35
      39
      22
      37
      25
      24
      40
      27
      22
      24
      40
      25
      19
      33
      24
      30
      26
      24
      35
      23
      29
      21
      27
      18
      29
      32
      32
      34
      21
      27
      28
      20
      18
      22
      27
      27
      34
      29
      24
      23
      36
      31
      26
      18
      28
      23
      19
      24
      20
      18
      37
      26
      17
      26
      21
      28
      18
      24
      23
      31
      21
      26
      22
      26
      24
      24
      24
      29
      23
      24
      23
      27
      23
      28
      22
      24
      25
      16
      25
      29
      14
      27
      28
      22
      21
      35
      30
      23
      32
      24
      31
      27
      17
      29
      21
      30
      24
      24
      24
      32
      18
      24
      22
      21
      22
      18
      18
      25
      27
      31
      26
      22
      17
      27
      23
      26
      21
      19
      25
      22
      33
      20
      20
      23
      28
      20
      24
      19
      25
      27
      25
      25
      22
      24
      21
      26
      22
      20
      19
      20
      19
      19
      23
      28
      10
      20
      33
      18
      23
      25
      24
      15
      35
      29
      17
      18
      28
      16
      36
      25
      16
      25
      28
      24
      34
      39
      54
      57
      82
     108
      87
      79
      84
      58
      55
      48
      21
      26
      19
      23
      26
      28
      23
      28
      19
      25
      22
      23
      20
      24
      19
      14
      20
      22
      19
      19
      22
      18
      25
      19
      27
      26
      20
      18
      13
      27
      16
      21
      13
      19
      19
      19
      25
      21
      14
      18
      22
      16
      18
      15
      14
      19
      12
      23
      12
      22
      17
      24
      18
      18
      15
      18
      16
      19
      20
      19
      13
      23
      20
      17
      19
      10
      16
      18
      15
      17
      15
      11
      15
      11
      15
      10
      17
      17
      11
      29
      12
      19
      15
      17
      10
      20
      17
      19
      16
      23
       8
      17
      13
      16
       9
      15
      20
      11
      16
      13
      15
      18
      10
      13
      11
      24
       9
      17
      12
      15
      19
       9
      16
      27
      13
      12
      16
      17
      14
      13
      14
       7
      21
      14
      17
      10
      18
      15
      18
      17
      13
      10
      13
      11
      17
       5
      11
      12
       8
      19
      11
       9
      19
      17
      12
      11
      15
      18
      25
      21
      10
       9
      14
      11
      14
      17
      11
       8
       7
      14
      14
      11
      14
      22
      22
      14
      14
      10
       8
      10
      12
      15
      12
      14
      10
      11
       2
       6
      10
       9
      15
      13
       7
       8
      15
      12
       8
      11
      12
      12
      16
      10
       8
      19
       7
      10
      12
      16
      12
      10
      13
      15
       8
       9
       9
       9
      13
      10
      13
       7
       5
      12
       8
       8
       5
      10
      11
       9
       9
      14
      12
      15
       9
      12
      12
      10
      11
      16
      11
       9
      13
       6
      13
       8
       3
       6
      14
       9
       9
      13
       8
       7
      12
      11
      14
       8
      10
      18
       7
      10
      15
       7
      11
      12
      15
      13
      10
      10
      17
       9
      10
      12
      10
      12
      13
      15
      10
      11
      15
      14
       7
      13
      11
       6
       5
      12
      11
      12
      12
       7
       8
       9
      10
       5
      11
      11
       5
       9
      14
      12
       8
      14
      12
       8
       7
       6
      13
      14
       6
      16
      11
       7
      13
       7
      13
      13
       7
      13
       8
      13
       8
       7
      11
       7
      11
       8
      13
       8
      15
      11
      10
      11
       7
       6
       6
      10
      12
       5
      13
       4
       8
       9
      10
      12
      16
       9
      12
       9
       6
      15
      10
      10
      13
      11
      11
       9
       9
       7
      14
       9
       9
       7
       7
       8
       9
       9
      15
       7
      12
      14
       7
      10
      10
       3
       8
      16
       8
      11
       8
       9
       8
      10
      11
       8
       8
       8
      10
      11
       9
       5
      14
      14
       7
      13
       9
       6
      12
       9
       8
      12
      12
      11
       4
       6
      19
      10
      10
      19
       7
      13
       6
       4
       9
      11
       8
      10
      12
      17
       8
       8
       9
       8
      10
       9
       9
       7
      10
      10
       8
      10
      12
       9
      10
      12
      12
      12
      18
      11
      11
      10
      13
       8
      12
      12
      15
      12
      23
      16
      16
      33
      38
      49
      81
     107
     192
     331
     497
     686
     907
    1209
    1355
    1416
    1298
    1072
     787
     592
     318
     181
     102
      40
      21
      14
      10
       5
       4
       4
       4
       7
       8
       1
      12
       3
       6
      11
       6
       6
      10
       7
       8
       8
       6
       3
       3
       4
       4
       3
       6
       9
       2
      12
       4
       3
       3
       5
       7
       6
       8
       6
       6
       4
      13
       9
       8
       5
       7
       8
       7
       6
       3
       5
       3
       9
       3
       4
       5
      13
       6
       7
       4
       9
       8
       9
       4
       3
       9
       5
       4
       7
       7
       6
       7
       2
       9
       7
       7
       8
       4
       7
       7
       3
       6
       4
       7
       4
       7
       6
      10
       7
       3
      11
       4
       5
       4
       4
       6
       4
       5
       4
       8
       7
      10
       8
       6
       3
       6
       7
       6
       4
       9
       2
       5
       5
       1
       6
       3
       7
       5
       6
       6
       5
      13
       6
       6
       8
       7
       3
      11
       5
       3
       5
       8
       7
      11
       4
       7
       2
       7
       1
      10
       5
       6
       6
       4
       7
       4
       8
       3
       5
       8
       6
       9
       3
       3
       7
       6
       8
       4
       5
       6
       3
       5
       6
       3
       5
       2
       8
       4
      10
       2
       4
       4
       7
       5
       5
       5
       6
       7
       6
      10
       5
       6
       8
       7
       7
      12
       5
       3
      12
      10
      14
       9
       5
       7
       9
       5
       6
      10
       7
       4
       4
      10
       2
       5
      10
       8
      10
       6
       6
       3
       6
       8
       6
       8
       9
       2
       9
       1
      10
       6
       5
      10
       9
       8
       4
       6
       4
       7
       2
       4
       6
       6
       7
       6
       3
       5
       6
       5
       9
       5
       6
       7
       5
       9
       5
       5
       8
       6
       5
       6
       5
       6
       6
       5
       6
       4
       8
       5
       1
       7
      14
       6
       7
       5
      11
       5
       3
       3
       5
       8
       6
       4
       4
       8
       7
       2
       2
       6
       9
       7
       5
       8
       3
       5
       8
       7
       5
       6
      10
       4
       6
       5
       4
       6
       6
       8
       2
       3
       7
       3
       6
       2
       5
       3
       4
       3
       5
       6
       6
       7
       7
       8
       3
       7
       5
      11
       8
       5
       4
      11
       5
       5
       7
       3
       5
       4
       6
      10
      10
       7
       4
       2
       7
       6
       4
      10
       5
       4
       8
       5
       3
       4
       4
       6
       5
       5
       5
       5
       2
       3
       6
       7
       7
       6
       5
       7
       6
       9
       5
       7
       7
       6
       6
       2
       2
       8
       6
      12
       6
      10
       5
       4
       5
      14
       7
       4
       3
       4
       3
       2
       4
       3
       5
       6
       4
       7
      14
       3
       3
       5
      12
       5
       6
       3
       4
       5
       8
       3
       8
       3
       6
      10
       3
       4
       5
       7
       4
       9
       5
       2
       6
       7
       7
       7
       5
       5
       6
       6
       8
       4
       5
       7
       4
       3
       7
       6
       9
       4
       5
       5
       1
       4
       6
      10
       7
       8
       7
       5
       6
       6
       5
       4
       3
       6
      11
       7
       2
       2
       9
       3
       4
       8
       7
       4
       8
       7
       2
       3
       6
       5
       3
       5
      11
       4
       8
       7
       6
       8
       5
       3
       6
       9
       5
       5
       5
       7
       6
       3
       4
       5
      11
       3
       9
       2
       7
       3
       9
       4
       6
       6
       7
      10
       3
       6
       1
       3
      10
       1
       5
       3
       8
       4
       6
       7
       6
       7
       4
       3
       5
       6
       4
       6
       8
      10
       5
       6
       7
       7
       3
      11
       4
       6
       7
       6
       5
      10
       6
       5
       5
       5
       2
       8
       6
       4
       2
       6
       4
       4
       3
       4
       5
       6
       4
       7
       8
       6
       5
      10
       8
       6
       8
       3
       6
       8
       7
       4
       8
       6
       2
       5
       6
       7
       6
       3
       6
       8
       4
       2
       4
       4
       4
       4
       4
       7
       4
       9
       5
       2
       3
       7
       4
       3
       6
       4
       2
       9
       8
       8
       7
       7
       2
       6
       6
       4
       4
       5
       9
       5
       4
       5
       7
       5
       7
      10
       4
       4
       4
       2
       6
       6
       3
       5
       6
       1
       8
       4
      11
       7
      10
       6
       4
      11
       5
       6
       7
       6
       6
       3
       7
       6
       6
       6
       5
       7
       6
       3
       9
       6
       5
       7
      10
       3
       4
       5
       4
       8
       5
       4
       3
       4
      11
       7
       4
       6
       3
       5
       7
       3
       4
       2
       4
       6
       8
       5
       5
       3
       6
       7
       4
       5
       3
       6
       6
       8
       2
       6
       2
       3
       3
       8
       5
       6
       7
       5
       5
       6
       6
       3
       5
       4
      10
       6
       3
       5
       9
       3
       4
       2
       5
       5
       6
       9
       3
       7
       3
       6
       6
       5
       6
       1
       3
       2
       5
       4
       6
       8
       6
       6
       2
       5
       2
       4
       8
       3
       6
       5
       1
       4
       4
       3
       4
       2
       7
       4
       4
       6
       5
       4
       4
       4
       4
       5
       5
       8
       5
       3
       5
       4
       3
       3
       8
       8
       5
       7
       2
       9
       3
       1
       7
       3
       5
       7
       3
       5
       0
       8
       4
       6
       5
       5
      10
       1
       6
       4
       7
       5
       5
       7
       8
       5
       6
       4
       3
       4
       7
       3
       9
       3
       5
       4
       2
       1
       4
       6
       1
       3
       5
       5
       5
       3
       5
       4
       6
       6
       2
       3
       4
       4
       4
       9
       7
       4
       9
      10
       3
       5
       7
       5
       5
       9
       1
       8
       9
      10
       6
       4
       2
       2
       7
       5
       6
       3
       6
       6
       4
       7
       1
       4
       5
       5
     466
     903
     917
     929
     945
     904
     980
     890
     929
     980
     851
     862
     927
     853
     924
     916
     982
     900
     943
     897
     919
     924
     923
     931
     941
     914
     884
     888
     920
     964
     907
     913
     886
     931
     952
     966
     912
     952
     929
     894
     949
     899
     911
     938
    1001
    1007
     969
     877
     916
     965
     931
     891
     932
     969
     997
    1066
    1098
    1045
    1039
    1088
    1929
    8380
   36107
   25873
   10357
    7010
    4283
    1522
    1171
    1048
     933
     806
     739
     627
     548
     501
     502
     479
     441
     424
     397
     374
     337
     336
     307
     288
     307
     284
     246
     257
     233
     246
     204
     175
     167
     205
     162
      92
      54
      45
      54
      44
      50
      51
      46
      55
      42
      50
      54
      54
      55
      57
      65
      59
      42
      42
      41
      55
      50
      50
      51
      46
      49
      42
      54
      64
      46
      65
      61
      54
      47
      62
      38
      47
      66
      50
      58
      47
      59
      68
      66
      56
      73
      72
      83
      91
      85
      92
      84
      94
     137
     375
     640
     164
       7
       5
       0
       0
       1
       0
       0
       0
       0
       0
       0
       0
       0
       0
       0
       0
       0
       0
       0
       0
       0
       0
       0
       1
       0
       0
       0
       0
       0
       1
       0
$ROI:
0
$PRESETS:
None
0
0
$ENER_FIT:
16.649799 0.362015
$MCA_CAL:
3
1.664980E+001 3.620150E-001 2.667330E-007 keV
$SHAPE_CAL:
3
2.137440E+000 1.170910E-003 -6.987340E-008
