$SPEC_ID:
Background_Lab7
$SPEC_REM:
DET# 1
DETDESC# Rayleigh
AP# Maestro-PRO Version 9, 0, 2, 0
$DATE_MEA:
11/10/2025 18:00:42
$MEAS_TIM:
588207.18 588877.16
$DATA:
0 8191
       0
       0
       0
       0
       0
       0
       0
       0
       0
       0
       0
       0
       0
       0
       0
       0
       0
       0
       0
       0
       0
       0
       0
       0
       0
       0
       2
      61
     803
    3760
    5744
    5572
    5769
    5654
    5651
    5668
    5622
    5526
    5667
    5511
    5441
    5504
    5440
    5531
    5432
    5359
    5309
    5306
    5560
    5371
    5258
    5225
    5252
    5207
    5139
    5187
    5201
    5091
    5256
    5145
    5173
    5200
    5225
    5071
    5191
    5092
    5113
    5135
    5049
    5078
    4934
    4988
    5104
    5084
    4993
    5011
    5218
    5172
    4957
    5086
    4973
    5093
    5236
    5332
    5233
    5032
    5080
    4889
    4958
    5038
    4945
    4966
    5076
    5055
    4968
    5101
    4830
    5065
    5063
    5032
    5027
    5260
    5255
    5282
    5177
    5129
    5063
    5067
    5111
    5241
    5239
    5293
    5325
    5447
    5422
    5524
    5475
    5592
    5633
    5704
    5823
    5842
    5991
    5943
    5860
    5956
    6022
    6223
    6856
    7623
    7567
    6762
    6210
    6093
    5968
    6081
    6224
    6283
    6390
    6389
    6410
    6545
    6690
    6563
    6516
    6829
    6562
    6671
    6771
    7105
    7065
    7150
    7483
    7388
    7909
    8422
    8697
    8306
    8314
   10061
   14713
   18542
   16519
   11589
    8359
    9955
   16414
   22615
   21696
   14545
    8084
    6406
    6312
    6674
    6820
    6336
    6224
    6486
    6764
    6853
    6406
    6242
    6175
    6547
    7032
    7796
    8855
    8944
    8663
    8057
    7305
    6836
    7382
    8910
   11662
   13310
   12275
    9915
    7357
    6678
    7275
    8648
   10299
   10432
    9067
    7240
    6434
    6848
    8680
   10897
   12854
   13287
   11615
    9374
    7505
    6672
    6350
    6225
    5932
    5725
    5707
    5704
    5764
    5872
    5898
    6099
    6153
    6442
    6691
    6738
    6575
    6150
    5955
    5741
    5717
    5727
    5695
    5867
    5761
    5882
    5848
    5837
    6223
    6558
    6722
    7093
    7028
    6508
    6173
    5926
    5904
    5924
    6047
    6276
    6419
    6523
    6273
    6219
    6105
    6042
    6141
    6063
    6147
    5998
    6258
    6254
    6471
    6167
    6108
    6082
    6240
    6420
    6447
    6426
    6303
    6088
    5932
    6084
    6077
    6180
    5936
    5902
    5941
    5906
    6143
    6017
    6162
    6119
    5966
    5958
    6053
    6104
    6194
    6282
    6196
    6252
    6389
    6229
    6288
    6321
    6262
    6351
    6239
    6341
    6629
    6506
    6582
    6799
    7597
    8442
    8513
    8328
    7879
    6933
    6582
    6591
    6511
    6579
    6444
    6478
    6531
    6546
    6288
    6290
    6467
    6276
    6413
    6364
    6389
    6401
    6553
    6225
    6303
    6325
    6378
    6324
    6347
    6493
    6307
    6407
    6439
    6626
    6566
    6342
    6386
    6356
    6343
    6333
    6723
    7009
    7118
    7227
    6941
    6765
    6432
    6420
    6198
    6197
    6374
    6172
    6283
    6243
    6178
    6343
    6267
    6183
    6131
    6123
    6231
    6206
    6200
    6323
    6293
    6091
    6178
    6294
    6502
    7074
    6947
    7055
    6917
    6817
    6279
    6066
    5985
    6076
    5923
    6174
    5944
    5936
    6042
    6111
    5973
    5836
    6079
    5811
    5903
    5850
    5813
    5824
    5789
    5927
    5918
    6073
    6087
    5937
    6053
    5921
    5613
    5757
    5644
    5811
    5726
    5828
    5731
    5777
    5760
    5694
    5567
    5552
    5780
    5652
    5503
    5510
    5618
    5687
    5391
    5518
    5554
    5427
    5574
    5615
    5522
    5607
    5654
    5656
    5578
    5575
    5436
    5542
    5515
    5560
    5456
    5604
    5409
    5630
    5444
    5660
    5569
    5501
    5512
    5475
    5628
    5582
    5530
    5706
    5473
    5537
    5565
    5525
    5485
    5636
    6204
    7742
   10196
   11229
   10821
   10670
   10596
    9022
    6942
    5796
    5288
    5268
    5193
    5440
    5316
    5231
    5407
    5387
    5433
    5360
    5275
    5201
    5248
    5276
    5129
    5096
    5196
    5098
    5204
    5194
    5194
    5222
    5244
    5168
    5187
    5260
    5113
    5260
    5320
    5318
    5370
    5282
    5246
    5299
    5235
    5078
    5087
    5146
    5140
    5048
    5054
    5210
    5065
    4966
    5140
    5224
    5337
    5233
    5203
    5228
    5043
    5143
    4902
    4912
    5168
    6364
    7785
    7699
    6594
    6778
    7774
    6932
    5494
    4882
    4889
    4814
    4698
    4712
    4787
    4638
    4755
    4723
    4860
    4673
    4887
    4992
    4797
    4743
    4946
    4907
    4881
    4654
    4629
    4620
    4644
    4657
    4617
    4626
    4751
    4676
    4725
    4691
    4648
    4590
    4603
    4722
    4633
    4596
    4723
    4554
    4725
    4627
    4599
    4670
    4505
    4662
    4572
    4545
    4589
    4677
    4673
    4470
    4564
    4573
    4496
    4627
    4394
    4489
    4607
    4492
    4671
    4578
    4614
    4606
    4493
    4512
    4546
    4655
    4710
    5016
    5042
    4918
    4910
    5317
    7361
   16195
   32143
   38758
   26711
   18197
   27775
   37002
   28353
   14752
    9091
    9127
   10893
   10668
    8580
    8109
    8835
    7776
    5351
    3857
    3692
    3606
    3580
    3632
    3596
    3590
    3623
    3710
    3617
    3553
    3661
    3549
    3541
    3586
    3608
    3522
    3571
    3577
    3609
    3500
    3587
    3651
    3610
    3644
    3510
    3699
    3634
    3437
    3541
    3574
    3614
    3575
    3694
    3572
    3552
    3517
    3624
    3670
    3886
    3713
    3630
    3628
    3565
    3608
    3445
    3440
    3297
    3254
    3279
    3320
    3262
    3189
    3362
    3346
    3338
    3270
    3299
    3213
    3252
    3233
    3228
    3162
    3213
    3212
    3212
    3216
    3563
    4022
    4817
    5672
    5345
    4865
    4856
    5293
    5462
    4802
    3990
    3581
    3422
    3237
    3294
    3238
    3347
    3335
    3218
    3308
    3412
    3757
    4414
    4467
    3950
    3474
    3707
    4235
    4510
    3799
    3276
    3198
    3118
    3085
    3148
    3030
    2993
    3028
    2997
    3075
    3008
    3104
    3027
    2945
    2884
    2980
    3057
    2992
    2963
    3081
    3052
    3116
    3225
    3137
    3003
    2974
    3079
    3238
    3101
    2945
    3054
    3015
    2943
    2976
    2903
    2880
    2916
    2968
    3131
    4416
    8384
   13560
   14360
    9433
    5536
    6959
   11707
   13561
    9701
    4851
    3025
    2793
    2822
    3362
    4408
    4986
    4349
    3532
    3171
    4063
    4783
    4372
    3499
    2869
    2733
    2709
    2678
    2734
    2719
    2690
    2616
    2669
    2667
    2729
    2695
    2738
    2620
    2693
    2634
    2652
    2607
    2682
    2600
    2478
    2516
    2571
    2529
    2553
    2562
    2600
    2556
    2682
    2547
    2523
    2598
    2611
    2512
    2650
    2593
    2575
    2563
    2533
    2600
    2432
    2516
    2523
    2474
    2449
    2588
    2478
    2524
    2595
    2565
    2572
    2669
    2602
    2547
    2574
    2642
    2774
    2707
    2626
    2617
    2512
    2500
    2506
    2619
    2586
    2642
    2930
    3567
    4233
    4142
    3220
    2793
    3073
    3707
    3933
    3720
    2987
    2656
    2537
    2774
    2774
    2618
    2650
    2499
    2520
    2566
    2662
    2618
    2666
    2405
    2527
    2497
    2516
    2658
    3581
    5914
    8687
    8867
    5947
    3649
    3437
    5502
    8406
    8411
    5837
    3361
    2524
    2377
    2405
    2522
    2570
    2394
    2321
    2249
    2418
    2278
    2273
    2402
    2321
    2366
    2353
    2284
    2395
    2356
    2319
    2269
    2429
    2351
    2327
    2445
    2921
    5136
   10864
   19514
   21842
   15444
    7298
    4942
    8315
   16145
   20859
   15711
    7725
    3308
    2181
    2088
    2083
    2135
    2128
    2041
    2099
    1999
    2043
    1990
    2059
    2027
    2014
    2009
    2016
    2058
    2023
    2142
    2020
    2058
    1986
    2045
    2063
    2044
    2048
    2022
    2140
    1984
    1933
    2010
    2028
    2016
    2042
    2025
    2077
    2021
    1983
    2022
    2113
    2033
    2119
    2036
    2030
    1999
    2001
    2006
    1992
    1949
    2033
    2059
    2033
    2040
    1979
    2027
    2026
    2040
    1905
    1961
    1886
    2067
    1957
    1998
    2026
    2026
    1972
    1960
    1912
    1993
    2029
    1907
    2076
    1965
    1946
    2002
    2024
    1963
    1884
    2001
    1977
    1999
    1988
    1973
    2032
    1973
    2056
    2023
    2075
    2028
    2048
    1991
    2121
    2226
    2259
    2048
    2040
    2034
    1977
    2089
    2137
    2029
    1998
    1994
    1948
    1921
    1944
    1945
    1980
    1939
    2051
    1967
    1969
    1900
    1968
    1963
    1966
    1997
    1969
    1944
    1985
    1997
    1947
    1953
    1959
    2008
    1978
    1975
    2065
    2064
    1965
    1950
    1891
    2006
    2046
    2117
    2142
    2166
    2053
    1917
    1912
    1863
    1820
    1995
    1981
    1910
    2015
    2235
    2486
    2754
    2638
    2167
    1930
    1891
    2040
    2275
    2725
    2653
    2272
    2036
    1876
    1841
    1760
    1837
    1838
    1851
    1848
    1843
    1802
    1818
    1841
    1853
    1725
    1791
    1772
    1799
    1762
    1742
    1799
    1766
    1797
    1820
    1760
    1789
    1888
    1761
    1773
    1814
    1688
    1767
    1778
    1671
    1772
    1794
    1778
    1807
    1793
    1803
    1772
    1781
    1712
    1796
    1705
    1733
    1770
    1710
    1790
    1705
    1717
    1707
    1660
    1714
    1718
    1639
    1632
    1643
    1676
    1683
    1586
    1576
    1620
    1623
    1663
    1661
    1569
    1627
    1693
    1624
    1728
    1718
    1717
    1748
    1666
    1611
    1645
    1603
    1726
    1757
    1702
    1687
    1638
    1653
    1653
    1620
    1561
    1519
    1671
    1632
    1675
    1614
    1588
    1538
    1580
    1525
    1679
    1648
    1639
    1574
    1515
    1592
    1579
    1579
    1590
    1619
    1539
    1603
    1588
    1733
    1792
    1661
    1686
    1609
    1627
    1672
    1739
    1659
    1665
    1556
    1532
    1544
    1623
    1647
    1666
    1609
    1571
    1519
    1521
    1485
    1496
    1620
    1525
    1559
    1694
    2013
    2480
    3110
    3256
    2605
    2057
    1664
    1574
    1819
    2346
    3000
    3236
    2734
    2018
    1653
    1484
    1477
    1553
    1527
    1535
    1497
    1495
    1541
    1469
    1533
    1569
    1457
    1399
    1485
    1517
    1482
    1548
    1454
    1542
    1493
    1468
    1391
    1438
    1575
    1426
    1445
    1506
    1484
    1603
    1498
    1475
    1403
    1493
    1521
    1511
    1553
    1650
    1646
    1531
    1513
    1436
    1510
    1454
    1491
    1551
    1450
    1457
    1404
    1377
    1413
    1412
    1399
    1441
    1603
    1541
    1478
    1414
    1466
    1411
    1448
    1525
    1509
    1445
    1471
    1452
    1391
    1359
    1379
    1404
    1475
    1354
    1408
    1342
    1404
    1385
    1394
    1303
    1441
    1419
    1344
    1308
    1394
    1375
    1365
    1403
    1347
    1329
    1360
    1438
    1405
    1346
    1383
    1393
    1361
    1337
    1404
    1401
    1401
    1449
    1454
    1374
    1428
    1354
    1368
    1363
    1392
    1387
    1367
    1496
    1496
    1448
    1581
    1683
    1909
    2128
    2538
    3344
    4693
    5727
    5309
    4279
    3396
    2897
    2576
    2822
    3344
    4562
    5266
    5131
    3999
    3054
    2380
    1968
    1664
    1589
    1445
    1394
    1282
    1374
    1269
    1354
    1336
    1345
    1224
    1333
    1235
    1330
    1214
    1255
    1277
    1329
    1321
    1385
    1357
    1350
    1263
    1343
    1299
    1331
    1349
    1331
    1349
    1288
    1330
    1274
    1244
    1299
    1222
    1352
    1238
    1324
    1227
    1232
    1279
    1222
    1295
    1262
    1291
    1261
    1263
    1304
    1277
    1316
    1225
    1291
    1230
    1285
    1212
    1224
    1360
    1366
    1284
    1280
    1241
    1227
    1272
    1301
    1253
    1257
    1275
    1246
    1230
    1244
    1230
    1287
    1214
    1312
    1274
    1234
    1336
    1264
    1220
    1217
    1215
    1327
    1278
    1303
    1420
    1268
    1290
    1286
    1263
    1260
    1291
    1317
    1324
    1312
    1262
    1237
    1248
    1219
    1222
    1208
    1243
    1289
    1307
    1171
    1199
    1235
    1199
    1267
    1222
    1206
    1171
    1200
    1206
    1170
    1222
    1242
    1173
    1200
    1273
    1245
    1173
    1145
    1234
    1201
    1234
    1332
    1481
    1499
    1494
    1363
    1186
    1186
    1235
    1225
    1217
    1420
    1527
    1511
    1423
    1345
    1246
    1178
    1222
    1163
    1184
    1220
    1255
    1231
    1233
    1285
    1246
    1209
    1300
    1278
    1232
    1303
    1242
    1265
    1253
    1258
    1332
    1253
    1337
    1282
    1263
    1291
    1213
    1184
    1197
    1249
    1212
    1249
    1242
    1266
    1382
    1361
    1366
    1293
    1221
    1450
    2195
    4367
    8073
   10871
   10610
    7174
    3720
    2022
    1317
    1312
    1692
    3239
    6230
    9489
   10682
    7977
    4339
    2094
    1292
    1169
    1139
    1180
    1086
    1106
    1105
    1129
    1143
    1136
    1127
    1123
    1164
    1142
    1165
    1080
    1135
    1214
    1130
    1133
    1164
    1175
    1131
    1158
    1079
    1096
    1121
    1187
    1172
    1078
    1140
    1179
    1246
    1120
    1157
    1163
    1150
    1090
    1168
    1086
    1172
    1159
    1159
    1139
    1165
    1224
    1176
    1130
    1180
    1204
    1176
    1191
    1351
    1962
    4189
    8168
   13140
   14959
   11829
    6591
    3025
    1595
    1187
    1378
    2084
    4229
    8368
   12902
   13828
   10021
    5295
    2294
    1282
    1124
    1043
    1082
    1086
    1044
     995
    1032
    1065
    1026
    1079
    1044
    1020
    1138
    1102
    1080
    1115
    1027
    1001
    1072
    1053
    1025
     989
    1048
     972
    1019
    1062
    1066
    1043
    1001
    1043
     982
    1002
    1012
    1057
    1030
     995
     977
    1020
     977
     977
    1007
    1007
    1074
    1012
    1048
    1039
    1043
     982
    1006
    1039
    1042
    1087
    1002
    1039
    1008
    1051
     997
     969
    1029
    1082
     994
    1025
     973
    1040
     955
     947
    1036
    1007
    1016
    1001
    1015
     979
    1036
    1020
    1021
     966
    1026
    1005
     982
     984
     990
    1028
     971
    1016
     986
     997
    1003
     955
     999
    1008
    1039
    1007
    1075
    1046
     984
    1071
     986
    1037
    1051
    1008
    1061
    1015
    1047
    1012
    1047
    1028
     960
     973
     950
    1019
    1015
    1017
    1013
    1000
     965
     977
     989
    1001
     976
     993
    1025
    1018
    1013
    1083
    1233
    1624
    1986
    2205
    2069
    1532
    1263
    1099
    1034
    1032
    1021
    1182
    1619
    2051
    2452
    2380
    1943
    1428
    1166
     978
     976
    1038
     997
    1185
    1245
    1382
    1275
    1206
    1066
     998
     991
     922
    1000
     996
     991
    1046
    1000
     989
     997
    1026
    1014
     953
     975
    1016
    1000
     976
     977
     989
    1010
     996
     956
     996
     938
     959
     939
     979
    1002
     986
     980
     960
     963
    1053
    1007
     975
     962
     964
     979
     955
     925
     990
     982
     971
    1002
    1017
    1047
    1061
     961
     993
    1009
     975
     980
     960
     961
     983
     956
     991
     962
    1042
     997
    1027
    1021
     966
     967
     939
     954
    1002
     968
     944
    1010
     994
    1035
     983
     986
     934
    1002
    1027
     968
     984
     986
     975
    1017
     966
    1033
    1059
    1100
    1061
    1130
    1150
    1048
    1006
    1005
    1048
     990
    1023
    1078
    1036
    1079
    1100
    1178
    1131
    1052
    1038
     988
     955
     970
    1045
    1022
    1005
    1058
     966
     976
    1047
    1035
     960
     942
     937
     997
     965
     932
    1010
     970
     943
     885
     960
     925
     944
     887
     936
     972
     980
    1017
     981
    1008
    1003
     992
     948
     990
     907
     971
     965
     970
     940
     983
     960
    1000
     980
     938
    1010
    1124
    1376
    1911
    2671
    3091
    2681
    2071
    1441
    1084
     948
     954
     893
     953
    1050
    1304
    1889
    2572
    2852
    2553
    1895
    1275
    1029
     985
     875
     885
     881
     864
     790
     894
     887
     890
     899
     945
     908
     868
     902
     851
     851
     861
     886
     944
     923
     913
     861
     908
     945
     925
     909
     931
     909
     863
     848
     871
     948
     932
     850
     857
     896
     964
     918
     918
     910
     919
     896
     901
     876
     894
     777
     866
     870
     870
     889
     916
     909
     907
     911
     875
     893
     941
    1091
    1134
    1107
    1029
     995
     915
     901
     874
     903
     819
     894
     898
     927
     976
    1043
    1149
    1057
    1006
     935
     886
     881
     887
    1032
     999
     948
     929
     891
     885
     872
     929
     947
     936
     989
    1083
    1252
    1575
    2055
    2159
    1984
    1472
    1149
     917
     932
     955
     979
    1077
    1257
    1412
    1595
    1940
    2035
    2048
    1672
    1226
     969
     855
     853
     830
     905
     951
    1057
    1167
    1116
    1050
     960
     844
     814
     789
     796
     804
     832
     803
     857
     904
     903
     956
     857
     840
     812
     831
     811
     915
    1059
    1240
    1305
    1345
    1149
    1077
     946
     906
     834
     776
     859
     773
     829
     908
    1073
    1171
    1218
    1192
    1047
     937
     835
     830
     835
     843
    1037
    1289
    1550
    1884
    1707
    1429
    1079
     858
     826
     749
     774
     789
     781
     763
     873
    1175
    1536
    1710
    1599
    1370
     974
     887
     783
     712
     776
     767
     768
     738
     767
     769
     802
     824
     854
    1034
    1036
     939
     860
     854
     754
     756
     742
     749
     711
     725
     798
     799
     860
     949
    1002
     942
     863
     796
     756
     744
     752
     761
     740
     748
     746
     757
     716
     741
     740
     709
     756
     729
     735
     684
     758
     733
     710
     754
     731
     744
     773
     803
     783
     722
     768
     689
     687
     686
     716
     730
     781
     698
     792
     790
     804
     745
     725
     777
     735
     747
     746
     761
     732
     796
     782
     793
     953
     801
     872
     802
     783
     787
     746
     689
     706
     740
     762
     881
    1000
    1193
    1197
    1241
    1095
     925
     805
     821
     745
     837
     886
     966
     931
    1008
    1103
    1231
    1266
    1102
     986
     864
     784
     747
     737
     766
     808
     839
     900
     918
     935
    1001
     909
     812
     796
     724
     758
     755
     713
     741
     716
     748
     701
     717
     652
     678
     753
     664
     739
     680
     710
     706
     705
     700
     707
     722
     705
     731
     694
     720
     721
     732
     679
     702
     727
     683
     692
     772
     966
    1244
    1471
    1790
    1751
    1424
     979
     805
     718
     660
     751
     705
     693
     719
     764
     892
    1189
    1482
    1634
    1552
    1319
    1015
     819
     769
     714
     722
     691
     701
     734
     674
     678
     702
     748
     701
     681
     696
     737
     682
     705
     700
     697
     644
     654
     722
     723
     741
     702
     710
     755
     660
     713
     702
     699
     679
     668
     710
     686
     705
     709
     737
     707
     731
     765
     698
     662
     673
     694
     638
     709
     732
     649
     699
     661
     653
     672
     695
     670
     701
     725
     685
     723
     679
     671
     643
     659
     626
     690
     724
     724
     690
     722
     750
     760
     790
     766
     733
     659
     672
     715
     653
     699
     716
     686
     684
     692
     687
     769
     768
     752
     747
     718
     683
     695
     691
     686
     693
     665
     709
     730
     819
     818
     879
     840
     821
     753
     743
     652
     688
     727
     696
     690
     671
     720
     695
     837
     955
    1431
    2392
    4089
    6060
    6912
    6440
    4750
    2810
    1402
     910
     737
     678
     653
     736
     690
     900
    1259
    2226
    3778
    5575
    6062
    5248
    3595
    2118
    1406
    1142
    1165
    1083
     859
     720
     693
     640
     632
     605
     678
     622
     634
     658
     612
     640
     623
     655
     634
     634
     606
     656
     664
     706
     700
     661
     625
     640
     660
     618
     607
     648
     625
     642
     592
     623
     613
     688
     746
     846
    1020
    1205
    1293
    1274
     986
     742
     629
     684
     658
     660
     657
     614
     623
     684
     713
     774
     914
    1075
    1162
    1131
     931
     760
     684
     692
     702
     669
     634
     659
     630
     595
     607
     636
     636
     638
     644
     626
     615
     644
     635
     679
     714
     667
     674
     728
     731
     697
     724
     693
     646
     671
     661
     698
     637
     675
     654
     634
     667
     643
     658
     672
     688
     687
     729
     672
     704
     674
     718
     746
     693
     699
     667
     651
     566
     590
     588
     628
     624
     606
     650
     711
     774
     881
    1186
    1509
    1784
    1854
    1517
    1197
     827
     730
     743
     874
    1145
    1850
    2793
    3854
    4418
    3857
    2917
    2222
    1742
    1692
    1514
    1249
     931
     746
     655
     778
     938
    1247
    1925
    2824
    3622
    3668
    2988
    1873
    1128
     780
     773
     802
     921
     890
     826
     709
     650
     624
     579
     580
     580
     630
     644
     573
     634
     647
     629
     589
     608
     620
     631
     631
     572
     601
     585
     609
     583
     589
     643
     654
     643
     589
     671
     637
     622
     587
     574
     567
     568
     576
     580
     606
     553
     653
     600
     614
     661
     592
     586
     611
     616
     602
     628
     603
     591
     590
     574
     542
     595
     564
     598
     691
     708
     759
     831
     853
     719
     751
     629
     594
     608
     578
     612
     624
     582
     596
     596
     606
     636
     667
     767
     758
     800
     748
     659
     633
     597
     644
     596
     609
     626
     594
     626
     594
     586
     627
     578
     554
     587
     525
     631
     539
     570
     609
     635
     563
     626
     590
     575
     613
     589
     567
     569
     570
     554
     587
     569
     579
     571
     572
     572
     614
     615
     566
     604
     623
     573
     607
     589
     586
     593
     595
     593
     625
     618
     593
     573
     571
     647
     577
     630
     624
     608
     586
     606
     578
     588
     610
     600
     609
     629
     621
     598
     619
     593
     620
     560
     604
     607
     585
     563
     579
     550
     581
     580
     581
     607
     627
     672
     638
     544
     584
     583
     579
     558
     614
     557
     575
     597
     628
     615
     574
     527
     533
     614
     592
     576
     632
     590
     588
     608
     584
     573
     546
     569
     580
     579
     594
     581
     573
     642
     701
     629
     627
     610
     607
     579
     563
     596
     572
     601
     589
     596
     565
     538
     605
     595
     597
     624
     604
     651
     650
     605
     553
     595
     586
     550
     586
     578
     571
     567
     614
     592
     641
     630
     626
     648
     602
     615
     639
     587
     600
     613
     611
     594
     574
     608
     631
     639
     607
     655
     669
     662
     596
     615
     644
     610
     626
     645
     562
     621
     584
     556
     582
     609
     612
     617
     650
     643
     648
     643
     665
     658
     662
     685
     603
     632
     606
     618
     582
     605
     566
     591
     562
     624
     575
     574
     628
     591
     611
     678
     691
     645
     640
     593
     582
     582
     594
     559
     601
     586
     557
     569
     548
     582
     578
     575
     565
     638
     564
     616
     628
     653
     653
     690
     673
     694
     676
     633
     648
     617
     591
     590
     600
     613
     610
     609
     607
     577
     623
     572
     644
     640
     726
     634
     646
     626
     631
     637
     642
     633
     591
     611
     622
     616
     650
     622
     594
     573
     611
     687
     589
     589
     636
     625
     623
     650
     676
     695
     649
     660
     610
     656
     620
     573
     605
     652
     595
     573
     613
     568
     577
     595
     585
     604
     651
     689
     696
     683
     781
     879
    1315
    1932
    2640
    3243
    3179
    2666
    1971
    1227
     859
     667
     630
     621
     633
     613
     652
     629
     650
     714
     802
    1122
    1646
    2391
    2916
    2835
    2338
    1576
    1071
     761
     624
     616
     628
     592
     667
     588
     640
     692
     752
     813
     885
     891
     825
     800
     679
     648
     654
     597
     606
     573
     593
     635
     599
     641
     609
     597
     591
     628
     630
     655
     613
     660
     643
     638
     621
     638
     618
     652
     591
     612
     635
     598
     621
     629
     618
     602
     617
     621
     679
     604
     626
     602
     602
     567
     607
     587
     622
     615
     632
     569
     623
     658
     619
     613
     674
     663
     729
     917
     847
     889
     904
     807
     766
     689
     626
     601
     599
     645
     647
     615
     620
     637
     647
     668
     639
     719
     769
     828
     871
     847
     827
     775
     728
     587
     639
     678
     660
     633
     645
     632
     642
     690
     668
     624
     598
     649
     655
     662
     692
     666
     632
     667
     616
     643
     687
     631
     607
     695
     614
     622
     663
     638
     662
     631
     658
     661
     649
     594
     657
     614
     628
     634
     651
     664
     621
     633
     696
     654
     658
     620
     696
     624
     705
     659
     666
     646
     654
     644
     635
     627
     681
     628
     618
     652
     644
     666
     601
     649
     645
     656
     698
     663
     651
     638
     650
     679
     680
     635
     674
     643
     672
     661
     648
     680
     646
     646
     700
     675
     611
     678
     690
     640
     663
     639
     670
     676
     688
     671
     626
     685
     677
     655
     641
     668
     681
     670
     675
     682
     663
     654
     663
     678
     717
     681
     655
     657
     642
     701
     706
     696
     736
     745
     739
     719
     663
     655
     656
     651
     682
     687
     668
     733
     648
     635
     672
     670
     692
     707
     656
     764
     774
     762
     721
     668
     715
     671
     681
     675
     711
     709
     713
     648
     662
     673
     647
     703
     708
     674
     650
     704
     701
     688
     662
     713
     655
     730
     710
     690
     682
     733
     716
     681
     693
     700
     698
     661
     701
     655
     671
     673
     698
     679
     664
     652
     683
     712
     682
     714
     659
     665
     722
     701
     761
     729
     709
     718
     795
     810
     985
    1119
    1484
    1608
    1595
    1383
    1098
     918
     745
     707
     655
     635
     722
     683
     672
     668
     668
     622
     712
     755
     780
     907
    1177
    1410
    1465
    1472
    1227
    1022
     829
     717
     627
     649
     647
     618
     660
     613
     594
     589
     588
     628
     571
     584
     622
     625
     666
     682
     683
     678
     692
     663
     612
     678
     533
     532
     536
     517
     565
     546
     529
     528
     526
     536
     563
     571
     527
     529
     510
     534
     585
     539
     549
     547
     546
     555
     534
     523
     496
     545
     482
     550
     552
     534
     496
     481
     524
     507
     510
     482
     488
     539
     550
     541
     474
     506
     483
     450
     450
     481
     513
     512
     526
     509
     505
     487
     497
     501
     476
     517
     489
     476
     461
     483
     496
     545
     550
     610
     597
     665
     735
     679
     663
     575
     510
     501
     472
     496
     477
     423
     495
     460
     435
     449
     497
     470
     487
     518
     536
     579
     606
     665
     652
     637
     599
     523
     431
     546
     493
     434
     492
     421
     468
     470
     432
     436
     477
     468
     484
     486
     466
     454
     435
     443
     457
     418
     444
     473
     452
     445
     465
     427
     421
     436
     439
     431
     462
     456
     462
     448
     458
     468
     451
     429
     452
     419
     440
     424
     472
     453
     440
     430
     433
     463
     411
     399
     424
     427
     447
     455
     451
     412
     428
     473
     443
     405
     423
     456
     419
     457
     394
     420
     416
     420
     434
     383
     422
     438
     364
     409
     410
     384
     415
     422
     414
     384
     375
     357
     381
     384
     383
     373
     434
     428
     400
     428
     434
     385
     373
     400
     405
     417
     383
     375
     372
     366
     376
     365
     379
     373
     351
     351
     414
     363
     372
     330
     417
     413
     364
     401
     414
     380
     410
     363
     384
     353
     363
     376
     408
     387
     397
     349
     357
     375
     392
     372
     355
     338
     363
     384
     363
     345
     365
     356
     357
     324
     362
     341
     333
     352
     334
     352
     368
     352
     351
     347
     306
     338
     341
     324
     335
     344
     329
     332
     360
     338
     321
     365
     346
     316
     321
     314
     324
     342
     335
     333
     310
     311
     345
     311
     323
     311
     349
     354
     321
     322
     344
     325
     325
     359
     298
     308
     343
     327
     334
     302
     302
     296
     288
     300
     296
     323
     304
     331
     340
     294
     315
     296
     304
     320
     324
     286
     295
     321
     263
     340
     325
     301
     294
     339
     273
     294
     340
     322
     310
     293
     284
     319
     290
     318
     324
     311
     337
     315
     329
     408
     452
     646
     801
     903
     937
     857
     739
     487
     444
     343
     316
     288
     265
     277
     286
     284
     302
     321
     300
     283
     334
     365
     394
     497
     667
     756
     865
     922
     814
     683
     491
     371
     348
     273
     269
     314
     253
     278
     293
     271
     257
     285
     300
     301
     337
     305
     361
     339
     362
     372
     330
     329
     297
     277
     276
     295
     306
     335
     351
     313
     313
     306
     279
     298
     320
     350
     382
     445
     475
     422
     354
     338
     317
     290
     267
     286
     268
     284
     250
     287
     285
     330
     388
     470
     523
     576
     627
     561
     538
     413
     439
     445
     457
     422
     342
     304
     308
     280
     282
     278
     271
     263
     282
     266
     286
     312
     351
     450
     560
     568
     558
     491
     409
     333
     271
     244
     272
     263
     273
     273
     243
     296
     264
     245
     250
     267
     270
     280
     254
     275
     263
     279
     305
     276
     263
     266
     250
     255
     249
     305
     268
     279
     305
     277
     309
     279
     276
     260
     283
     268
     266
     247
     261
     223
     251
     255
     272
     246
     279
     291
     302
     290
     249
     286
     279
     247
     266
     234
     266
     278
     261
     287
     304
     233
     247
     250
     253
     265
     273
     277
     278
     250
     289
     272
     260
     301
     298
     257
     277
     233
     275
     275
     274
     300
     263
     275
     280
     278
     275
     244
     268
     287
     239
     303
     272
     255
     297
     275
     278
     295
     276
     307
     280
     308
     312
     316
     308
     295
     328
     368
     362
     532
     687
    1152
    2050
    3755
    6455
    9949
   13137
   15267
   15205
   12944
    8989
    5276
    2609
    1122
     547
     338
     302
     271
     278
     284
     283
     260
     303
     332
     388
     578
     842
    1606
    2989
    5383
    8414
   11611
   13873
   13417
   10642
    7110
    3821
    1758
     768
     335
     255
     197
     185
     227
     195
     194
     201
     204
     206
     193
     187
     188
     207
     217
     213
     203
     213
     213
     228
     238
     285
     412
     595
     878
    1261
    1440
    1549
    1419
    1065
     681
     421
     257
     212
     212
     189
     173
     204
     203
     195
     194
     230
     197
     206
     203
     181
     216
     174
     207
     199
     186
     200
     188
     180
     179
     227
     214
     215
     209
     225
     206
     237
     279
     283
     298
     311
     264
     257
     248
     202
     201
     200
     196
     226
     220
     218
     192
     255
     263
     276
     265
     273
     259
     213
     203
     197
     247
     247
     307
     308
     324
     260
     261
     255
     207
     229
     259
     307
     387
     458
     538
     484
     466
     405
     334
     324
     272
     261
     255
     268
     252
     247
     258
     223
     213
     188
     198
     170
     196
     198
     226
     230
     280
     337
     400
     416
     426
     398
     345
     282
     232
     201
     194
     237
     219
     235
     212
     212
     216
     230
     180
     185
     217
     173
     170
     168
     181
     180
     173
     179
     170
     191
     194
     199
     219
     194
     212
     190
     196
     221
     237
     207
     235
     183
     189
     212
     189
     168
     209
     192
     182
     197
     182
     209
     184
     188
     184
     191
     247
     235
     241
     248
     221
     215
     169
     175
     184
     176
     208
     185
     209
     196
     237
     242
     241
     200
     196
     217
     162
     162
     174
     163
     186
     214
     230
     216
     239
     214
     213
     194
     199
     180
     195
     180
     187
     199
     210
     220
     249
     240
     215
     181
     192
     157
     185
     173
     172
     185
     173
     181
     198
     163
     183
     161
     149
     173
     204
     164
     188
     171
     157
     173
     167
     155
     158
     156
     169
     172
     158
     170
     179
     174
     180
     172
     178
     179
     190
     176
     167
     154
     159
     161
     168
     165
     179
     156
     165
     155
     150
     153
     156
     157
     168
     164
     168
     201
     174
     155
     157
     167
     154
     125
     157
     140
     166
     152
     161
     164
     162
     180
     198
     198
     225
     229
     246
     239
     222
     205
     239
     272
     282
     234
     240
     188
     215
     168
     178
     179
     163
     234
     302
     422
     504
     572
     631
     578
     476
     397
     316
     264
     246
     211
     258
     295
     304
     387
     439
     404
     384
     324
     282
     262
     203
     216
     184
     205
     251
     338
     422
     511
     567
     527
     476
     360
     267
     238
     176
     194
     167
     219
     282
     282
     311
     364
     285
     293
     252
     193
     193
     193
     178
     177
     174
     154
     187
     170
     181
     183
     187
     186
     152
     182
     174
     180
     168
     177
     175
     183
     181
     171
     172
     188
     164
     166
     154
     145
     154
     154
     171
     167
     156
     170
     178
     158
     153
     164
     183
     202
     228
     301
     347
     352
     343
     346
     244
     225
     204
     152
     139
     165
     139
     171
     184
     174
     189
     169
     158
     162
     149
     138
     159
     135
     176
     203
     246
     315
     444
     476
     553
     473
     467
     364
     254
     192
     175
     142
     157
     159
     148
     186
     180
     157
     150
     167
     192
     170
     187
     185
     186
     226
     212
     223
     240
     278
     311
     326
     319
     264
     221
     165
     133
     110
     157
     133
     137
     173
     143
     134
     138
     157
     136
     156
     166
     160
     154
     201
     186
     170
     165
     163
     161
     122
     122
     113
     137
     123
     120
     108
     117
     129
     131
     129
     131
     152
     152
     135
     151
     128
     128
     123
     142
     117
     133
     126
     127
     142
     161
     167
     224
     248
     231
     237
     212
     201
     192
     149
     130
     133
     132
     114
     124
     162
     156
     145
     139
     131
     142
     166
     142
     126
     128
     119
     141
     120
     152
     186
     226
     251
     228
     231
     211
     153
     144
     130
     112
     119
     129
     135
     146
     102
     140
     154
     152
     142
     147
     152
     144
     135
     145
     145
     121
     123
     130
     114
     116
     119
      97
     139
     105
     153
     136
     160
     178
     140
     124
     130
     123
     146
     127
     152
     127
     155
     130
     118
     126
     110
     131
     121
     142
     120
     142
     134
     143
     154
     148
     160
     169
     161
     153
     147
     136
     171
     130
     136
     152
     151
     130
     133
      96
     109
     115
      96
     101
     126
     107
     113
     122
     126
     122
     126
     153
     163
     123
     134
     132
     154
     137
     121
     130
     112
     111
     104
     112
     119
     110
     107
     113
     119
     116
     121
     129
     123
     132
     450
    3864
   22863
   66334
   49271
   16506
    6984
    4336
    3150
    2713
    2250
    2120
    1540
    1270
    1128
    1074
     893
     860
     864
     706
     622
     634
     625
     623
     632
     599
     534
     472
     452
     481
     486
     491
     478
     476
     427
     507
    2453
   15552
   35546
   53829
   22261
   18790
   20794
   27762
    9115
    3470
    2803
    2532
    2264
    2059
    1925
    1891
    2026
    2763
    5863
    7661
    4530
    2358
    1277
    1221
    1128
     979
    1024
    1088
    1082
    1028
    1089
    1117
    1145
    1150
    1245
    1557
    1598
    1484
    1499
    1575
    1656
    1767
    1840
    1956
    1956
    1892
    1772
    1854
    1643
    1602
    1620
    1592
    1599
    1582
    1586
    1571
    1603
    1559
    1857
    3282
    3847
    6580
    6458
    4287
    3176
    3076
    3117
    4068
    2636
    1108
    1284
    2278
    5531
    8413
    7064
    5163
    4347
    4201
    4477
    4934
    5006
    4956
    5532
    6106
    4694
    2905
    1796
    1708
    1728
    1537
    1616
    1582
    1532
    1626
    1621
    1582
    1480
    1543
    1511
    1656
    1656
    2048
    2966
    4159
    5151
    4628
    3318
    2285
    1433
    1291
    1842
    2453
    2850
    4131
    3465
    2959
    3272
    3578
    4413
    4868
    4674
    4430
    4748
    4221
    2834
    2101
    1773
    1603
    1578
    1034
     342
      25
      11
      14
      17
       6
       8
       5
       6
       5
       6
       6
       6
       5
       5
       4
       7
       4
       2
      10
       4
       9
       3
       4
       7
       2
       4
      13
      10
      13
       5
       4
       8
       6
       8
       6
       3
       3
       6
       4
       7
       8
       8
      15
      10
      10
      22
      31
      50
      72
     109
     161
     187
     194
     134
      84
      56
      23
      15
       6
       8
       6
       5
       8
       6
       3
       4
      11
       7
       6
       9
      10
       4
       7
       5
       4
      10
       5
       9
       7
       5
       5
       3
       3
       6
       8
       5
       7
       5
       5
       0
       7
       3
       3
       3
       3
       4
       7
       2
       2
       2
       6
       8
       4
       3
       7
       7
       6
       9
       3
       1
       7
       6
       3
       3
       4
       7
       8
       4
       1
       5
       6
       6
       1
       5
       2
       3
       3
       2
       8
       1
       6
       4
       7
       3
       4
       7
       3
       9
       5
       3
       2
       5
       3
       2
       7
       4
       3
       7
       6
       3
       5
       1
       6
       2
       2
       2
       5
       3
       4
       1
       6
       4
       5
       8
       9
       6
       8
       3
       6
       3
       5
       4
       7
       6
       2
       5
       3
       4
       5
       5
       6
       5
       7
       3
       7
       2
       3
       4
       4
       7
       2
       6
       6
       1
       3
      11
       1
       5
       3
       2
       2
       1
       5
       8
       8
       6
       2
       2
       1
       4
       2
       6
       5
       4
       6
       5
       3
       2
       3
       2
       7
       6
       5
       3
       3
       7
       3
       8
       8
       4
       5
       3
       4
       5
       3
       6
       6
       7
       5
       5
       4
       8
       8
       1
       4
       1
       4
       6
       5
       2
       5
      10
       7
       7
       6
       2
       4
       9
       4
       6
       0
       4
       4
       5
       2
       4
       5
       6
       3
       6
       7
       6
       6
       9
       6
       6
      21
      18
      38
      24
      20
      18
      12
      10
       7
       5
       1
       6
       5
       6
       3
       4
       9
       5
       4
       1
       5
       4
       2
       2
       2
       2
       6
       6
       3
       4
       4
       3
      10
       2
       2
       8
       3
       5
       5
       7
       3
       7
       7
       6
       5
       6
       2
       3
       7
       2
       2
       2
       6
       6
       7
       2
       6
       4
       7
       6
       6
       4
       7
       7
       4
       4
       5
       1
       8
       9
       6
       7
       4
      15
       5
       9
       3
       7
       7
       4
       5
       3
       4
       0
       5
       3
       4
       9
       3
       4
       4
       2
       7
       5
       8
       3
       8
       3
       4
       6
       5
       4
       3
       4
       5
       4
       1
       5
       5
       4
      10
       6
       6
       3
       7
       5
       6
       6
       8
       4
       3
       7
       4
       8
       4
       6
       6
       6
       1
       3
       2
       9
       5
       1
       9
       2
       4
       6
       9
       4
       7
       7
       9
       4
       4
       6
       8
       5
       5
       4
       5
       9
       2
       7
       2
       5
       3
       6
       4
       2
       4
       1
       6
       4
       7
       6
       5
       6
       1
       6
       4
       9
       7
       2
      12
       5
       4
       7
       4
       5
       0
       5
       2
       3
       7
       6
       4
       2
       3
       3
       9
       6
       2
       2
       2
       4
       2
      10
       4
       5
       6
       3
       5
       4
       4
       3
       7
       2
       7
       4
      12
       5
       5
       6
       7
       6
       2
       4
       7
       3
       3
       6
       3
       2
       6
       5
       6
       3
       8
       8
       4
       7
       3
       7
       4
       3
       1
       5
       4
       8
       5
       5
       4
       5
       4
       3
       5
       6
       7
       8
       1
       4
       7
       6
       5
       4
       4
       7
       6
       1
       5
       5
       4
       6
       4
       3
       5
       7
       5
       5
       4
       1
       6
       4
       4
       3
       5
       4
       3
       9
       3
       8
       5
       4
       6
       7
       9
       4
       5
       6
       9
       4
       2
       8
       4
       6
       3
       5
       6
       2
       6
       6
       5
       2
       4
       2
       5
       2
       3
       9
       8
       5
       2
       2
       3
       4
       2
       3
       2
       6
       3
       3
       7
       4
       3
       5
       6
       4
      11
       5
       6
       3
       5
       7
       3
       6
       6
       6
       2
       5
       5
       3
       7
       3
       3
       5
       9
       6
       6
       3
       7
      12
       2
       2
       4
       4
       2
       4
       6
       2
       5
       7
       2
       1
       4
       3
       4
       4
       6
       3
       4
       4
       4
       4
       2
       5
       5
       3
       3
       9
       6
       7
       3
       1
       3
       3
       4
       3
       5
       3
       1
       6
       6
       2
       6
       6
       2
       4
       4
       2
       1
       4
       5
       3
       2
       3
       5
       5
       4
       2
       4
       4
       5
       4
       2
       3
       3
       6
       5
       4
       7
       5
       3
       2
       9
       6
       6
       6
       4
       0
       5
       4
       5
       5
       3
       1
       3
       4
       4
       7
       1
       6
       3
       3
       4
       1
       3
       6
       2
      10
       5
       6
       7
       4
       2
       2
       5
       8
       6
       3
       6
       4
       4
       4
       6
       6
       5
       4
       5
       7
       3
       7
       3
       5
       6
       3
       5
      10
       3
       5
       3
       7
       6
       5
       3
       6
       8
       6
       7
       4
       5
       3
       5
       2
       1
       1
       4
       7
       5
       3
       3
       4
       5
       5
       6
       7
       6
       5
       3
       4
       3
       7
       2
       1
       2
       6
       1
       4
       3
       6
       3
       3
       5
       7
       4
       3
       5
       4
       4
       3
       8
       6
       2
       7
       7
       4
       5
       5
       2
       1
       1
       3
       2
       3
       2
       5
       4
       5
       4
       3
       4
       4
       5
       6
       6
       2
       3
       3
       3
       2
       1
       8
       8
       4
       2
       5
       3
       2
       7
       2
       5
       2
       2
       4
       2
       3
       7
       4
       4
       3
       3
       0
       4
       3
       4
       4
       5
       3
       4
       5
       4
       3
       4
       4
       2
       3
       3
       7
       3
       7
       2
       4
       4
       5
       8
       6
       4
       3
       2
       4
       4
       4
       2
       1
       4
       4
       5
       3
       4
       5
       5
       1
       2
       2
       3
       4
       3
       4
       7
       3
       5
       8
       3
       5
       3
       4
       4
       4
       2
       5
       6
       2
       2
       4
       8
       6
       5
       3
       5
       3
       2
       3
       4
       6
       2
       5
       1
       6
       7
       7
       5
       3
       7
       5
       4
       2
       5
       2
       7
       5
       6
       3
       2
       4
       6
       3
       2
       3
       7
       3
       4
       3
       3
       8
       3
       3
       6
       8
       6
       3
       2
       6
       4
       4
       4
       8
       9
      17
      18
      17
      22
      32
      35
      28
      38
      25
      16
      15
      10
       9
       5
       5
      10
       6
       6
       5
       4
       2
       2
      11
      10
       3
       3
       5
       7
       1
       3
       6
       2
       4
       4
       1
       5
       8
       5
       3
       6
       6
       3
      10
      10
       8
       8
      13
      12
      10
      14
      12
       3
       9
       8
       7
       3
       7
       7
       5
       3
       6
       2
       5
       5
       1
       6
       5
       7
       3
       5
       7
       2
       4
       3
       3
       6
       2
       5
       2
       2
       3
       5
       2
       5
       5
       5
       6
       4
       5
       4
       1
       2
       3
       6
       1
       5
       7
       4
       6
       3
       2
       2
       6
       5
       7
       5
       3
       4
       6
       7
       3
       4
       2
       5
       7
       3
       2
       2
       5
       2
       5
       2
       1
       3
       4
       6
       2
       6
       3
       8
       3
       7
       4
       3
       6
       6
       4
       2
       2
       4
       3
       3
       3
       3
       4
       5
       7
       7
       4
       3
       7
       1
       5
       3
       2
       1
       3
       8
       2
       9
       5
       1
       3
       6
       6
       4
       7
       5
       3
       4
       3
       8
       5
       6
       3
       3
       5
       4
       6
       3
       1
       4
       2
       3
       3
       3
       5
       3
       6
       5
       4
       5
       2
       7
       6
       2
      10
       3
       8
       1
       6
       5
       3
       3
       4
       3
       6
       4
       5
       9
       6
       3
       2
       3
      10
       5
       4
       3
       8
       4
       4
       2
       3
       7
       5
       7
       2
       6
       7
       4
       4
       4
       2
       5
       5
       2
       4
       4
       5
       7
       5
       6
       3
       5
       5
       3
       1
       5
       1
       7
       5
       8
       3
       1
       3
       7
       5
       2
       7
       7
       3
       4
       4
       7
       5
       5
       5
       3
       5
       7
       3
       2
       9
       5
      17
      15
      24
      24
      34
      34
      56
      55
      30
      27
      18
      12
      15
       9
       4
       6
       9
       2
       2
       2
       2
       5
       6
       7
       5
       5
       7
       4
       4
       5
       6
       8
       4
       3
       1
       2
       2
       7
       4
       7
       3
       6
       5
       8
       3
       2
       6
       1
       2
       3
       4
       5
       4
       4
       2
       4
       5
       4
       5
       3
       5
       2
       4
       8
       1
      10
       5
       3
       3
      10
       2
       2
       2
       3
       5
       2
       3
       2
       8
       4
       6
       6
       4
       4
       7
       5
       3
       4
       5
       5
       5
       4
       2
       4
       7
       1
       9
       5
       4
       4
       3
       5
       6
       1
       3
       2
       3
       2
       2
       4
       3
       3
       6
       4
       4
       2
       5
       2
       6
       3
       3
       5
       3
       9
       2
      10
       7
       4
       5
       4
       2
       1
       3
       3
       5
       7
       6
       7
       3
       2
       4
       9
       1
       7
       1
       3
       4
       6
       3
      10
       3
       1
       6
       4
       4
       5
       3
       5
       3
       3
       9
       5
       1
       3
       6
       5
       4
       6
       4
       5
       3
       3
      10
       3
       3
       2
       7
       4
       8
       6
       3
       4
       7
       7
       1
       8
       2
       5
       3
       4
       3
       6
       7
       4
       5
       9
       3
       4
       2
       6
       5
       2
      10
       3
       1
       1
       7
       6
       5
       4
       4
      10
       3
       4
       6
       8
       2
       1
       6
       3
       6
       8
       5
       5
       3
       3
       2
       8
       4
       4
       5
       7
       8
       6
       6
       7
       7
       3
       5
       2
       4
       7
       8
      10
      11
      11
       2
       9
       7
       3
       4
       6
       5
       6
       5
       9
       6
       3
       3
       5
       2
       4
       5
       5
       5
       4
       1
       6
       4
       8
       6
       6
       6
       9
       4
       1
       1
       5
       5
       5
       4
       6
       5
       8
       4
       4
       5
       2
       3
       2
       8
       4
       3
       8
       7
       2
       4
       3
       7
       6
       3
       6
       6
       3
       4
       2
       3
       2
       7
       4
       6
       1
       8
       6
       6
       7
       4
       5
       6
       3
       4
       4
       2
       6
       2
       3
       0
       1
       4
       5
       8
       9
       6
       6
       6
       3
       3
       5
       6
      11
       3
       4
       4
       8
       4
       2
       8
       4
       2
       5
       2
       6
       9
       6
       2
       5
       3
       2
       6
       3
       5
       0
       4
       5
       3
       7
       3
       5
       6
       1
      10
       7
       5
       5
       5
       6
       5
       3
       4
       6
       4
       3
       6
       4
       8
       8
       4
       7
       6
       6
       6
       2
       5
       7
       4
       8
       3
       3
       9
       6
       3
       9
       2
       4
       3
       6
       2
       7
       5
       4
       5
       6
       5
       6
       3
       3
       7
       5
       5
       9
       4
       3
       6
       3
       5
       1
       6
       7
       7
      12
       3
       3
       3
       8
       5
       4
       5
       5
       1
       4
       5
       4
       2
       4
       4
       8
       7
       6
       4
       6
       7
       2
       5
       4
       6
       3
       5
       9
       7
       5
       3
       7
       3
       8
       5
       2
       5
       4
       5
       6
       6
       5
       7
       8
       5
       5
       3
       5
       4
       2
       8
       2
       3
       1
       4
       5
       5
       4
       3
       0
       4
       3
       5
       3
       5
       3
       4
       0
       3
       5
       4
       3
       5
       4
       1
       0
       3
       6
       8
       5
       2
       4
       5
       7
       3
       3
       7
       3
       2
       6
       7
       3
       7
       3
       2
       4
       4
       7
       5
       5
       5
       3
      13
       0
       5
       4
       2
       2
       4
       3
       2
       4
       2
       3
       6
       3
       4
       4
       2
       2
       1
       3
       4
       5
       3
       2
       6
       1
       0
       2
       5
       4
       3
       4
       7
       6
       1
       3
       2
       2
       6
       7
       2
       3
       1
       2
       5
       2
       7
       3
       1
       3
       6
       3
       2
       2
       5
       6
       4
       9
       5
       2
       2
       8
       0
       5
       6
       2
       3
       3
       2
       4
       5
       8
       7
       5
       5
       3
       5
       4
       2
       2
       7
       3
       3
       0
       1
       4
       5
       7
       2
       1
       5
       4
       4
       1
       3
       4
       4
       2
       2
       5
       3
       2
       3
       0
       5
       8
       3
       7
       5
       6
       1
       2
       5
       4
       4
       1
       1
       3
       1
       3
       4
       0
       1
       3
       4
       1
       2
       2
       1
       8
       1
      10
       5
       5
       7
      16
      16
      10
      20
      22
      11
      11
      12
       8
       6
       2
       7
       3
       3
       3
       3
       7
       3
       3
       5
       4
       2
       3
       4
       5
       4
       4
       2
       3
       3
       1
       3
       2
       3
       3
       4
       5
       3
       1
       2
       0
       4
       2
       1
       1
       2
       2
       4
       1
       3
       5
       2
       4
       4
       2
       4
       2
       4
       1
       3
       3
       1
       0
       6
       2
       3
       2
       2
       5
       7
       5
       1
       3
       0
       6
       3
       4
       3
       5
       3
       3
       1
       6
       1
       1
       1
       2
       1
       2
       0
       2
       1
       2
       0
       3
       3
       1
       3
       3
       2
       1
       2
       4
       2
       3
       1
       2
       2
       1
       1
       3
       1
       6
       0
       0
       2
       0
       1
       1
       1
       4
       2
       1
       0
       1
       1
       3
       3
       2
       0
       4
       3
       1
       2
       1
       0
       0
       0
       2
       1
       3
       2
       1
       1
       1
       4
       0
       2
       1
       2
       3
       2
       4
       1
       1
       4
       2
       2
       0
       0
       4
       0
       2
       2
       3
       3
       2
       5
       0
       0
       4
       0
       2
       0
       2
       0
       3
       0
       0
       3
       2
       6
       2
       0
       2
       2
       0
       3
       2
       1
       0
       2
       1
       1
       2
       3
       0
       0
       0
       1
       4
       0
       1
       1
       3
       0
       2
       2
       1
       4
       3
       1
       2
       1
       0
       2
       0
       1
       2
       0
       2
       2
       1
       6
       0
       4
       1
       2
       3
       1
       3
       1
       0
       1
       4
       1
       0
       1
       0
       2
       1
       1
       1
       3
       2
       3
       0
       0
       1
       0
       3
       2
       1
       1
       0
       2
       0
       2
       1
       3
       1
       1
       3
       2
       2
       3
       2
       3
       3
       2
       4
       0
       5
       0
       1
       2
       3
       1
       1
       0
       0
       0
       0
       0
       1
       2
       1
       1
       0
       1
       1
       1
       2
       2
       2
       0
       1
       0
       3
       0
       2
       1
       0
       1
       0
       0
       0
       1
       2
       3
       1
       2
       1
       3
       1
       0
       2
       1
       2
       1
       1
       2
       0
       0
       4
       3
       2
       1
       0
       0
       1
       0
       1
       1
       0
       0
       1
       3
       3
       0
       2
       0
       3
       4
       3
       0
       1
       0
       2
       3
       2
       0
       3
       0
       0
       2
       1
       1
       0
       1
       0
       0
       1
       2
       1
       1
       2
       1
       2
       2
       3
       2
       1
       1
       2
       0
       2
       0
       0
       1
       2
       2
       1
       2
       2
       2
       2
       2
       1
       1
       1
       1
       1
       4
       1
       0
       1
       2
       0
       1
       1
       1
       1
       3
       3
       2
       1
       2
       2
       0
       3
       4
       0
       2
       2
       1
       2
       2
       1
       1
       1
       1
       3
       1
       1
       0
       2
       4
       1
       1
       3
       1
       1
       1
       4
       2
       1
       2
       1
       3
       2
       1
       2
       0
       5
       4
       4
       1
       2
       5
      10
      15
      11
      33
      57
      79
     108
     132
     205
     210
     249
     258
     191
     134
      98
      53
      28
      16
       9
       7
       3
       2
       0
       0
       3
       1
       4
       4
       1
       1
       2
       1
       2
       1
       3
       6
       2
       0
       1
       1
       2
       1
       0
       1
       0
       0
       0
       1
       2
       0
       0
       1
       1
       1
       0
       0
       0
       1
       1
       1
       0
       2
       1
       1
       1
       1
       1
       1
       1
       0
       0
       0
       0
       0
       1
       1
       0
       0
       1
       1
       1
       0
       1
       0
       1
       0
       0
       1
       1
       0
       2
       0
       2
       0
       2
       2
       1
       0
       1
       1
       0
       2
       0
       2
       0
       0
       1
       2
       2
       1
       0
       0
       2
       0
       1
       0
       1
       1
       1
       2
       2
       0
       1
       2
       0
       0
       3
       1
       0
       2
       0
       1
       1
       1
       0
       1
       1
       1
       2
       1
       1
       0
       2
       0
       0
       1
       0
       0
       1
       0
       1
       0
       0
       2
       0
       1
       0
       2
       2
       1
       4
       2
       1
       1
       0
       0
       2
       0
       1
       0
       0
       1
       1
       0
       1
       1
       2
       1
       0
       0
       1
       2
       2
       1
       1
       2
       0
       2
       1
       1
       1
       1
       0
       0
       1
       0
       1
       1
       0
       1
       0
       1
       3
       0
       1
       1
       1
       1
       0
       2
       1
       1
       1
       2
       1
       0
       0
       1
       3
       0
       0
       1
       2
       0
       1
       0
       0
       2
       1
       1
       0
       3
       3
       2
       0
       1
       0
       0
       2
       1
       0
       0
       0
       1
       0
       1
       3
       0
       1
       0
       2
       0
       1
       0
       1
       1
       0
       0
       1
       1
       0
       0
       0
       2
       1
       0
       0
       0
       2
       0
       0
       2
       0
       1
       1
       2
       1
       5
       1
       0
       0
       1
       3
       2
       0
       1
       0
       0
       2
       0
       0
       2
       2
       1
       0
       0
       0
       0
       0
       0
       0
       1
       1
       2
       0
       1
       2
       2
       1
       1
       2
       1
       0
       0
       2
       0
       1
       1
       2
       1
       2
       0
       1
       1
       0
       1
       2
       1
       1
       1
       0
       0
       0
       0
       4
       1
       3
       0
       1
       1
       2
       3
       0
       1
       4
       0
       3
       1
       1
       0
       0
       0
       1
       0
       1
       0
       1
       2
       0
       2
       0
       0
       0
       1
       1
       0
       0
       1
       0
       0
       0
       2
       1
       2
       1
       0
       2
       1
       1
       0
       0
       1
       0
       0
       2
       1
       2
       1
       0
       2
       1
       0
       0
       0
       0
       0
       0
       2
       2
       2
       0
       1
       2
       0
       0
       0
       0
       0
       1
       1
       0
       1
       1
       2
       0
       1
       0
       0
       0
       0
       1
       1
       1
       1
       1
       1
       0
       2
       0
       2
       0
       2
       1
       1
       1
       1
       0
       1
       1
       0
       1
       2
       0
       0
       1
       0
       1
       0
       0
       0
       0
       1
       1
       0
       0
       1
       1
       1
       1
       1
       0
       1
       1
       4
       0
       0
       0
       0
       1
       1
       0
       0
       2
       2
       1
       2
       2
       1
       0
       1
       0
       1
       3
       0
       0
       0
       0
       0
       0
       2
       3
       0
       0
       1
       0
       1
       0
       0
       1
       2
       0
       0
       0
       1
       0
       0
       0
       1
       0
       0
       1
       0
       2
       1
       0
       0
       0
       0
       0
       1
       1
       0
       2
       0
       0
       0
       0
       0
       1
       2
       1
       1
       0
       1
       0
       1
       0
       1
       2
       1
       2
       1
       0
       2
       0
       1
       0
       0
       0
       2
       0
       1
       1
       1
       1
       0
       1
       1
       1
       1
       1
       0
       0
       1
       0
       1
       2
       0
       1
       1
       0
       2
       2
       0
       0
       2
       0
       1
       0
       0
       1
       1
       0
       1
       0
       1
       2
       1
       1
       1
       1
       0
       1
       0
       4
       1
       1
       1
       1
       1
       1
       1
       1
       0
       1
       1
       0
       0
       1
       0
       0
       0
       0
       1
       2
       0
       1
       0
       0
       1
       1
       0
       1
       0
       0
       2
       0
       2
       1
       3
       2
       2
       0
       0
       0
       0
       0
       1
       2
       1
       0
       3
       0
       1
       1
       1
       0
       0
       2
       0
       0
       5
       1
       0
       1
       2
       1
       0
       0
       1
       0
       2
       1
       2
       1
       0
       2
       1
       1
       0
       2
       1
       0
       0
       0
       1
       1
       3
       0
       1
       0
       0
       1
       1
       0
       0
       1
       0
       0
       1
       1
       0
       1
       0
       1
       1
       1
       1
       0
       0
       1
       1
       0
       1
       1
       0
       0
       0
       0
       0
       2
       0
       4
       1
       0
       2
       0
       0
       0
       1
       1
       1
       0
       0
       0
       0
       1
       0
       1
       2
       0
       2
       1
       0
       1
       0
       0
       0
       2
       0
       0
       0
       1
       1
       2
       0
       2
       0
       0
       2
       2
       2
       0
       1
       0
       1
       0
       0
       1
       0
       0
       0
       0
       0
       0
       1
       1
       0
       0
       1
       0
       0
       0
       1
       0
       1
       1
       0
       0
       0
       1
       0
       1
       0
       1
       0
       0
       0
       0
       0
       2
       1
       4
       0
       1
       2
       1
       0
       0
       0
       1
       0
       2
       0
       0
       0
       0
       1
       0
       2
       1
       0
       0
       0
       0
       0
       1
       0
       0
       1
       0
       1
       0
       1
       0
       0
       0
       1
       0
       2
       0
       1
       0
       1
       0
       0
       0
       1
       0
       0
       1
       1
       0
       0
       0
       0
       0
       0
       0
       1
       1
       0
       0
       0
       2
       0
       0
       2
       1
       0
       0
       1
       0
       1
       0
       2
       0
       0
       1
       1
       1
       1
       1
       0
       0
       0
       0
       1
       0
      48
     116
      97
     100
     104
     120
     116
     107
     104
     102
      99
     109
     120
     102
      95
     110
     111
     118
     104
     100
     116
      98
     100
      87
     107
     126
      99
     108
     108
      99
     126
     137
     139
     139
     143
     411
    1835
    3498
    5507
     652
     250
     214
     180
     138
     130
     130
     102
      94
     135
     113
      85
      98
      60
      63
      69
      52
      42
      44
      56
      52
      49
      52
      79
     135
      46
      35
      30
      37
      27
      23
      26
      25
      26
      38
      28
      10
       9
      10
       8
      12
      13
       9
       4
       9
       7
       9
       4
       4
       5
       4
       4
       9
      12
       8
      10
       4
       5
       6
       5
       6
       9
       6
       2
       6
       3
       7
       4
       7
       6
       8
       5
      10
       9
       6
       8
       9
       8
       6
       4
       3
      13
       9
      11
       9
      11
      12
      13
      12
      16
       9
      14
      13
      35
      59
      76
      20
       1
       1
       1
       0
       1
       2
       0
       0
       0
       0
       1
       0
       0
       0
       0
       0
       0
       1
       0
       0
       0
       0
       0
       0
       0
       0
       0
       0
       0
       0
       0
       0
       0
       0
       0
       0
       0
       0
       0
       0
       0
       0
       0
       0
       0
       0
       0
       0
       0
$ROI:
0
$PRESETS:
None
0
0
$ENER_FIT:
16.649799 0.362015
$MCA_CAL:
3
1.664980E+001 3.620150E-001 2.667330E-007 keV
$SHAPE_CAL:
3
2.137440E+000 1.170910E-003 -6.987340E-008
