$SPEC_ID:
Background_Lab7
$SPEC_REM:
DET# 1
DETDESC# Rayleigh
AP# Maestro-PRO Version 9, 0, 2, 0
$DATE_MEA:
10/29/2025 16:23:48
$MEAS_TIM:
172277.08 172518.50
$DATA:
0 8191
       0
       0
       0
       0
       0
       0
       0
       0
       0
       0
       0
       0
       0
       0
       0
       0
       0
       0
       0
       0
       0
       0
       0
       0
       0
       2
      13
      73
     256
    1082
    1915
    1880
    1924
    1822
    1816
    1884
    1808
    1737
    1890
    1755
    1815
    1842
    1771
    1661
    1818
    1694
    1773
    1817
    1800
    1743
    1736
    1664
    1690
    1683
    1717
    1677
    1681
    1655
    1776
    1699
    1666
    1687
    1704
    1601
    1651
    1680
    1625
    1656
    1650
    1648
    1655
    1645
    1597
    1641
    1638
    1592
    1617
    1558
    1659
    1669
    1680
    1665
    1639
    1610
    1755
    1707
    1659
    1629
    1592
    1690
    1559
    1558
    1601
    1673
    1654
    1680
    1681
    1593
    1659
    1600
    1672
    1695
    1654
    1725
    1716
    1653
    1746
    1650
    1717
    1660
    1739
    1710
    1760
    1665
    1797
    1758
    1747
    1732
    1818
    1789
    1823
    1851
    1894
    1932
    1925
    1892
    1920
    1928
    1971
    2092
    2263
    2496
    2329
    2094
    1918
    1952
    1974
    2037
    2034
    2063
    2071
    2076
    2044
    2046
    2117
    2165
    2133
    2199
    2169
    2231
    2241
    2281
    2328
    2480
    2401
    2457
    2534
    2748
    2780
    2659
    2735
    3388
    4836
    6260
    5143
    3154
    2658
    3328
    5203
    7980
    7019
    3767
    2286
    2031
    2054
    2167
    2225
    2135
    2028
    2146
    2216
    2228
    2105
    2016
    1994
    2153
    2187
    2548
    2859
    3015
    2893
    2610
    2331
    2179
    2395
    2815
    3588
    4452
    4240
    3168
    2393
    2159
    2202
    2513
    3416
    3608
    3010
    2303
    2142
    2118
    2393
    3309
    4119
    4261
    3955
    3251
    2376
    2116
    2098
    2021
    1959
    1913
    1981
    1807
    1897
    1992
    1949
    1943
    2026
    2106
    2128
    2252
    2243
    2104
    1932
    1895
    1820
    1915
    2001
    1932
    1939
    1873
    1858
    1934
    1950
    2073
    2193
    2259
    2413
    2304
    2024
    1990
    1905
    1923
    2011
    1986
    2159
    2182
    2118
    1987
    1999
    1948
    1972
    1991
    2002
    1894
    2001
    2089
    2143
    2067
    1982
    1965
    1993
    2097
    2162
    2206
    2095
    1980
    2021
    1991
    1978
    2003
    1951
    1969
    2028
    1907
    1939
    1908
    2037
    1970
    1971
    1926
    2041
    2019
    2049
    2044
    2028
    2041
    2061
    2145
    1983
    2021
    2010
    2145
    2077
    2078
    2159
    2117
    2142
    2125
    2131
    2249
    2708
    3124
    2898
    2348
    2156
    2055
    2116
    2051
    2144
    2149
    2115
    2072
    2088
    2131
    2007
    2103
    2188
    2083
    2006
    2157
    2036
    2119
    2054
    2164
    2118
    2050
    2052
    2092
    2097
    1999
    2075
    2077
    2143
    2044
    2088
    2015
    2117
    2062
    2057
    2087
    2077
    2257
    2392
    2476
    2198
    2097
    1991
    2114
    2102
    1969
    1977
    2048
    2044
    2084
    2032
    2022
    2105
    2031
    2044
    2033
    2031
    2044
    2007
    2040
    1998
    2052
    2077
    2048
    2131
    2206
    2356
    2439
    2104
    1995
    1908
    1983
    1929
    1947
    1963
    1887
    1987
    2014
    1985
    1917
    1938
    1925
    1922
    1889
    1852
    1871
    1878
    1865
    1880
    1838
    1869
    1951
    1974
    1974
    1943
    1910
    1877
    1787
    1811
    1781
    1856
    1860
    1945
    1773
    1740
    1774
    1809
    1786
    1754
    1813
    1839
    1896
    1843
    1824
    1799
    1864
    1779
    1804
    1776
    1738
    1726
    1882
    1739
    1832
    1715
    1791
    1837
    1755
    1765
    1788
    1797
    1760
    1750
    1845
    1850
    1728
    1782
    1784
    1720
    1738
    1835
    1798
    1742
    1796
    1755
    1835
    1872
    1772
    1786
    1765
    1821
    1852
    2251
    3091
    4322
    4921
    3788
    2567
    1862
    1697
    1662
    1688
    1713
    1722
    1643
    1693
    1761
    1717
    1663
    1626
    1803
    1771
    1618
    1701
    1631
    1670
    1685
    1663
    1702
    1612
    1639
    1693
    1683
    1612
    1679
    1670
    1665
    1736
    1657
    1702
    1654
    1737
    1769
    1732
    1622
    1648
    1636
    1623
    1621
    1697
    1618
    1643
    1653
    1596
    1659
    1602
    1664
    1623
    1738
    1687
    1653
    1636
    1486
    1567
    1608
    1587
    1678
    1962
    2536
    3323
    3076
    2154
    1701
    1554
    1547
    1528
    1525
    1565
    1546
    1470
    1446
    1548
    1591
    1538
    1583
    1495
    1453
    1562
    1570
    1584
    1547
    1495
    1518
    1499
    1485
    1522
    1510
    1436
    1491
    1563
    1513
    1454
    1483
    1488
    1463
    1465
    1445
    1513
    1483
    1488
    1494
    1507
    1456
    1487
    1482
    1438
    1418
    1484
    1481
    1487
    1549
    1490
    1530
    1441
    1440
    1412
    1425
    1464
    1460
    1478
    1525
    1548
    1467
    1537
    1458
    1451
    1503
    1490
    1413
    1497
    1502
    1546
    1615
    1699
    1718
    1507
    1565
    2113
    4230
   10146
   18640
   20681
   11815
    3991
    1748
    1718
    2440
    3288
    3604
    4126
    4424
    3397
    1849
    1309
    1223
    1122
    1172
    1124
    1214
    1172
    1179
    1148
    1194
    1133
    1155
    1127
    1133
    1129
    1086
    1089
    1180
    1135
    1129
    1120
    1124
    1129
    1141
    1096
    1145
    1169
    1182
    1148
    1111
    1120
    1114
    1112
    1100
    1073
    1124
    1151
    1206
    1194
    1025
    1085
    1126
    1202
    1245
    1300
    1203
    1138
    1050
    1075
    1036
    1116
    1050
    1084
    1108
    1081
     942
    1026
    1082
    1065
    1011
    1015
    1068
     997
    1075
    1062
    1054
    1011
    1023
    1074
    1034
    1067
    1141
    1421
    1649
    2037
    2459
    2080
    1567
    1254
    1094
     989
     967
     999
    1033
    1050
    1077
    1115
    1096
    1142
    1078
     994
    1074
    1129
    1257
    1656
    1710
    1487
    1216
    1051
    1070
    1006
     936
    1003
     932
    1006
     968
     949
     955
     966
     966
     933
     998
    1005
     971
    1004
     954
    1002
     959
     948
     925
     946
    1005
     946
    1008
     975
    1045
     999
     925
     919
     971
     863
     942
     930
     900
     915
     927
     902
     886
     918
     909
    1060
    1376
    2582
    5227
    7645
    6502
    3597
    1388
     920
     895
     863
     840
     856
     891
     867
    1049
    1338
    1861
    2046
    1703
    1089
     874
     850
     853
     905
     859
     863
     871
     882
     850
     815
     833
     844
     832
     810
     839
     864
     881
     849
     821
     804
     813
     807
     815
     783
     817
     850
     811
     751
     769
     855
     846
     763
     818
     816
     812
     803
     831
     825
     764
     770
     847
     790
     759
     794
     776
     796
     791
     805
     775
     821
     816
     783
     835
     793
     841
     805
     814
     891
     796
     760
     788
     842
     883
     870
     790
     844
     766
     834
     785
     801
     843
     929
    1086
    1596
    1797
    1553
    1088
     813
     827
     765
     780
     779
     828
     770
     836
     826
     915
     829
     835
     856
     773
     766
     799
     742
     794
     771
     782
     818
     784
     938
    1441
    2741
    4467
    4507
    2896
    1473
     889
     822
     799
     781
     890
     807
     743
     710
     711
     720
     744
     735
     774
     702
     729
     722
     779
     693
     736
     782
     712
     720
     744
     706
     753
     758
     855
     765
     756
     794
    1025
    1825
    4141
    8596
   12014
   10529
    5256
    1768
     780
     627
     660
     711
     645
     638
     608
     658
     648
     635
     635
     655
     652
     695
     660
     625
     670
     658
     671
     647
     643
     618
     646
     642
     666
     644
     650
     645
     620
     615
     622
     618
     643
     660
     636
     638
     633
     604
     630
     604
     614
     628
     591
     625
     680
     622
     608
     645
     614
     647
     623
     641
     678
     615
     660
     661
     644
     636
     602
     651
     652
     606
     602
     610
     618
     599
     642
     645
     683
     643
     637
     600
     596
     620
     567
     618
     580
     589
     623
     617
     606
     627
     646
     646
     623
     643
     588
     612
     606
     628
     604
     643
     724
     677
     670
     615
     620
     695
     713
     722
     637
     618
     610
     606
     602
     642
     619
     614
     633
     562
     577
     611
     570
     605
     640
     593
     636
     602
     576
     614
     571
     563
     647
     602
     583
     603
     581
     646
     629
     594
     595
     626
     651
     629
     688
     706
     715
     621
     584
     571
     575
     622
     636
     675
     633
     619
     621
     577
     554
     550
     584
     601
     644
     721
     888
    1127
    1042
     841
     684
     621
     558
     584
     543
     510
     561
     575
     568
     580
     601
     588
     533
     571
     605
     549
     564
     591
     542
     504
     615
     556
     619
     547
     587
     550
     615
     595
     533
     574
     553
     548
     561
     530
     554
     531
     561
     549
     490
     530
     533
     540
     528
     570
     582
     552
     558
     577
     562
     565
     512
     555
     541
     584
     563
     503
     537
     547
     492
     509
     521
     507
     500
     542
     540
     521
     528
     493
     483
     529
     512
     528
     507
     515
     496
     519
     498
     574
     521
     575
     577
     507
     543
     550
     523
     516
     485
     523
     488
     525
     501
     498
     488
     504
     521
     511
     492
     501
     508
     464
     538
     513
     497
     491
     545
     514
     491
     499
     488
     502
     493
     511
     516
     484
     478
     519
     571
     637
     595
     552
     522
     523
     559
     542
     540
     498
     507
     474
     490
     487
     477
     469
     507
     473
     444
     495
     463
     509
     460
     486
     505
     529
     561
     749
    1063
    1519
    1562
    1189
     734
     477
     464
     473
     447
     443
     501
     493
     434
     468
     461
     492
     462
     440
     498
     479
     478
     464
     473
     493
     484
     439
     444
     463
     465
     472
     481
     490
     487
     486
     473
     432
     498
     426
     456
     422
     417
     473
     457
     473
     499
     472
     478
     473
     491
     542
     549
     547
     418
     398
     455
     458
     428
     492
     432
     459
     426
     456
     452
     426
     424
     456
     461
     475
     517
     527
     479
     487
     422
     449
     433
     475
     469
     459
     471
     431
     418
     426
     457
     412
     401
     434
     416
     447
     437
     424
     449
     434
     437
     414
     416
     435
     462
     442
     438
     437
     417
     396
     413
     394
     443
     432
     442
     430
     425
     402
     416
     414
     436
     472
     467
     422
     455
     451
     409
     419
     428
     437
     424
     428
     463
     449
     514
     574
     690
     803
     934
    1337
    1902
    2756
    2892
    2411
    1734
    1143
     898
     695
     590
     517
     504
     471
     422
     422
     419
     435
     392
     403
     405
     377
     391
     396
     403
     420
     395
     407
     388
     409
     395
     414
     414
     418
     412
     417
     449
     423
     404
     380
     414
     406
     418
     405
     420
     393
     427
     384
     390
     411
     400
     397
     378
     426
     400
     377
     408
     406
     410
     372
     386
     391
     341
     401
     339
     384
     422
     439
     440
     404
     394
     377
     424
     389
     401
     391
     364
     411
     407
     389
     377
     405
     410
     371
     374
     381
     374
     420
     410
     384
     394
     374
     342
     430
     378
     411
     380
     378
     376
     395
     399
     443
     445
     418
     403
     420
     408
     380
     407
     362
     399
     407
     418
     421
     380
     379
     389
     400
     374
     378
     378
     408
     377
     377
     361
     405
     394
     421
     377
     388
     362
     371
     369
     338
     377
     381
     403
     357
     410
     389
     365
     379
     376
     402
     400
     428
     548
     544
     481
     493
     401
     401
     422
     383
     356
     391
     427
     379
     384
     384
     382
     357
     388
     370
     403
     391
     377
     342
     371
     372
     460
     388
     395
     421
     399
     422
     402
     388
     395
     381
     336
     384
     389
     367
     386
     362
     401
     360
     358
     366
     402
     352
     407
     398
     400
     437
     459
     425
     431
     495
     634
    1187
    2569
    4661
    6362
    5746
    3623
    1617
     673
     448
     343
     357
     390
     382
     399
     346
     395
     368
     352
     338
     356
     381
     339
     339
     312
     347
     351
     367
     377
     335
     334
     402
     338
     355
     350
     333
     338
     371
     372
     409
     339
     385
     372
     378
     362
     336
     360
     320
     357
     368
     378
     362
     352
     377
     360
     356
     370
     382
     355
     346
     364
     362
     387
     384
     358
     367
     323
     352
     336
     383
     362
     454
     589
    1187
    2624
    5216
    7661
    8212
    5803
    2928
    1093
     497
     340
     316
     316
     328
     318
     314
     320
     336
     309
     354
     302
     340
     326
     343
     339
     332
     322
     294
     328
     334
     301
     304
     329
     316
     340
     348
     327
     360
     310
     336
     287
     305
     309
     321
     318
     312
     290
     315
     337
     306
     340
     339
     335
     338
     357
     307
     336
     262
     314
     317
     291
     305
     327
     309
     327
     330
     347
     318
     320
     310
     309
     293
     333
     332
     320
     330
     334
     291
     312
     302
     316
     342
     320
     325
     308
     313
     312
     324
     305
     328
     313
     366
     309
     317
     304
     316
     289
     331
     310
     307
     319
     280
     349
     306
     320
     327
     302
     324
     317
     305
     285
     364
     311
     296
     348
     309
     331
     320
     317
     326
     307
     350
     348
     331
     311
     299
     341
     288
     324
     309
     321
     317
     296
     306
     312
     321
     311
     304
     315
     318
     320
     306
     316
     286
     302
     344
     417
     559
     820
    1029
    1056
     812
     500
     378
     330
     308
     327
     380
     437
     478
     566
     501
     411
     377
     319
     298
     324
     352
     276
     270
     305
     273
     308
     282
     307
     308
     284
     323
     314
     319
     274
     334
     289
     322
     326
     323
     327
     268
     292
     308
     314
     331
     316
     312
     310
     327
     302
     326
     273
     291
     297
     334
     294
     324
     330
     272
     282
     300
     315
     335
     320
     339
     285
     296
     348
     274
     326
     291
     318
     343
     322
     308
     328
     291
     327
     284
     313
     309
     296
     290
     284
     295
     314
     311
     289
     324
     304
     285
     286
     300
     305
     305
     303
     286
     342
     316
     285
     314
     299
     328
     311
     348
     347
     339
     296
     330
     304
     321
     312
     330
     338
     346
     342
     383
     404
     333
     357
     335
     311
     290
     292
     335
     333
     326
     266
     309
     344
     322
     325
     295
     311
     317
     330
     303
     295
     322
     290
     274
     277
     307
     287
     316
     291
     287
     307
     332
     300
     275
     301
     251
     285
     257
     275
     265
     280
     299
     285
     305
     278
     303
     344
     319
     332
     281
     298
     312
     305
     280
     322
     301
     318
     311
     301
     303
     290
     263
     320
     376
     515
     829
    1214
    1461
    1413
    1027
     624
     387
     317
     296
     318
     283
     245
     283
     282
     294
     260
     270
     277
     273
     290
     280
     270
     283
     261
     249
     251
     272
     293
     267
     305
     269
     274
     276
     290
     296
     258
     300
     266
     269
     271
     283
     321
     298
     288
     310
     326
     316
     277
     276
     275
     259
     256
     281
     252
     265
     275
     287
     272
     263
     246
     273
     284
     278
     253
     280
     284
     297
     277
     252
     300
     256
     284
     295
     291
     290
     286
     283
     299
     363
     396
     408
     378
     353
     301
     260
     264
     255
     257
     264
     260
     267
     271
     281
     275
     258
     276
     292
     271
     272
     263
     299
     339
     368
     364
     337
     283
     264
     270
     290
     310
     346
     362
     385
     484
     648
     844
     967
     920
     616
     425
     292
     261
     274
     269
     334
     387
     408
     491
     441
     358
     325
     251
     263
     268
     251
     243
     248
     281
     252
     247
     236
     241
     216
     247
     272
     248
     245
     291
     233
     260
     286
     247
     284
     314
     319
     304
     311
     263
     265
     259
     287
     354
     390
     518
     576
     552
     429
     333
     281
     235
     198
     222
     226
     235
     244
     223
     237
     263
     243
     232
     254
     279
     239
     257
     229
     281
     330
     456
     690
     866
     888
     682
     474
     329
     256
     229
     264
     231
     250
     231
     263
     227
     252
     222
     235
     207
     220
     213
     234
     241
     226
     236
     238
     243
     238
     253
     244
     253
     282
     337
     401
     395
     357
     289
     254
     228
     234
     240
     227
     224
     221
     227
     219
     238
     216
     219
     226
     217
     228
     203
     213
     227
     224
     244
     218
     261
     218
     243
     235
     246
     253
     207
     225
     236
     224
     203
     210
     240
     209
     227
     225
     238
     235
     214
     228
     226
     256
     217
     224
     226
     226
     236
     246
     243
     243
     221
     250
     237
     236
     249
     225
     222
     211
     215
     244
     222
     277
     267
     280
     309
     305
     287
     218
     277
     221
     220
     236
     239
     219
     242
     330
     399
     461
     431
     402
     344
     266
     228
     229
     259
     269
     300
     360
     340
     372
     364
     367
     310
     253
     247
     243
     220
     200
     234
     212
     181
     249
     235
     210
     220
     238
     213
     219
     227
     207
     237
     225
     200
     223
     212
     201
     240
     213
     211
     220
     236
     191
     206
     227
     211
     198
     177
     257
     222
     234
     194
     228
     206
     246
     195
     212
     227
     207
     213
     234
     206
     193
     234
     360
     499
     743
     834
     811
     716
     439
     316
     236
     245
     224
     201
     213
     193
     247
     238
     206
     200
     230
     216
     223
     224
     226
     198
     220
     212
     206
     213
     208
     200
     224
     248
     210
     213
     210
     193
     198
     212
     214
     205
     246
     215
     232
     222
     217
     229
     223
     215
     227
     212
     214
     184
     219
     208
     199
     224
     207
     242
     223
     210
     212
     213
     200
     221
     204
     198
     230
     189
     203
     211
     201
     200
     195
     179
     201
     218
     198
     192
     231
     211
     224
     212
     183
     224
     230
     185
     226
     179
     190
     235
     244
     223
     203
     240
     230
     268
     244
     187
     197
     205
     191
     193
     237
     210
     191
     198
     214
     221
     236
     194
     201
     232
     209
     231
     203
     232
     220
     203
     213
     194
     222
     241
     255
     261
     309
     288
     268
     237
     236
     198
     218
     210
     224
     238
     226
     235
     239
     247
     284
     487
     938
    1677
    2805
    3828
    3986
    3142
    1899
     993
     444
     263
     226
     207
     191
     195
     212
     223
     183
     192
     192
     224
     221
     216
     206
     213
     203
     209
     182
     203
     199
     170
     199
     198
     214
     187
     214
     171
     197
     202
     190
     193
     199
     189
     192
     195
     206
     203
     177
     186
     179
     202
     190
     182
     197
     202
     206
     199
     208
     219
     215
     208
     182
     213
     185
     243
     307
     392
     543
     597
     520
     408
     296
     251
     212
     195
     176
     185
     222
     200
     176
     206
     190
     180
     209
     188
     188
     196
     220
     190
     171
     169
     198
     204
     209
     194
     208
     198
     168
     207
     198
     172
     199
     209
     200
     196
     224
     232
     218
     228
     224
     255
     258
     248
     247
     241
     231
     230
     218
     216
     219
     221
     185
     206
     192
     205
     180
     188
     208
     209
     226
     194
     215
     190
     200
     240
     221
     235
     203
     220
     184
     186
     181
     195
     197
     179
     208
     218
     226
     238
     313
     409
     625
     810
     921
     776
     574
     421
     253
     243
     264
     375
     574
    1089
    1690
    2252
    2357
    1866
    1234
     646
     322
     237
     203
     193
     177
     163
     185
     166
     182
     185
     184
     194
     186
     179
     169
     208
     205
     173
     209
     185
     201
     174
     198
     208
     196
     170
     189
     186
     162
     200
     202
     161
     170
     180
     205
     186
     182
     165
     190
     210
     191
     192
     175
     199
     205
     183
     175
     214
     172
     226
     213
     197
     197
     188
     185
     162
     195
     163
     173
     204
     182
     199
     156
     182
     165
     192
     200
     204
     183
     185
     193
     195
     148
     189
     196
     192
     190
     188
     200
     205
     188
     230
     260
     283
     363
     323
     275
     246
     225
     190
     207
     206
     192
     162
     192
     154
     206
     172
     176
     220
     194
     217
     159
     203
     172
     167
     191
     178
     179
     159
     181
     181
     190
     165
     185
     180
     172
     190
     194
     153
     174
     195
     171
     190
     194
     195
     209
     170
     184
     161
     175
     164
     189
     185
     189
     190
     198
     189
     181
     172
     175
     163
     186
     175
     180
     179
     220
     195
     190
     179
     173
     171
     172
     193
     165
     159
     201
     174
     184
     166
     173
     163
     197
     214
     198
     167
     188
     182
     161
     201
     203
     173
     222
     245
     200
     201
     188
     185
     185
     159
     181
     190
     150
     193
     182
     184
     189
     170
     167
     189
     190
     171
     199
     205
     199
     199
     186
     180
     178
     195
     197
     184
     169
     171
     209
     187
     179
     192
     184
     173
     172
     186
     171
     175
     175
     177
     187
     171
     181
     195
     180
     188
     183
     214
     229
     229
     197
     219
     199
     179
     199
     154
     199
     197
     158
     179
     197
     183
     175
     178
     179
     176
     205
     188
     207
     185
     155
     180
     162
     193
     173
     188
     184
     191
     181
     198
     184
     211
     196
     208
     203
     223
     232
     221
     201
     192
     177
     199
     169
     166
     185
     177
     203
     190
     189
     194
     218
     181
     219
     215
     168
     194
     189
     158
     186
     197
     186
     192
     178
     190
     203
     193
     173
     183
     182
     190
     196
     211
     228
     254
     267
     251
     212
     196
     211
     186
     170
     180
     182
     190
     180
     178
     159
     168
     177
     194
     178
     169
     189
     200
     182
     192
     194
     202
     195
     179
     176
     164
     174
     196
     206
     187
     192
     198
     207
     190
     199
     193
     193
     200
     210
     249
     213
     232
     224
     213
     244
     204
     194
     193
     179
     191
     179
     206
     211
     179
     164
     183
     181
     180
     170
     191
     241
     187
     173
     181
     190
     198
     218
     184
     170
     188
     188
     203
     165
     197
     177
     182
     203
     199
     188
     165
     207
     199
     198
     214
     213
     247
     233
     225
     219
     209
     177
     175
     209
     180
     171
     212
     196
     181
     189
     188
     204
     198
     199
     214
     197
     204
     206
     252
     348
     452
     821
    1290
    1619
    1729
    1518
    1075
     632
     372
     302
     217
     226
     234
     193
     187
     189
     193
     191
     211
     189
     199
     197
     209
     178
     167
     196
     189
     223
     199
     163
     173
     205
     177
     193
     196
     192
     172
     193
     200
     188
     206
     222
     213
     213
     173
     200
     169
     184
     170
     185
     214
     179
     163
     200
     188
     210
     202
     166
     199
     180
     225
     186
     192
     213
     208
     212
     192
     202
     201
     176
     213
     176
     183
     199
     200
     199
     175
     172
     199
     192
     216
     197
     193
     183
     201
     207
     174
     177
     207
     223
     161
     190
     197
     229
     236
     184
     246
     272
     274
     342
     347
     390
     303
     307
     213
     196
     224
     209
     191
     177
     172
     163
     204
     205
     202
     201
     201
     194
     209
     174
     173
     199
     202
     200
     210
     196
     217
     179
     208
     209
     181
     183
     206
     229
     216
     189
     205
     193
     211
     228
     201
     205
     203
     193
     186
     189
     202
     230
     203
     220
     189
     187
     214
     239
     196
     219
     196
     191
     201
     203
     193
     201
     199
     193
     177
     202
     207
     199
     215
     217
     189
     243
     194
     203
     189
     205
     227
     209
     233
     215
     192
     218
     178
     192
     217
     196
     210
     214
     191
     218
     244
     218
     206
     197
     205
     198
     216
     213
     213
     208
     214
     223
     216
     214
     233
     211
     209
     215
     205
     226
     230
     175
     186
     208
     249
     230
     234
     210
     209
     209
     200
     211
     204
     176
     214
     202
     223
     238
     195
     179
     204
     219
     206
     218
     211
     226
     228
     226
     235
     218
     223
     198
     194
     229
     247
     246
     289
     259
     232
     210
     203
     229
     224
     225
     218
     216
     220
     208
     226
     206
     192
     210
     221
     195
     200
     245
     224
     211
     231
     216
     235
     255
     209
     236
     207
     213
     227
     209
     237
     224
     229
     247
     225
     216
     226
     204
     222
     207
     236
     233
     218
     213
     221
     206
     215
     227
     246
     205
     237
     253
     230
     231
     218
     215
     207
     234
     236
     229
     246
     210
     224
     229
     216
     198
     227
     228
     205
     210
     233
     228
     238
     197
     249
     248
     256
     271
     315
     447
     597
     705
     839
     707
     538
     452
     305
     242
     214
     219
     225
     208
     202
     185
     200
     195
     205
     213
     205
     214
     199
     216
     198
     199
     213
     193
     228
     231
     220
     201
     188
     205
     142
     189
     176
     190
     188
     162
     180
     180
     182
     154
     174
     214
     203
     173
     198
     182
     169
     172
     184
     173
     143
     164
     187
     170
     148
     176
     170
     164
     148
     175
     146
     148
     171
     152
     147
     153
     161
     158
     170
     153
     173
     170
     180
     155
     153
     169
     137
     150
     155
     183
     130
     158
     160
     156
     154
     176
     150
     154
     171
     142
     159
     140
     136
     173
     162
     136
     160
     162
     146
     150
     163
     145
     140
     178
     160
     149
     131
     144
     141
     153
     171
     168
     156
     127
     174
     191
     222
     259
     289
     266
     258
     207
     185
     196
     153
     181
     146
     139
     157
     137
     145
     164
     150
     140
     145
     152
     131
     181
     154
     140
     146
     162
     134
     118
     139
     123
     140
     135
     117
     158
     136
     157
     130
     150
     129
     127
     138
     132
     117
     151
     132
     149
     162
     138
     150
     152
     156
     119
     121
     141
     122
     145
     127
     133
     149
     128
     118
     144
     135
     158
     140
     125
     123
     151
     129
     134
     144
     134
     130
     143
     127
     106
     144
     154
     117
     112
     147
     126
     143
     131
     146
     131
     116
     135
     150
     134
     144
     144
     117
     133
     139
     109
     127
     135
     140
     131
     116
     133
     130
     131
     136
     115
     151
     125
     134
     102
     132
     139
     133
     123
     118
     119
     131
     115
     117
     121
     128
     126
     103
     119
     134
     115
     127
     124
     114
     110
     110
     114
     127
     108
     143
     102
     113
     108
     117
     126
     116
     111
     129
     112
     129
      95
     120
     112
     121
     106
     105
     112
     115
     128
     132
     104
     115
     106
     129
     117
      97
     103
     118
     123
     118
     110
      93
     125
     122
     111
     113
     102
     101
      99
      92
     114
     107
      94
     104
     103
     110
     118
     110
     110
     106
     118
      85
     114
     106
     110
      99
      93
     112
      97
      92
      89
      99
     100
     103
      78
     115
      94
      94
      87
      86
      91
     100
      96
      91
     104
     116
     100
     100
     117
      85
     103
     101
     103
      91
     104
     103
      97
      97
      88
      96
     101
      87
     103
      98
      87
     107
      95
     105
      81
      99
      90
      89
      92
      99
      74
      77
      96
      82
      81
      75
      93
      80
      92
      90
     105
      92
      95
      87
      96
      91
      93
     106
      98
      96
      89
     106
      98
      99
      87
      96
     125
     160
     240
     300
     426
     462
     446
     371
     276
     172
     124
     120
      83
      82
      73
      96
     102
      94
      71
      97
      98
      92
      90
     122
     139
     132
     153
     172
     158
     135
      94
      97
      88
      78
      81
      77
      92
      90
      78
      91
      80
      87
      91
      76
      84
      83
      94
      72
      93
      93
      74
      94
      83
      83
      80
      89
      90
      98
      81
      78
      95
      85
      65
      76
     100
      82
      95
     106
     106
     136
     182
     193
     205
     185
     128
     117
     109
      93
      72
      86
      89
      84
      79
      96
      95
     117
     154
     192
     222
     271
     281
     199
     223
     157
     112
      72
      77
      80
      76
      72
      81
      91
      80
      91
      76
      80
      75
      84
      87
      99
      84
     104
      97
      72
      76
      75
      77
      88
      90
      83
      81
      79
      79
      76
      75
      95
      86
      94
      87
      84
      78
      74
      68
      68
      88
      76
      80
      81
      80
      84
      73
      80
      73
      72
      86
      86
      73
      90
      63
      66
      78
     106
      88
      92
      90
      98
      86
      70
      79
      67
      85
      81
      79
      82
      87
      84
      96
      91
      80
      86
      76
      75
      83
      84
      91
      88
      55
      84
      86
      84
      78
      87
      93
      82
      93
      71
      66
      82
      93
      63
      79
     100
      82
      79
      81
      79
      89
      85
      97
      77
      82
      79
      83
      82
      96
      88
      87
      98
      96
     110
      89
      90
      73
      97
     109
      91
      72
      89
      94
      88
      84
      90
      94
     109
     104
     114
     136
     137
     198
     298
     502
     874
    1830
    3307
    5461
    7945
   10125
   10495
    9657
    6885
    4145
    2002
     833
     301
     111
      77
      54
      67
      70
      70
      53
      56
      62
      78
      62
      45
      45
      69
      66
      65
      62
      61
      62
      65
      69
      72
      58
      61
      63
      50
      66
      62
      70
      65
      71
      66
      54
      58
      48
      62
      46
      50
      40
      63
      54
      68
      60
      62
      72
      50
      54
      60
      56
      63
      51
      54
      61
      67
      67
      62
      57
      67
      71
      55
      58
      56
      50
      51
      61
      63
      70
      67
      61
      53
      54
      63
      57
      49
      59
      56
      76
      63
      42
      67
      48
      65
      61
      69
      76
      74
      65
      70
     109
     130
     120
     134
     106
      95
      78
      78
      56
      44
      56
      63
      60
      48
      74
      83
      89
     106
     102
      82
      77
      66
      76
      65
      63
      60
      52
      69
      50
      66
      51
      61
      54
      59
      77
     114
     145
     182
     223
     236
     214
     226
     136
      98
      84
      77
      85
      94
      79
      86
      89
      82
      57
      74
      64
      63
      44
      77
      54
      58
      61
      69
      62
      59
      58
      62
      38
      59
      62
      42
      49
      50
      57
      60
      61
      56
      54
      72
      53
      57
      50
      58
      53
      74
      42
      38
      46
      53
      45
      54
      51
      59
      64
      66
      61
      57
      64
      66
      55
      56
      55
      51
      35
      60
      37
      56
      63
      50
      51
      55
      58
      50
      41
      53
      58
      64
      62
      88
      88
      91
      89
      90
      71
      79
      58
      56
      57
      61
      64
      45
      63
      85
      76
      96
      82
      68
      75
      81
      61
      53
      53
      53
      43
      47
      54
      58
      46
      41
      53
      68
      54
      55
      61
      55
      50
      42
      43
      34
      47
      53
      35
      50
      55
      45
      40
      61
      46
      47
      57
      51
      56
      74
      65
      65
      61
      53
      48
      55
      49
      48
      43
      44
      56
      65
      39
      62
      46
      50
      46
      44
      46
      43
      46
      63
      45
      50
      49
      38
      47
      45
      39
      51
      51
      47
      48
      52
      31
      44
      44
      50
      51
      48
      69
      63
      41
      51
      36
      52
      49
      48
      40
      52
      62
      39
      39
      38
      48
      45
      44
      44
      46
      50
      73
      75
      92
     107
      90
      90
      90
      74
      80
      81
      75
      94
     109
      83
      86
      64
      56
      72
      54
      58
      81
     121
     153
     226
     300
     352
     273
     258
     173
     135
      85
      52
      75
      63
      69
      97
     125
     151
     183
     171
     147
      94
      87
      76
      71
      57
      62
      65
      46
      52
      48
      41
      56
      57
      63
      76
      64
      77
      56
      50
      49
      52
      47
      48
      47
      44
      49
      51
      32
      42
      43
      44
      50
      46
      50
      54
      45
      47
      52
      42
      42
      41
      43
      37
      37
      35
      45
      56
      40
      54
      41
      44
      45
      33
      34
      45
      40
      47
      42
      56
      33
      50
      46
      52
      42
      46
      48
      49
      48
      57
      89
      61
      87
     124
     183
     165
     171
     140
     120
      68
      48
      49
      45
      58
      40
      44
      60
      58
      64
      61
      71
      36
      47
      48
      40
      50
      51
      67
      70
      90
     137
     162
     160
     156
     128
     117
      79
      52
      54
      42
      40
      48
      40
      41
      33
      26
      50
      56
      55
      47
      56
      57
      73
      69
      95
      60
      49
      50
      53
      42
      28
      46
      39
      44
      34
      32
      38
      38
      42
      34
      38
      35
      38
      34
      37
      33
      31
      37
      39
      32
      32
      30
      27
      52
      45
      50
      35
      35
      33
      25
      27
      42
      38
      32
      26
      31
      32
      48
      44
      48
      36
      46
      35
      39
      43
      37
      47
      39
      42
      32
      35
      45
      54
      67
      81
      96
     103
     117
     107
      96
      69
      66
      46
      34
      35
      40
      34
      43
      42
      38
      35
      58
      45
      44
      43
      34
      36
      38
      31
      36
      39
      36
      34
      35
      45
      39
      39
      37
      31
      27
      35
      44
      36
      32
      31
      42
      37
      31
      37
      48
      46
      38
      45
      44
      45
      46
      46
      35
      31
      39
      37
      45
      41
      41
      37
      37
      46
      36
      48
      65
      44
      48
      55
      57
      52
      45
      45
      46
      33
      45
      29
      52
      28
      29
      33
      35
      29
      41
      35
      36
      57
      40
      37
      52
      55
      48
      59
      53
      38
      46
      45
      39
      36
      51
      46
      49
      43
      36
      43
      21
      24
      36
      36
      40
      31
      33
      25
      28
      40
      44
      27
      37
      37
      28
      32
      39
      25
      28
      29
      31
      35
      46
      32
      37
      40
      31
      30
      41
      31
      42
      33
      26
      39
      31
      25
      26
      46
      28
      41
      30
      38
      38
      28
      32
      32
      28
      29
      34
      30
      31
      31
      45
      25
      34
      28
      39
      30
      28
      37
      42
      45
      30
      34
      37
      34
      38
      31
      35
      32
      41
      30
      32
      43
      43
      37
      36
      41
      37
      41
      48
      70
     109
     176
     195
     259
     250
     290
     255
     162
      97
      67
      47
      38
      33
      35
      39
      28
      25
      37
      36
      36
      37
      34
      22
      39
      41
      31
      35
      35
      38
      37
      40
      32
      21
      35
      30
      34
      30
      40
      49
      34
      40
      37
      33
      38
      38
      24
      34
      27
      27
      38
      34
      45
      32
      32
      28
      39
      39
      40
      45
      27
      31
      36
      35
      38
      31
      26
      27
      27
      32
      45
      38
      40
      44
      27
      33
      27
      35
      33
      32
      44
      29
      39
      54
      36
      40
      39
      34
      31
      52
      34
      37
      45
      54
      90
     120
     203
     344
     565
     790
    1021
    1199
    1194
     929
     679
     437
     237
     128
      63
      35
      37
      27
      21
      29
      37
      33
      34
      30
      25
      24
      28
      30
      34
      32
      42
      30
      36
      27
      32
      38
      27
      28
      33
      22
      22
      42
      32
      26
      25
      34
      34
      41
      27
      41
      31
      31
      40
      31
      22
      25
      24
      23
      36
      26
      27
      31
      37
      37
      27
      29
      40
      24
      38
      34
      24
      30
      25
      29
      29
      27
      26
      31
      33
      26
      33
      27
      27
      27
      37
      28
      35
      30
      30
      33
      39
      36
      28
      25
      33
      28
      27
      35
      41
      28
      30
      37
      36
      31
      28
      31
      33
      42
      27
      31
      22
      26
      31
      43
      29
      35
      32
      22
      37
      30
      37
      44
      44
      42
      37
      22
      28
      28
      31
      24
      37
      27
      31
      27
      32
      29
      31
      22
      26
      34
      26
      37
      32
      31
      31
      37
      27
      29
      28
      35
      32
      26
      31
      24
      30
      22
      27
      34
      33
      30
      33
      31
      30
      24
      26
      34
      34
      36
      31
      40
      34
      34
      29
      42
      35
      24
      30
      23
      30
      36
      34
      35
      38
      26
      35
      34
      30
      31
      26
      34
      47
      21
      30
      37
      36
      32
      35
      32
      36
      29
      29
      27
      35
      34
      40
      34
      37
      47
      55
      64
      67
      47
      46
      40
      41
      52
      38
      42
      34
      27
      36
      29
      43
      31
      35
      28
      37
      41
      44
      35
      55
      74
     101
     111
     171
     192
     190
     161
     122
      91
      66
      45
      37
      30
      40
      35
      29
      28
      30
      28
      34
      31
      25
      31
      34
      37
      28
      35
      23
      27
      26
      23
      22
      19
      25
      24
      29
      25
      19
      29
      33
      33
      36
      28
      35
      30
      49
      27
      37
      33
      33
      20
      32
      34
      26
      28
      35
      32
      35
      32
      27
      36
      36
      35
      30
      33
      38
      37
      35
      26
      37
      35
      40
      38
      33
      41
      49
      45
      40
      35
      36
      36
      36
      25
      40
      32
      37
      26
      32
      24
      38
      31
      38
      40
      43
      47
      28
      27
      28
      38
      30
      24
      25
      30
      36
      26
      29
      35
      35
      31
      34
      25
      30
      41
      37
      39
      31
      34
      32
      32
      40
      31
      52
      40
      25
      37
      31
      36
      28
      30
      36
      34
      33
      32
      22
      36
      28
      38
      38
      46
      47
      32
      28
      46
      35
      34
      37
      35
      29
      41
      32
      26
      36
      32
      27
      22
      27
      28
      27
      24
      34
      27
      36
      37
      27
      29
      24
      30
      47
      27
      36
      32
      36
      35
      32
      23
      32
      25
      22
      30
      36
      29
      38
      28
      26
      38
      20
      22
      20
      32
      27
      19
      22
      41
      39
      29
      24
      32
      29
      28
      29
      22
      24
      35
      23
      34
      33
      37
      28
      30
      40
      37
      34
      31
      32
      40
      24
      20
      29
      37
      30
      31
      32
      30
      31
      34
      41
      23
      36
      22
      37
      35
      29
      40
      34
      36
      30
      29
      33
      29
      36
      29
      34
      27
      24
      43
      42
      33
      29
      46
      44
      36
      29
      32
      30
      26
      33
      40
      40
      31
      41
      31
      36
      33
      26
      29
      29
      34
      34
      35
      33
      28
      30
      36
      34
      31
      37
      25
      21
      22
      30
      22
      29
      31
      21
      33
      29
      36
      35
      35
      29
      38
      40
      30
      42
      38
      31
      40
      45
      37
      27
      25
      38
      26
      31
      32
      38
      29
      34
      31
      32
      33
      27
      25
      24
      30
      28
      33
      23
      34
      29
      27
      37
      23
      32
      34
      30
      35
      36
      28
      32
      32
      26
      33
      19
      31
      40
      32
      21
      23
      37
      39
      22
      37
      32
      29
      29
      25
      27
      29
      25
      29
      34
      34
      30
      32
      34
      34
      27
      30
      28
      33
      26
      19
      24
      32
      21
      27
      25
      37
      27
      25
      30
      21
      22
      20
      26
      31
      33
      26
      39
      18
      25
      25
      39
      30
      26
      33
      18
      33
      24
      29
      33
      18
      33
      22
      30
      28
      30
      35
      37
      30
      28
      32
      23
      29
      25
      26
      22
      40
      30
      35
      25
      15
      26
      27
      24
      21
      24
      31
      32
      35
      19
      26
      23
      22
      22
      29
      25
      29
      35
      31
      30
      31
      33
      33
      28
      25
      23
      32
      23
      28
      28
      24
      25
      28
      18
      27
      36
      30
      25
      40
      28
      31
      32
      29
      32
      23
      47
      39
      31
      28
      39
      25
      22
      24
      32
      26
      26
      28
      36
      31
      41
      31
      35
      29
      24
      28
      33
      22
      27
      24
      22
      23
      21
      35
      31
      35
      39
      24
      20
      26
      29
      21
      25
      28
      27
      38
      34
      31
      26
      27
      24
      22
      22
      23
      29
      22
      33
      31
      23
      26
      34
      25
      27
      26
      27
      24
      20
      27
      31
      18
      24
      22
      27
      24
      20
      27
      24
      35
      33
      31
      27
      29
      30
      24
      28
      28
      30
      26
      26
      32
      32
      26
      25
      22
      24
      23
      30
      20
      36
      23
      24
      25
      25
      24
      26
      28
      31
      21
      28
      19
      28
      29
      32
      23
      32
      37
      38
      41
      32
      28
      32
      35
      36
      23
      32
      17
      22
      29
      23
      35
      21
      17
      33
      23
      35
      21
      28
      26
      23
      21
      36
      27
      27
      21
      26
      26
      25
      25
      21
      21
      34
      27
      33
      29
      23
      27
      26
      30
      28
      26
      30
      27
      30
      27
      34
      23
      26
      25
      34
      25
      25
      19
      30
      31
      35
      25
      20
      20
      23
      24
      22
      24
      30
      18
      23
      38
      25
      24
      29
      27
      26
      26
      20
      25
      40
      28
      16
      33
      24
      22
      26
      31
      13
      29
      23
      29
      28
      26
      30
      28
      20
      32
      26
      20
      28
      30
      26
      31
      29
      16
      28
      37
      25
      38
      28
      27
      27
      25
      20
      20
      35
      29
      27
      23
      33
      20
      13
      22
      25
      28
      30
      33
      28
      24
      31
      23
      37
      37
      44
      32
      68
      70
     100
     132
     143
     170
     194
     186
     184
     162
     148
     113
     103
      80
      63
      48
      29
      34
      36
      20
      36
      28
      35
      37
      35
      34
      29
      26
      25
      30
      37
      30
      23
      22
      26
      28
      29
      30
      30
      25
      33
      38
      34
      40
      51
      72
      80
      93
     109
      98
      90
      60
      47
      42
      39
      30
      24
      33
      37
      28
      22
      31
      29
      27
      24
      26
      29
      31
      25
      32
      27
      28
      30
      22
      40
      26
      25
      20
      27
      28
      31
      25
      23
      27
      28
      27
      25
      26
      39
      28
      38
      24
      31
      35
      26
      40
      32
      30
      31
      22
      21
      31
      33
      26
      28
      30
      26
      33
      28
      29
      21
      44
      32
      21
      22
      21
      22
      38
      24
      37
      30
      30
      23
      25
      26
      21
      25
      23
      25
      32
      32
      36
      29
      29
      28
      25
      26
      37
      39
      37
      28
      27
      29
      29
      23
      20
      28
      28
      25
      35
      32
      39
      28
      23
      27
      29
      19
      34
      24
      27
      32
      17
      22
      27
      32
      20
      28
      19
      32
      26
      32
      21
      32
      27
      18
      20
      32
      27
      29
      18
      22
      36
      37
      20
      34
      28
      25
      34
      21
      22
      27
      17
      20
      29
      30
      28
      32
      33
      24
      28
      39
      33
      30
      32
      27
      32
      37
      37
      24
      26
      32
      23
      26
      41
      30
      22
      32
      23
      29
      57
      31
      27
      26
      30
      25
      25
      40
      32
      26
      32
      32
      25
      24
      32
      26
      28
      26
      28
      38
      24
      19
      21
      26
      33
      35
      27
      34
      26
      27
      20
      25
      35
      38
      38
      33
      24
      34
      25
      21
      30
      30
      26
      35
      31
      21
      37
      21
      38
      32
      33
      32
      39
      34
      47
      32
      50
      50
      67
      97
     156
     196
     269
     304
     315
     309
     268
     200
     163
      93
      72
      42
      34
      28
      27
      33
      29
      29
      30
      28
      29
      15
      39
      28
      32
      20
      33
      27
      29
      22
      33
      38
      24
      38
      31
      32
      26
      34
      38
      26
      30
      25
      25
      30
      36
      40
      30
      38
      32
      32
      26
      22
      24
      22
      38
      45
      25
      32
      23
      33
      37
      19
      24
      27
      31
      32
      35
      25
      30
      30
      23
      35
      30
      23
      26
      35
      20
      32
      31
      29
      35
      24
      28
      34
      29
      23
      30
      27
      21
      29
      31
      26
      24
      25
      29
      22
      37
      33
      31
      42
      25
      31
      31
      18
      41
      26
      30
      36
      41
      30
      31
      25
      30
      29
      23
      37
      24
      23
      32
      37
      34
      27
      23
      42
      25
      31
      17
      23
      37
      36
      30
      35
      28
      30
      33
      28
      32
      36
      36
      24
      44
      33
      34
      31
      25
      35
      21
      34
      30
      30
      34
      37
      19
      25
      37
      31
      36
      24
      21
      33
      25
      27
      23
      38
      19
      30
      31
      33
      34
      35
      29
      26
      29
      24
      22
      36
      37
      24
      32
      31
      23
      35
      28
      28
      32
      32
      30
      28
      34
      31
      36
      40
      39
      27
      33
      31
      40
      26
      28
      35
      35
      30
      22
      39
      27
      34
      26
      36
      30
      38
      29
      33
      26
      34
      32
      21
      44
      23
      39
      30
      30
      28
      19
      20
      28
      28
      36
      31
      41
      26
      24
      26
      25
      36
      34
      19
      23
      35
      33
      31
      30
      38
      33
      31
      32
      38
      49
      47
      57
      65
      51
      45
      34
      40
      36
      32
      42
      34
      32
      43
      24
      34
      31
      29
      35
      29
      36
      25
      31
      35
      32
      23
      28
      30
      21
      26
      32
      32
      39
      35
      27
      39
      33
      35
      35
      33
      45
      40
      24
      28
      33
      32
      26
      37
      34
      32
      26
      32
      31
      38
      31
      35
      27
      34
      35
      33
      31
      19
      42
      32
      29
      40
      33
      30
      35
      26
      38
      38
      33
      33
      25
      39
      29
      34
      29
      26
      36
      25
      42
      35
      28
      32
      29
      31
      37
      25
      36
      46
      23
      30
      45
      41
      43
      45
      33
      30
      22
      29
      37
      44
      29
      34
      29
      40
      33
      33
      34
      35
      49
      28
      35
      29
      29
      37
      30
      33
      42
      36
      34
      40
      29
      35
      36
      44
      39
      31
      37
      38
      35
      42
      29
      27
      45
      45
      34
      26
      30
      34
      38
      35
      35
      38
      38
      36
      47
      28
      32
      34
      34
      23
      28
      39
      43
      29
      37
      27
      41
      35
      24
      39
      37
      39
      44
      41
      35
      51
      42
      40
      32
      49
      38
      34
      23
      31
      35
      36
      33
      38
      41
      46
      34
      42
      39
      33
      45
      31
      52
      29
      30
      40
      36
      27
      34
      28
      40
      31
      32
      45
      38
      31
      37
      40
      30
      30
      31
      32
      41
      31
      40
      30
      36
      34
      34
      42
      31
      36
      48
      40
      22
      42
      38
      34
      38
      31
      35
      39
      23
      27
      34
      33
      35
      39
      32
      34
      36
      36
      23
      32
      31
      30
      36
      34
      30
      33
      27
      36
      18
      21
      28
      18
      29
      26
      32
      30
      36
      28
      38
      28
      16
      34
      29
      49
      27
      32
      21
      26
      29
      27
      33
      20
      36
      27
      24
      24
      27
      35
      18
      29
      23
      29
      16
      29
      32
      29
      25
      34
      27
      34
      30
      19
      19
      34
      23
      28
      34
      34
      25
      27
      20
      22
      25
      38
      23
      18
      21
      24
      27
      31
      33
      25
      22
      19
      25
      26
      28
      26
      31
      28
      22
      31
      22
      19
      27
      20
      28
      26
      19
      25
      27
      25
      23
      15
      23
      24
      32
      25
      24
      31
      32
      21
      25
      30
      18
      21
      27
      43
      22
      20
      31
      17
      32
      22
      27
      22
      17
      19
      23
      31
      30
      29
      27
      24
      25
      20
      27
      24
      23
      25
      22
      27
      19
      19
      28
      23
      25
      23
      23
      16
      16
      20
      24
      27
      29
      21
      28
      22
      34
      20
      24
      23
      22
      15
      17
      22
      22
      24
      22
      27
      20
      24
      23
      15
      18
      19
      25
      21
      23
      17
      20
      26
      21
      25
      25
      27
      25
      31
      35
      42
      50
      63
      63
      90
      97
     108
      98
      87
      88
      43
      37
      28
      29
      21
      19
      18
      15
      21
      27
      25
      21
      20
      21
      25
      17
      26
      23
      22
      15
      17
      23
      16
      17
      20
      15
      11
      22
      14
      25
      17
      30
      24
      18
      17
      18
      21
      22
      18
      24
      18
      24
      22
      28
      19
      19
      18
      13
      16
      17
      14
      11
      14
      20
      23
      20
      12
      17
      18
      21
      17
      15
      14
      21
      13
      17
      26
      19
      18
      20
      22
      18
      24
      13
      25
      19
      21
      15
      13
      14
      17
      13
      24
      15
      17
       6
      10
      18
      16
      16
      10
      16
      14
      22
       9
      13
      18
      17
      20
      13
      14
      14
      17
      16
      17
      16
       8
      18
      17
      19
      12
      15
      12
      11
      14
      15
      13
      18
       8
       9
      17
      16
      15
       8
      17
       9
      15
      15
      18
      17
      14
      14
      20
       9
      19
      14
      16
      15
      11
      15
      12
      14
      17
      12
      15
       9
      12
      17
      12
      18
      12
      19
       8
      14
      12
      16
      17
      16
      15
      13
      15
      12
      19
      10
      10
      14
       8
      11
       6
      13
      18
      11
      16
       7
       8
      19
       7
      16
       8
      19
      14
      14
       8
      13
      15
       5
      11
      11
       5
       7
      13
      15
      11
      13
      10
      10
      11
       9
       4
       6
       7
      10
      11
      10
       9
      10
      15
       9
      10
      12
      14
      13
       6
       8
      10
      10
      18
      12
       8
      11
      15
      10
      13
      19
       9
       8
      10
       9
      11
       6
      13
      14
      15
       8
       7
      12
       8
      10
      11
      10
       8
       7
      15
      13
       9
       8
       9
       6
       8
       7
       8
      11
      14
      12
       6
      13
      13
      10
       5
      12
      16
       7
       8
      10
      14
      10
       9
       9
      15
       9
       6
       8
      16
       9
       9
       9
      10
       5
       5
      11
       5
       9
       6
      11
      11
      10
       7
       9
       6
      13
       8
      11
      11
       7
       9
      12
       8
      11
       7
       9
      11
       7
      16
      12
       6
      15
      12
      14
      12
       7
      10
       7
       9
      16
       8
      15
       7
       6
       9
       8
      11
       6
       7
      10
       9
      12
       9
      12
       5
       7
      11
       7
       8
      14
       9
      10
       9
      10
      11
      10
      13
       8
       8
       6
      12
      10
      10
      11
      10
      14
       5
       4
      13
      10
       9
       8
       6
       7
       7
      11
       9
       9
      14
      14
      11
      10
      13
       8
       9
      10
       1
       5
      15
      15
       5
      15
       9
       9
       9
      12
       5
       9
       5
      10
      15
       9
       9
      10
      10
       8
       9
       8
       4
      10
      10
       8
       9
       6
       7
       8
       6
       9
       8
       4
       7
      15
       9
      11
       7
       9
       6
      10
       7
      13
      10
      10
      15
      16
      15
      10
      12
      12
       6
      10
       9
       8
       6
      10
       7
      11
       9
      11
       8
      15
       9
       7
      19
      16
      16
      22
      15
      27
      33
      40
      55
      90
     159
     264
     397
     550
     834
    1055
    1399
    1511
    1546
    1448
    1257
     924
     628
     400
     191
     105
      58
      27
      13
       6
       8
       5
      12
      12
       3
       4
       5
      10
      11
       2
       3
      13
       5
      11
       6
       2
      12
       7
       8
       6
       7
       8
       8
       5
       6
       5
       5
       9
       4
       9
       7
       6
      11
       2
       8
       7
       3
       8
       5
      12
       3
      10
       7
       7
       7
       7
      10
       3
       5
       4
       5
       5
       3
       7
       6
      10
       5
       4
       2
       4
       5
       4
       6
      10
       5
       3
       7
       7
       8
       7
       8
       7
       4
       8
       6
       5
       6
       5
       7
       8
       7
      10
       5
       2
       6
       5
       5
       7
       6
       6
       5
       6
       4
      10
       4
       8
       7
       4
       8
       8
       9
       4
       3
       2
       3
       5
       2
       8
       4
       5
       6
       6
       8
       7
       7
       7
      11
       5
       2
       5
       9
       6
       7
      10
       3
       6
       5
       6
       9
       7
       7
       4
       4
       3
       5
      12
       5
       3
       5
       2
       5
       4
       4
       4
       3
       6
       6
       4
       8
       5
       7
      11
       3
       7
       5
       3
       3
       2
       3
       3
       1
       3
       4
       3
       4
       6
       9
       6
       5
       6
       8
       3
       8
       8
       4
      11
       7
       6
       5
       3
       3
       8
      13
       9
       6
      11
       9
       4
      10
       8
       3
       8
       8
       7
       7
       5
       6
       7
       3
       5
       8
       4
       8
       8
       7
       8
       5
       5
      12
      11
       7
       4
       7
       8
       5
       7
      10
       6
       7
       8
       5
       5
       6
       7
       5
       8
       6
       3
      10
       6
       7
       5
       6
       6
       6
       3
       5
       4
       6
       6
       4
       6
       1
      10
       3
       6
       5
       7
       5
       4
       3
       5
       6
       4
       6
      11
       1
       6
       2
       7
       4
       4
       8
      12
       8
       4
       9
       3
       2
       2
       4
       3
       6
       6
       6
       3
       6
      10
       9
       7
       5
       5
       2
       6
       7
       7
       3
       4
       8
       2
       4
       6
       7
       2
       6
      10
       4
       5
       3
       5
      10
       8
       4
       7
       4
       4
       4
       6
       8
       3
       4
       6
       4
       5
       8
      10
       3
       6
       7
       3
       3
       9
       4
       5
       7
       4
       5
       1
       3
       4
       4
       4
       2
      10
       5
       9
       3
       9
       8
       4
       9
       2
       0
       4
       8
       5
       9
      11
       7
      11
       1
       2
       5
       7
       6
      11
       1
       6
       4
       7
       5
       4
       6
       6
       7
       5
       5
       5
      10
       6
       6
       5
       7
       4
       7
       4
       8
       5
       5
       7
       4
       5
       2
       5
       3
       8
       7
       5
       4
       1
       6
       4
       5
       5
       4
       7
       4
       2
       3
       3
       5
       5
       4
       6
       5
       5
       5
       1
       9
       8
       6
       5
       8
      10
       5
      10
       9
       3
       7
       7
       4
       7
       6
       4
       4
       5
       5
       7
       7
       3
       4
       2
       5
       3
       7
       5
       1
       2
       5
       7
       2
       3
       9
      13
       4
       4
       7
       7
       7
       4
       5
       6
       8
       7
       7
       7
       6
       4
       5
       8
       6
       4
       8
       6
       3
       4
       5
       4
       5
       4
       2
       5
       6
       3
       8
       4
       1
       9
       7
       3
       4
       6
       8
       6
       6
       9
       2
       6
       5
       8
       8
       4
       4
       7
       4
       4
       7
       7
       3
       7
       2
       9
       5
       5
       5
       4
       7
       9
       1
       7
       2
       3
       8
       7
       5
       3
       6
       2
       4
       3
       3
       5
       3
       4
       6
       3
       6
       4
       7
       6
       5
       1
       3
       5
       4
       1
       6
       4
       3
       6
       8
       5
       6
       3
       8
       1
       9
       6
       6
       5
       3
       5
       4
       6
       4
       6
       7
       9
      10
       6
       2
       8
       6
       4
       3
       3
       4
       4
       4
      10
       4
       6
       1
      11
       8
       5
       5
       3
       5
       6
       3
       7
       5
       1
       6
       4
       3
       5
       8
       6
       4
       2
       7
       6
       6
       6
       7
       2
       9
       8
       5
       9
       6
       3
       7
       4
       4
       6
       8
       5
       2
       9
       7
       7
       6
       6
       7
       3
       5
       9
       7
       3
       5
       2
       5
       6
       3
       3
       6
       4
       5
       1
       3
       8
       4
       9
       5
       5
       1
       2
       5
       4
       5
       4
       4
       8
       2
       3
       5
       8
       1
       6
       4
       7
       4
       4
       6
       5
       6
       4
      10
       6
       3
       4
       2
       2
       7
       4
       7
       7
       8
       2
       5
       3
       4
       4
       7
       3
       7
       6
       6
       3
       8
       9
       7
       7
       3
       4
       3
       6
       3
       2
       8
       1
       8
       4
       7
       6
       4
       2
       3
       5
       6
       9
       5
       7
       4
       9
       3
       9
       8
       7
       3
       1
       4
       4
       4
       3
       7
       7
       6
       7
       7
       9
       2
       4
       5
       7
       7
       3
       4
       4
       3
       5
       0
       6
       4
       4
       8
       4
       6
       1
       5
      10
      12
       9
       7
      10
      11
       7
       9
      10
       7
       4
       6
       2
       5
       5
       5
       5
       3
       6
       4
       4
       5
       6
       3
       6
       2
       7
       2
       5
       5
       6
       8
       0
       6
       7
       4
       5
       3
       0
       5
       5
       7
       7
       9
       6
       3
       4
       4
       5
       2
       5
       7
       5
       3
       7
       2
       4
       0
       7
       6
       2
       7
       6
       3
       5
       3
       8
       4
       3
       3
       2
       2
       4
       4
       4
       0
       5
     344
     699
     671
     679
     679
     687
     720
     715
     686
     660
     694
     680
     726
     727
     717
     711
     754
     676
     740
     720
     723
     678
     691
     736
     673
     708
     723
     736
     713
     742
     738
     807
     764
     895
     966
     970
    1740
    6412
   13379
   11659
   28474
   19626
    2848
    1515
    1237
     955
     871
     788
     714
     633
     580
     554
     453
     442
     399
     406
     396
     330
     324
     302
     276
     251
     266
     274
     238
     243
     243
     223
     196
     200
     203
     181
     160
     167
     177
     184
     154
      61
      56
      41
      43
      34
      36
      27
      44
      40
      36
      37
      41
      37
      30
      39
      29
      42
      47
      44
      44
      42
      42
      38
      45
      35
      49
      35
      44
      50
      47
      29
      43
      47
      37
      49
      42
      47
      54
      34
      50
      52
      38
      61
      48
      42
      49
      42
      60
      57
      70
      64
      88
      69
      82
      84
     122
     137
     259
     476
     443
      75
      10
       2
       0
       1
       1
       0
       0
       0
       0
       0
       0
       0
       0
       0
       0
       0
       0
       0
       0
       0
       0
       0
       0
       0
       0
       0
       0
       0
       0
       0
       0
       0
       0
       0
       0
       0
       0
       0
       0
       0
       0
       0
       0
       0
       0
       0
       0
$ROI:
0
$PRESETS:
None
0
0
$ENER_FIT:
16.546301 0.358951
$MCA_CAL:
3
1.654630E+001 3.589510E-001 2.820340E-007 keV
$SHAPE_CAL:
3
2.043840E+000 1.584700E-003 -2.059380E-007
