$SPEC_ID:
Background_Lab7
$SPEC_REM:
DET# 1
DETDESC# Rayleigh
AP# Maestro-PRO Version 9, 0, 2, 0
$DATE_MEA:
11/17/2025 13:39:41
$MEAS_TIM:
201600.16 201729.12
$DATA:
0 8191
       0
       0
       0
       0
       0
       0
       0
       0
       0
       0
       0
       0
       0
       0
       0
       0
       0
       0
       0
       0
       0
       0
       0
       0
       0
       1
      11
      75
     154
     389
     526
     509
     506
     458
     496
     448
     501
     537
     483
     517
     466
     470
     435
     517
     447
     461
     439
     476
     449
     462
     429
     457
     458
     464
     435
     462
     454
     425
     480
     437
     433
     430
     454
     441
     450
     479
     479
     443
     444
     398
     429
     462
     418
     461
     430
     456
     491
     457
     447
     415
     439
     458
     442
     478
     555
     488
     451
     412
     416
     406
     382
     385
     421
     406
     421
     453
     426
     467
     439
     373
     363
     434
     456
     437
     419
     409
     384
     417
     391
     429
     422
     419
     429
     406
     456
     422
     426
     426
     433
     450
     441
     474
     436
     448
     465
     470
     474
     474
     479
     562
     648
     645
     567
     472
     459
     470
     460
     514
     519
     459
     511
     496
     476
     468
     472
     516
     455
     445
     448
     462
     485
     472
     537
     454
     565
     570
     623
     660
     598
     602
     666
     788
     986
    1037
     799
     552
     560
     664
     811
     871
     689
     490
     468
     504
     403
     500
     448
     437
     463
     503
     497
     485
     450
     536
     479
     484
     497
     648
     614
     745
     711
     642
     542
     498
     523
     600
     665
     681
     583
     505
     461
     461
     499
     546
     583
     577
     482
     459
     513
     644
     842
    1141
    1047
     843
     645
     509
     413
     493
     489
     473
     450
     458
     406
     429
     443
     462
     431
     450
     518
     472
     451
     474
     463
     453
     476
     428
     420
     429
     465
     473
     477
     482
     472
     467
     469
     514
     488
     496
     503
     451
     486
     473
     433
     474
     489
     492
     477
     481
     498
     461
     521
     469
     466
     519
     474
     485
     520
     486
     521
     480
     485
     488
     534
     502
     531
     504
     496
     505
     507
     479
     464
     488
     458
     484
     477
     484
     490
     485
     507
     504
     507
     524
     515
     492
     497
     508
     502
     499
     471
     454
     502
     514
     497
     491
     502
     454
     548
     536
     522
     505
     534
     540
     571
     569
     542
     512
     498
     493
     473
     516
     512
     525
     490
     503
     531
     505
     496
     502
     485
     533
     526
     527
     492
     539
     538
     511
     530
     548
     478
     516
     536
     543
     575
     544
     537
     495
     522
     545
     509
     534
     496
     556
     568
     627
     588
     514
     526
     507
     489
     530
     490
     517
     527
     484
     498
     503
     517
     497
     498
     510
     535
     496
     500
     499
     518
     510
     557
     483
     500
     523
     583
     530
     564
     520
     488
     532
     514
     499
     504
     521
     462
     510
     503
     476
     550
     522
     508
     518
     484
     515
     486
     516
     501
     499
     508
     585
     521
     560
     492
     535
     516
     461
     494
     522
     528
     555
     544
     479
     484
     472
     479
     458
     477
     499
     465
     511
     487
     514
     532
     483
     500
     505
     507
     497
     505
     494
     497
     493
     515
     472
     511
     478
     520
     510
     509
     431
     522
     507
     475
     511
     505
     502
     488
     498
     471
     501
     445
     488
     517
     467
     528
     533
     498
     494
     480
     531
     633
     712
     961
    1131
     977
     708
     536
     481
     494
     492
     485
     508
     502
     493
     454
     468
     479
     466
     468
     504
     493
     451
     484
     452
     520
     504
     500
     458
     483
     480
     487
     446
     461
     472
     483
     482
     427
     520
     519
     474
     521
     498
     445
     479
     449
     470
     474
     538
     472
     521
     478
     475
     444
     469
     478
     496
     487
     490
     494
     484
     432
     465
     468
     465
     473
     479
     494
     550
     607
     523
     492
     437
     460
     462
     438
     448
     448
     427
     429
     445
     460
     449
     428
     480
     505
     458
     463
     442
     486
     506
     459
     469
     460
     436
     435
     456
     439
     435
     441
     425
     468
     449
     453
     440
     406
     466
     445
     459
     448
     439
     421
     473
     472
     461
     437
     458
     430
     487
     429
     470
     419
     491
     416
     470
     461
     464
     429
     432
     411
     427
     433
     378
     428
     468
     457
     459
     455
     423
     405
     436
     442
     419
     438
     445
     448
     460
     593
     968
    1411
    1788
    1576
     802
     471
     384
     482
     576
     620
     517
     588
     601
     474
     451
     413
     404
     398
     388
     406
     408
     399
     407
     425
     398
     375
     408
     408
     398
     422
     398
     384
     404
     351
     393
     385
     383
     396
     387
     394
     388
     403
     405
     381
     430
     387
     370
     376
     433
     392
     365
     365
     390
     414
     412
     392
     430
     403
     374
     387
     355
     424
     380
     353
     371
     366
     392
     363
     371
     369
     358
     371
     385
     369
     404
     371
     362
     377
     379
     382
     373
     340
     389
     335
     394
     350
     384
     428
     461
     482
     483
     452
     417
     375
     359
     390
     383
     391
     392
     387
     355
     343
     389
     383
     367
     385
     419
     393
     444
     439
     445
     381
     370
     349
     343
     376
     340
     390
     351
     352
     361
     351
     342
     360
     352
     330
     342
     371
     366
     336
     343
     347
     364
     348
     326
     339
     336
     352
     339
     353
     366
     381
     323
     380
     373
     342
     337
     338
     356
     372
     350
     309
     365
     336
     369
     375
     474
     566
     722
     729
     536
     391
     345
     346
     353
     371
     340
     327
     348
     366
     367
     387
     448
     422
     360
     339
     292
     329
     339
     321
     317
     353
     330
     303
     340
     357
     290
     334
     331
     319
     343
     328
     297
     362
     334
     327
     322
     324
     329
     297
     346
     303
     303
     345
     337
     339
     327
     339
     327
     313
     317
     340
     303
     308
     324
     304
     315
     324
     318
     352
     315
     319
     306
     337
     333
     315
     338
     317
     284
     319
     330
     318
     313
     330
     301
     356
     307
     316
     323
     296
     291
     287
     315
     338
     322
     336
     347
     331
     372
     375
     377
     363
     311
     315
     313
     307
     314
     292
     307
     308
     339
     321
     284
     277
     322
     277
     353
     321
     320
     282
     340
     288
     296
     304
     328
     393
     467
     566
     593
     449
     334
     328
     303
     300
     336
     323
     325
     294
     295
     289
     289
     303
     288
     305
     313
     286
     304
     306
     284
     283
     262
     288
     291
     271
     263
     289
     267
     326
     302
     269
     291
     327
     379
     585
     880
     993
     962
     594
     353
     290
     280
     274
     298
     288
     275
     277
     246
     272
     288
     295
     251
     273
     269
     283
     290
     297
     280
     278
     288
     284
     291
     269
     281
     269
     271
     284
     285
     273
     301
     287
     300
     276
     265
     252
     281
     265
     275
     270
     259
     276
     259
     291
     286
     261
     270
     288
     305
     274
     278
     283
     283
     248
     271
     273
     258
     257
     263
     261
     253
     257
     290
     264
     284
     287
     272
     239
     267
     242
     239
     271
     253
     256
     245
     277
     284
     263
     257
     264
     257
     254
     267
     246
     258
     235
     257
     261
     251
     240
     260
     260
     278
     258
     239
     258
     262
     241
     263
     288
     277
     274
     280
     259
     238
     231
     242
     263
     242
     224
     260
     273
     269
     249
     222
     221
     225
     262
     238
     250
     281
     249
     225
     258
     264
     238
     250
     252
     244
     230
     254
     261
     232
     273
     264
     280
     238
     265
     281
     265
     256
     258
     265
     255
     252
     260
     229
     225
     235
     252
     231
     220
     245
     228
     239
     315
     278
     300
     248
     231
     253
     242
     237
     258
     262
     213
     252
     248
     274
     227
     235
     231
     223
     248
     262
     220
     237
     250
     226
     232
     218
     242
     254
     232
     221
     211
     214
     211
     227
     234
     218
     257
     233
     257
     223
     238
     233
     243
     249
     212
     248
     252
     220
     228
     246
     216
     235
     285
     219
     221
     228
     221
     231
     242
     236
     209
     258
     239
     222
     209
     219
     206
     236
     234
     207
     230
     232
     227
     239
     230
     226
     236
     222
     260
     206
     230
     210
     253
     224
     220
     245
     235
     223
     229
     223
     225
     216
     206
     210
     227
     212
     239
     218
     188
     206
     238
     239
     240
     252
     217
     230
     217
     210
     217
     200
     218
     241
     251
     219
     234
     247
     203
     231
     188
     227
     215
     216
     244
     208
     216
     193
     190
     211
     221
     222
     236
     199
     226
     195
     227
     222
     214
     216
     208
     210
     215
     218
     224
     221
     208
     224
     201
     254
     273
     332
     318
     269
     245
     201
     200
     212
     200
     203
     204
     220
     190
     203
     241
     196
     187
     205
     194
     235
     228
     215
     210
     217
     191
     205
     203
     226
     249
     196
     211
     202
     223
     194
     192
     225
     219
     210
     193
     194
     235
     236
     229
     203
     228
     208
     237
     200
     207
     210
     209
     208
     187
     197
     199
     198
     218
     202
     184
     220
     207
     211
     177
     212
     210
     201
     203
     203
     212
     208
     195
     194
     190
     189
     176
     209
     198
     210
     215
     198
     201
     184
     187
     197
     184
     162
     189
     207
     202
     196
     194
     195
     222
     199
     198
     211
     223
     190
     156
     193
     186
     197
     210
     218
     184
     175
     187
     208
     198
     189
     216
     205
     189
     191
     177
     234
     182
     198
     217
     180
     208
     207
     214
     209
     246
     285
     296
     347
     424
     585
     707
     967
    1136
    1230
    1249
    1028
     812
     671
     530
     358
     330
     300
     213
     240
     199
     198
     160
     181
     184
     198
     174
     183
     190
     174
     168
     178
     161
     192
     189
     188
     174
     181
     185
     167
     169
     197
     176
     187
     207
     191
     195
     179
     191
     167
     175
     191
     166
     206
     175
     189
     185
     185
     179
     187
     165
     172
     186
     164
     169
     194
     179
     190
     191
     186
     184
     178
     199
     208
     172
     207
     173
     159
     187
     184
     181
     196
     182
     204
     158
     165
     167
     184
     177
     181
     172
     170
     181
     166
     179
     169
     164
     192
     166
     169
     155
     161
     179
     153
     175
     171
     163
     172
     181
     167
     161
     150
     172
     172
     206
     188
     157
     195
     177
     191
     168
     179
     213
     175
     181
     183
     141
     181
     176
     169
     170
     160
     164
     198
     153
     180
     184
     178
     181
     187
     155
     157
     164
     173
     169
     192
     188
     164
     173
     178
     171
     203
     188
     165
     181
     157
     155
     168
     170
     181
     173
     181
     179
     180
     173
     180
     156
     159
     160
     160
     180
     200
     186
     169
     188
     163
     166
     163
     180
     186
     183
     197
     182
     181
     151
     171
     175
     163
     134
     176
     162
     169
     172
     177
     154
     158
     190
     157
     189
     193
     182
     198
     174
     175
     190
     223
     298
     536
     676
     807
     671
     468
     252
     197
     179
     155
     173
     170
     154
     187
     160
     155
     148
     142
     156
     159
     150
     169
     137
     144
     163
     150
     177
     152
     154
     140
     154
     178
     156
     163
     147
     136
     162
     177
     168
     177
     184
     160
     182
     156
     152
     172
     176
     168
     148
     157
     187
     155
     161
     151
     149
     173
     162
     164
     171
     175
     148
     167
     151
     168
     165
     186
     174
     159
     139
     184
     177
     202
     326
     584
     911
    1029
     992
     647
     344
     197
     168
     158
     163
     147
     156
     143
     163
     139
     132
     149
     161
     145
     157
     168
     148
     159
     137
     143
     127
     160
     175
     138
     166
     119
     145
     150
     169
     159
     169
     139
     174
     158
     155
     161
     150
     140
     156
     133
     150
     131
     140
     168
     149
     153
     145
     131
     126
     132
     158
     173
     125
     141
     181
     124
     145
     146
     144
     155
     157
     138
     135
     135
     137
     131
     112
     149
     156
     146
     150
     140
     144
     122
     156
     131
     164
     159
     146
     151
     150
     147
     154
     125
     147
     162
     130
     149
     150
     120
     131
     127
     126
     147
     143
     145
     131
     133
     127
     137
     136
     151
     148
     147
     151
     152
     135
     127
     128
     155
     128
     136
     167
     137
     145
     157
     123
     150
     137
     125
     152
     123
     144
     145
     145
     148
     124
     135
     143
     130
     149
     135
     144
     147
     150
     133
     148
     147
     143
     152
     179
     194
     192
     207
     186
     150
     158
     128
     133
     150
     141
     151
     170
     163
     146
     146
     145
     127
     128
     119
     152
     117
     135
     141
     150
     134
     158
     154
     133
     140
     152
     121
     147
     133
     148
     138
     160
     154
     156
     159
     152
     131
     128
     127
     126
     155
     142
     135
     122
     138
     150
     131
     140
     140
     149
     145
     117
     138
     132
     123
     143
     120
     128
     128
     148
     143
     140
     129
     136
     123
     120
     140
     127
     137
     133
     120
     139
     148
     128
     120
     133
     125
     133
     128
     149
     140
     135
     121
     138
     151
     126
     140
     172
     148
     136
     145
     134
     136
     139
     158
     148
     141
     128
     136
     150
     125
     135
     133
     154
     116
     143
     149
     143
     140
     163
     128
     138
     146
     153
     149
     127
     129
     131
     139
     126
     129
     135
     142
     120
     151
     125
     144
     155
     121
     127
     137
     120
     144
     111
     142
     115
     139
     128
     136
     116
     140
     125
     113
     129
     142
     121
     128
     107
     118
     131
     110
     120
     119
     140
     133
     120
     144
     150
     146
     130
     135
     133
     125
     139
     129
     129
     120
     126
     135
     148
     135
     146
     139
     117
     165
     150
     219
     234
     265
     292
     218
     184
     125
     129
     132
     116
     132
     113
     138
     142
     110
     134
     114
     130
     113
     132
     102
     126
     109
     117
     119
     129
     125
      97
     106
     136
     124
     128
     132
     119
     109
     125
     110
     130
     129
     120
     128
     123
     153
     121
     147
     139
     139
     139
     115
     134
     138
     131
     113
     136
     118
     110
     138
     116
     118
     122
     125
     118
     120
     126
     127
     121
     122
     136
     120
     126
     130
     129
     107
     113
     119
     114
     114
     122
     143
     129
     146
     140
     131
     109
     129
     115
     127
     109
     128
     118
     100
     137
     130
     136
     126
     144
     120
      95
     112
     101
     128
     150
     146
     152
     125
     116
     111
     129
     136
     141
     152
     179
     136
     145
     175
     206
     198
     202
     143
     139
     118
     121
     127
     109
     116
     137
     130
     146
     169
     128
     111
     110
     103
     116
     125
     112
     128
     108
     118
     128
     118
     111
     106
     110
     118
     101
      95
     128
     104
     129
     116
     100
     107
     121
     121
     123
     140
     128
     118
      88
     122
     133
     155
     140
     147
     165
     164
     137
     115
     110
     101
     102
     123
     124
     103
      98
      95
     107
      91
     120
     122
     109
     112
     118
     106
     117
     122
     158
     188
     184
     181
     175
     143
     112
     102
     106
     112
     121
     115
     122
     110
     109
     108
     110
     126
     100
     118
     118
     107
     109
     119
     118
     136
     128
     118
     108
     118
     107
      97
     129
     124
     121
     120
     110
     119
     112
     109
      89
     109
     100
      97
     106
     120
     111
     102
     125
     106
     100
     109
     109
     121
     100
     100
     103
     111
     111
     112
     115
      92
     113
     113
     105
      95
     116
     109
      90
     116
     109
     124
     117
      97
     111
     106
     105
     100
     118
     103
     103
     101
     101
     120
     105
     127
     133
     114
      96
     108
      94
     101
      90
      91
     113
      91
     121
      99
     109
     108
     127
     151
     105
     106
     101
     121
     105
      92
     106
      99
     111
     110
     104
     142
     133
     118
     139
     124
     130
     101
      95
     107
     112
     101
     142
     127
     118
     133
     120
     136
     121
     120
     103
     109
      99
      92
     116
      97
     114
     106
      93
     100
     102
      99
     104
      99
      89
     114
     118
     104
      93
     107
     112
     105
     104
     103
     115
     108
     107
      85
     108
     102
     110
     103
     114
     106
     105
     115
     101
      90
     116
     115
     118
      97
      99
     118
     110
     110
     112
     106
     115
     129
     173
     191
     192
     176
     157
     117
     106
      90
     105
      95
     104
      91
     101
      92
      96
     105
      97
     111
     104
     114
      92
      75
      89
     118
     124
      86
      88
     100
     108
      97
     108
      92
      99
      76
     109
     121
      91
     109
     123
     114
      98
      96
     101
      90
     103
      81
      92
     108
     111
     103
     109
      95
     105
     109
      98
     115
      96
     102
      99
     124
      89
      92
     112
      98
      98
     102
     100
      81
     109
     102
     101
     109
      95
     106
     111
      90
     105
     105
     111
     100
      97
      96
      94
      99
     104
     102
     109
     106
     111
     104
     106
     101
     113
     120
     103
      94
      92
     113
      95
     113
      84
      83
      92
      96
      82
     102
      86
      89
      99
     130
     106
     110
     101
      87
      87
     117
      85
      94
     104
      88
      94
     110
     120
     106
      98
      99
     115
      96
      90
      97
     101
     105
      94
      91
      93
     109
     102
     132
     187
     303
     442
     614
     636
     520
     355
     188
     135
     120
      88
     104
      83
      78
     112
      88
      87
      88
      90
      83
      86
      92
     107
      94
     102
      97
      97
      89
      82
      91
      97
      89
      81
      68
      88
      94
      99
      99
      88
      91
      98
     104
     103
     103
      87
      78
      76
      81
      96
      91
      85
     111
     103
      86
      72
      89
      81
      99
      94
      89
      92
     110
      91
     107
     130
     114
     150
     157
     140
     117
     113
      97
      69
      92
     100
      72
      92
     103
      93
      86
     119
      83
     103
      88
      92
      88
     111
     102
      86
      90
     118
      92
      83
      96
      81
      90
      95
      99
      94
      98
      89
     108
      82
      92
      89
     100
      89
      99
     111
     112
     107
      89
     118
      93
     103
     103
      85
      86
      92
      86
      95
      90
      70
     106
      84
      85
      78
      82
      75
      97
     103
      92
      81
     103
      90
      87
      99
     108
      81
      85
      82
      78
      79
      76
      76
      98
      99
     109
      99
     143
     145
     186
     167
     174
     135
     122
     106
     110
     113
     125
     180
     254
     323
     391
     417
     316
     214
     150
     102
      96
      78
      89
      84
      90
      73
      72
      85
      98
      84
      96
      91
      75
      76
     103
      79
      65
      83
      95
      95
      76
      79
      77
      80
      78
      87
      81
      91
      88
      88
      67
      92
      96
      95
      81
      78
     106
      92
      76
      83
      97
      83
      77
      85
      80
      98
      86
      89
      78
      88
      87
      98
      88
     108
      98
      86
      82
      82
      87
      86
      95
      72
     101
      83
      95
      79
      89
      83
      81
      71
      96
      66
      86
      93
      76
      84
      83
      85
      95
      92
      92
     111
     124
     138
     137
     121
      95
      79
      85
      90
      93
      87
      68
     100
      95
      94
      84
      90
      78
      84
      95
      88
      86
      89
      84
     100
      96
      87
      91
      99
      78
      81
      77
      68
      78
      77
      97
      78
      90
      80
      84
      87
      81
      88
      88
      78
      87
      85
      91
      91
      96
      71
      85
      89
      91
      70
      97
      89
      88
      84
     103
      91
      97
      86
      89
      80
      93
      77
      83
      92
      76
     102
      87
      96
      68
      78
      67
      73
      79
      68
      87
      80
      84
      72
      99
      83
      79
      95
      79
      64
      97
      96
      78
      91
      90
      86
      79
      61
      75
      69
      79
      78
      70
      85
      97
      67
      98
      77
      87
      85
      75
      91
      84
      98
      85
      78
      78
      92
      89
      77
      68
      86
      75
      75
      77
      74
      85
      89
      94
      64
      78
      72
      71
      92
      81
      74
      75
      64
      86
      77
      97
      73
      86
      97
      97
      90
      81
      93
      87
      84
      87
      87
      77
      78
      78
      92
      74
      78
      79
      72
      92
      80
      85
      82
      88
      75
      74
      69
      64
      75
      70
      85
      91
      83
      79
      88
      96
      63
      74
      82
      87
      82
      69
      95
      86
      80
      87
      79
      79
      82
      58
      77
      92
      73
     104
      87
      96
     100
      87
      70
      81
      78
      84
      75
      80
      73
      85
      78
      87
      83
      88
      74
      85
      79
      62
      82
      98
      91
      88
      71
      87
      64
      59
      89
      75
      72
      80
      72
      80
      73
      60
      88
      89
      77
      81
      95
      80
      85
      77
      81
      86
      91
      92
      82
      79
      79
      77
      78
      88
      85
      76
      88
      72
      72
      83
      78
      88
      73
      61
      89
      87
      81
      76
      88
     102
      99
      80
      89
      77
      69
      82
      78
      81
      79
      85
      76
      69
      75
      96
      85
      70
      89
      84
      68
      97
      72
      69
      91
      92
      90
      73
      87
      67
      71
      71
      73
      94
      75
      81
      74
      70
      99
      82
      76
      86
      95
      89
      79
     107
      65
      76
      81
      84
      87
      81
      60
      73
      76
      81
      82
      97
      90
      78
      81
      83
      87
      85
      92
     102
     143
     216
     323
     382
     406
     346
     261
     190
     123
      85
      86
      82
      74
      78
      76
      81
      77
      68
      77
      79
      78
      78
      75
      70
      66
      64
      84
      81
      74
      79
      67
      75
      70
      74
      69
      74
      70
      90
      78
      69
      85
      88
      76
      65
     104
      66
      73
      65
      64
      81
      79
      75
      71
      73
      61
      78
      78
      74
      63
      62
      86
      73
      88
      67
      78
      68
      83
      74
      95
      60
      73
      52
      80
      50
      94
      91
      78
      74
      93
      72
      87
      79
      83
      65
      80
      83
      71
      84
      59
      71
      86
      76
      74
      78
      78
      86
      90
      82
     102
     108
     109
     106
      93
      99
      74
      85
      72
      81
      63
      47
      58
      74
      82
      82
      83
      90
      68
      65
      80
      70
      74
      76
      92
      85
      83
      84
      79
      67
      76
      77
      78
      96
      67
      76
      72
      75
      72
      84
      66
      76
      86
      77
      84
      88
      66
      72
      90
      89
      79
      75
      81
      76
      85
      78
      94
      89
      67
      83
      79
      89
      79
      81
      74
      81
      74
      64
      72
      79
      79
      74
      66
      78
      99
      66
      97
      83
      84
      72
      87
      77
      76
      86
      86
      81
      76
      81
      70
      82
      70
     100
      69
      82
      75
      81
      72
      82
      76
      77
      71
      73
      66
      75
      70
      78
      78
      70
      90
      77
      78
      76
      77
      55
      83
      85
      83
      79
      61
      75
      76
      73
      79
      72
      65
      76
      85
      74
      71
      77
      57
      86
      80
      82
      78
      70
      76
      95
      75
      86
      87
      82
      67
      74
      92
      93
      87
      81
      76
      67
      91
     103
      72
      78
      63
      68
      72
      78
      80
      68
      76
      52
      72
      68
      76
      80
      76
      69
      83
      92
      66
      89
      98
      75
      90
      78
      65
      64
      64
      67
      67
      65
      79
      68
      71
      71
      75
      84
      77
      82
      76
      74
      68
      76
      84
      73
      81
      84
      81
      74
      84
      70
      70
      81
      70
      84
      78
      83
      77
      65
      73
      76
      71
      77
     105
      88
      78
      61
      73
      94
      88
      76
      83
      93
      74
      75
      71
      93
     103
     137
     177
     215
     188
     168
     146
     103
      92
      72
      81
      74
      68
      62
      68
      78
      70
      59
      62
      55
      54
      64
      74
      75
      76
      74
      68
      80
      61
      75
      83
      74
      70
      65
      56
      75
      65
      58
      71
      64
      77
      73
      67
      61
      52
      69
      69
      68
      58
      62
      61
      72
      67
      69
      67
      71
      71
      52
      54
      54
      61
      70
      61
      71
      68
      54
      59
      61
      64
      56
      65
      76
      57
      64
      62
      65
      65
      67
      65
      49
      64
      50
      63
      55
      56
      70
      54
      66
      47
      52
      61
      45
      52
      63
      75
      60
      68
      60
      65
      63
      60
      58
      50
      62
      57
      65
      66
      69
      49
      52
      78
      53
      64
      72
      55
      63
      47
      79
      58
      81
      91
      81
     105
      90
      79
      64
      69
      70
      53
      67
      62
      50
      45
      58
      72
      72
      52
      55
      51
      61
      62
      62
      67
      53
      59
      57
      52
      62
      57
      55
      67
      47
      73
      67
      48
      74
      54
      60
      71
      50
      63
      67
      61
      58
      52
      66
      45
      47
      50
      50
      57
      45
      58
      60
      54
      61
      55
      46
      60
      78
      52
      56
      74
      51
      57
      53
      58
      53
      53
      54
      59
      61
      60
      66
      62
      49
      54
      46
      54
      51
      56
      58
      51
      52
      56
      60
      53
      60
      66
      55
      65
      56
      64
      43
      43
      52
      56
      43
      60
      50
      60
      64
      45
      50
      53
      50
      52
      55
      58
      64
      51
      47
      69
      35
      59
      47
      53
      49
      51
      55
      44
      41
      59
      61
      56
      54
      51
      51
      59
      47
      53
      46
      48
      41
      49
      47
      41
      53
      48
      53
      53
      68
      60
      42
      61
      63
      53
      42
      59
      49
      55
      57
      62
      47
      58
      37
      56
      51
      46
      50
      52
      61
      66
      48
      46
      52
      56
      39
      52
      45
      52
      36
      53
      53
      52
      40
      47
      56
      53
      56
      43
      51
      43
      38
      50
      59
      37
      42
      45
      51
      42
      39
      52
      42
      47
      53
      40
      44
      52
      55
      44
      39
      45
      52
      47
      46
      45
      50
      47
      50
      46
      36
      50
      46
      52
      35
      48
      51
      45
      38
      56
      39
      37
      46
      47
      50
      50
      30
      49
      38
      48
      53
      56
      58
      35
      48
      54
      58
      36
      48
      37
      51
      53
      36
      39
      41
      42
      43
      52
      41
      49
      51
      46
      52
      42
      46
      34
      33
      52
      54
      39
      35
      42
      44
      56
      62
      98
     106
     142
     151
     137
     111
      70
      63
      49
      47
      40
      37
      37
      30
      38
      40
      54
      42
      41
      45
      39
      47
      50
      64
      52
      66
      49
      43
      50
      44
      43
      36
      36
      43
      38
      37
      40
      47
      44
      37
      39
      53
      44
      35
      36
      51
      43
      41
      40
      39
      47
      41
      50
      35
      44
      37
      38
      48
      45
      40
      54
      44
      53
      42
      39
      53
      52
      52
      74
      65
      74
      57
      51
      44
      51
      40
      44
      36
      41
      40
      50
      35
      59
      56
      75
      72
      92
      97
     103
      79
      62
      56
      38
      40
      35
      36
      56
      41
      43
      41
      41
      42
      31
      41
      45
      36
      29
      37
      44
      35
      52
      32
      35
      51
      37
      56
      35
      40
      46
      40
      39
      35
      42
      38
      50
      41
      41
      37
      53
      41
      40
      46
      39
      37
      36
      39
      50
      39
      54
      36
      41
      40
      42
      45
      36
      27
      54
      41
      46
      45
      32
      39
      42
      33
      42
      39
      29
      35
      44
      46
      46
      39
      53
      46
      41
      40
      48
      33
      42
      43
      32
      37
      44
      39
      32
      44
      37
      43
      43
      38
      37
      42
      38
      47
      46
      41
      38
      36
      42
      37
      45
      37
      49
      54
      41
      25
      36
      41
      46
      45
      44
      32
      39
      31
      39
      44
      53
      47
      56
      50
      37
      39
      41
      44
      40
      47
      32
      44
      45
      35
      49
      52
      39
      41
      50
      50
      78
     106
     185
     327
     569
     998
    1500
    1940
    2125
    1972
    1432
     918
     561
     241
     101
      56
      36
      28
      33
      39
      39
      38
      23
      40
      37
      30
      34
      33
      32
      37
      24
      29
      33
      26
      28
      42
      36
      25
      31
      32
      46
      37
      36
      30
      37
      26
      30
      30
      28
      28
      39
      27
      29
      35
      32
      38
      30
      22
      32
      35
      27
      34
      34
      38
      32
      30
      31
      28
      31
      31
      26
      25
      22
      28
      29
      27
      29
      33
      25
      28
      38
      29
      36
      29
      25
      30
      34
      32
      27
      33
      33
      18
      35
      37
      35
      33
      29
      30
      29
      26
      26
      35
      37
      47
      49
      55
      43
      45
      46
      36
      30
      27
      31
      38
      46
      32
      35
      34
      38
      36
      45
      36
      53
      39
      39
      41
      28
      31
      20
      29
      22
      25
      33
      31
      27
      27
      42
      50
      36
      68
      58
      76
      78
      55
      66
      51
      53
      42
      28
      38
      40
      32
      21
      35
      40
      34
      26
      37
      29
      28
      29
      33
      28
      33
      48
      31
      25
      24
      24
      19
      39
      19
      36
      23
      29
      22
      32
      28
      39
      26
      25
      32
      28
      34
      37
      37
      28
      20
      32
      27
      34
      35
      31
      28
      26
      28
      32
      34
      28
      29
      33
      21
      34
      34
      35
      24
      26
      32
      34
      30
      25
      28
      25
      25
      19
      28
      41
      38
      33
      29
      36
      32
      32
      43
      43
      36
      35
      33
      35
      34
      28
      29
      30
      41
      39
      29
      36
      36
      37
      23
      25
      25
      29
      27
      23
      31
      33
      28
      22
      28
      19
      27
      27
      25
      37
      35
      29
      28
      24
      28
      38
      27
      27
      26
      29
      26
      30
      28
      22
      35
      23
      32
      29
      33
      24
      17
      35
      30
      14
      19
      36
      28
      29
      37
      31
      22
      30
      27
      21
      26
      27
      32
      30
      21
      22
      38
      28
      22
      35
      31
      22
      26
      29
      30
      29
      17
      17
      34
      16
      28
      28
      32
      29
      20
      24
      19
      34
      29
      20
      35
      20
      30
      23
      24
      19
      28
      30
      18
      23
      25
      18
      27
      22
      36
      30
      36
      31
      32
      40
      39
      27
      39
      40
      34
      26
      41
      44
      47
      27
      36
      39
      40
      19
      38
      26
      34
      42
      63
      64
      91
      95
      71
      58
      42
      34
      27
      26
      23
      41
      47
      56
      63
      62
      73
      61
      50
      47
      20
      30
      44
      32
      34
      43
      29
      26
      30
      21
      23
      35
      23
      18
      32
      29
      34
      29
      30
      29
      34
      19
      34
      31
      15
      13
      28
      24
      24
      28
      27
      27
      18
      30
      21
      32
      25
      18
      27
      24
      27
      19
      23
      25
      28
      22
      21
      22
      28
      21
      28
      27
      24
      27
      30
      21
      31
      26
      20
      25
      23
      24
      23
      23
      23
      31
      24
      33
      34
      34
      39
      42
      50
      48
      52
      31
      38
      15
      24
      34
      24
      26
      35
      21
      19
      25
      24
      27
      34
      35
      18
      28
      23
      23
      26
      34
      32
      42
      38
      48
      46
      39
      43
      31
      32
      25
      27
      18
      15
      23
      17
      22
      21
      26
      28
      29
      29
      28
      17
      33
      43
      35
      39
      25
      43
      33
      26
      17
      18
      22
      39
      31
      25
      28
      29
      20
      28
      15
      38
      24
      24
      27
      27
      19
      21
      17
      27
      28
      25
      23
      17
      27
      19
      30
      27
      18
      24
      35
      30
      24
      12
      19
      18
      21
      18
      21
      15
      22
      19
      24
      22
      27
      21
      24
      24
      23
      24
      22
      21
      24
      26
      34
      43
      39
      45
      29
      34
      37
      26
      23
      27
      29
      25
      24
      27
      24
      26
      27
      25
      31
      25
      26
      26
      32
      16
      23
      18
      19
      21
      23
      19
      20
      22
      16
      24
      23
      19
      14
      17
      25
      24
      17
      33
      25
      24
      18
      22
      23
      25
      24
      27
      22
      23
      25
      25
      30
      14
      28
      17
      32
      28
      19
      29
      17
      24
      16
      26
      29
      34
      18
      22
      21
      21
      24
      18
      24
      17
      26
      21
      11
      23
      18
      35
      17
      18
      21
      33
      32
      34
      25
      28
      34
      16
      25
      34
      25
      20
      24
      31
      32
      19
      15
      25
      19
      21
      25
      21
      16
      21
      24
      20
      23
      27
      19
      21
      19
      20
      29
      23
      25
      23
      28
      22
      25
      18
      25
      21
      24
      26
      13
      26
      18
      20
      27
      22
      17
      24
      27
      30
      16
      18
      18
      31
      24
      21
      19
      23
      23
      17
      25
      17
      17
      19
      17
      27
      22
      25
      25
      19
      33
      26
      20
      22
      16
      24
      26
      18
      18
      18
      22
      26
      19
      24
      28
      30
      24
      24
      27
      19
      14
      20
      25
      30
      25
      25
      20
      27
      20
      27
      53
      73
      76
      89
      67
      64
      61
      40
      26
      27
      29
      28
      22
      20
      28
      20
      14
      14
      20
      18
      17
      28
      17
      26
      22
      22
      28
      21
      27
      22
      14
      16
      18
      22
      23
      27
      26
      23
      20
      20
      29
      24
      13
      17
      20
      20
      13
      21
      18
      19
      15
      27
      25
      21
      24
      19
      20
      17
      25
      22
      23
      17
      20
      15
      14
      24
      19
      23
      24
      21
      17
      23
      21
      17
      24
      10
      21
      28
      23
      24
      20
      21
      27
      21
      30
      20
      18
      24
      23
      21
      15
      39
      50
      67
      91
     132
     232
     330
     330
     349
     319
     218
     147
     104
      56
      43
      37
      17
      15
      20
      20
      20
      23
      17
      19
      12
      17
      17
      25
      25
      20
      16
      20
      13
      12
      16
      23
      24
      13
      17
      13
      16
      18
      22
      21
      22
      22
      21
      25
      20
      19
      18
      17
      12
      20
      23
      21
      16
      20
      11
      15
      21
      19
      22
      13
      19
      17
      14
      21
      12
      28
      13
      14
      22
      25
      22
      18
      16
      13
      29
      16
      14
      12
      21
      26
      13
      13
      16
      17
      20
      25
      15
      21
      18
      29
      28
      22
      22
      18
      21
      24
      23
      19
      31
      25
       8
      21
      17
      25
      22
      14
      18
      17
      16
      13
      21
      19
      19
      15
      22
      23
      23
      24
      23
      21
      18
      18
       9
      13
       8
      17
      18
      22
      16
      17
      19
      16
       8
      23
      15
      15
      14
      22
      12
      12
      18
      22
      15
      21
      21
      21
      24
      21
      23
      22
      11
      16
      28
      14
      13
      16
      18
      19
      18
      23
      18
      17
      18
      16
      24
      23
      14
      16
      26
      10
      20
      21
      17
      17
      21
      13
      17
      16
      20
      17
      20
      17
      12
      18
      17
      16
      22
      20
      28
      31
      18
      26
      22
      19
      16
      24
      10
      23
      24
      27
      24
      17
      22
      18
      32
      36
      23
      21
      22
      17
      17
      18
      19
      21
      23
      16
      23
      20
      17
      17
      19
      19
      13
      26
      17
      27
      23
      32
      41
      55
      56
      57
      62
      47
      46
      31
      18
      20
      25
      17
      19
      22
      21
      25
      13
      23
      20
      19
      18
      13
      15
      20
      19
      20
      15
      14
      20
      18
      21
      21
      15
      20
      14
      18
      12
      20
      20
      19
      16
      14
      27
      21
      21
      20
      15
      21
      19
      10
      21
      14
      21
      29
      24
      18
      13
      18
      13
      23
      16
      11
      13
      28
      20
      22
      25
      19
      15
      17
      25
      21
      20
      27
      20
      22
      19
      25
      14
      27
      19
      25
      18
      19
      15
      19
      18
      26
      18
      17
      17
      15
      22
      24
      16
      27
      12
      11
      19
      23
       8
      17
      12
      15
      20
      28
      18
      16
      18
      19
      17
      22
      18
      18
      23
      23
      21
      14
      20
      19
      17
      11
      26
      18
      20
      20
      16
      17
      16
      15
      13
      10
      13
      19
      20
      22
      16
      20
      28
      25
      16
      21
      29
      15
      22
      20
      20
      12
      16
      17
      23
      27
      15
      12
      27
      20
      20
      15
      10
      17
      15
      25
      17
      15
      32
      18
      16
      23
      17
      24
      14
      14
      15
      19
      19
      20
      18
      21
      18
      15
      21
      24
      23
      19
      15
      26
      22
      23
      19
      18
      22
      26
      20
      17
      18
      15
      24
      16
      27
      14
      23
      16
      23
      19
      23
      18
      15
      17
      21
      13
      26
      19
      13
      20
      22
      22
      18
      17
      11
      26
      22
      18
      16
      21
      19
      14
      15
      24
      16
      22
      20
      21
      17
      27
      15
      30
      16
      16
      23
      17
      14
      21
      25
      17
      17
      16
      25
      16
      16
      17
      16
      16
      17
      16
      14
      10
      17
      19
      13
      15
      21
      26
      18
      17
      24
      17
      17
      10
      17
      16
      13
      15
      23
      20
      14
      16
      16
      22
      25
      18
      13
      24
      16
      15
      19
      12
      17
      15
      19
      18
      21
      20
      14
      14
      16
      22
      27
      24
      22
      14
       9
      15
      16
      29
      17
      12
      15
      16
      15
      15
      15
      20
      21
      11
      18
      23
      17
      20
      16
      16
      27
      14
      13
      30
      13
      16
      25
      17
      24
      19
      18
      15
      15
      20
      16
      26
      17
      21
      16
      15
      24
      21
      25
      20
      14
      18
      17
      16
      15
      22
      19
      17
      23
      20
      17
      15
      14
      31
      21
      16
      21
      22
      19
      17
      11
      16
      18
      25
      13
      14
      15
      20
      16
      22
      14
      21
      13
      13
      11
      13
      17
      16
      18
      16
      18
      16
      24
      20
      11
      15
      21
      15
      12
      17
      14
      17
      12
      13
      13
      21
       8
      23
      10
      10
      19
      11
      10
      17
      23
      17
      21
      18
      20
      16
      10
      16
      13
      17
      10
      19
      19
      10
      15
      17
      18
      14
      13
      17
       9
      12
      20
      14
      12
      17
      17
      21
      14
      11
      12
      18
      16
       8
      22
      20
      10
      16
      12
      12
      22
       7
      19
      13
      19
      10
      16
      22
      12
      18
      11
      14
      15
      15
      15
      15
      17
      17
      13
      12
      17
      19
      18
      14
      20
      17
      26
      13
      18
      12
      20
      14
      14
      18
      12
      16
      12
      13
      25
      15
      11
      14
      23
      14
      23
      18
      24
      13
       9
      18
      16
      18
      15
      15
      16
      15
      17
      15
      19
      18
      19
      12
      21
      13
      15
       9
      21
      11
      12
      11
      14
      17
      14
      18
      21
      14
      18
      15
      21
      18
      14
      15
      12
      18
      15
      21
      13
      20
      18
      16
      18
      15
      12
      18
      17
      15
      17
      12
      22
      17
      19
      19
      14
      15
      19
      13
      18
      18
       7
      18
      10
      12
      18
      15
      19
      15
      20
      19
      18
      19
      13
      21
      18
      20
      12
      14
      21
      11
      16
      16
      17
      17
      18
      14
      18
      17
      15
      15
      22
       8
      13
      15
      16
      17
      10
      16
      17
      11
      13
      12
      12
      11
      17
      19
      13
      16
      14
      20
      17
      11
      10
      17
      19
      15
      14
       9
      21
      17
      10
      17
       9
      17
      11
      14
      20
      20
      17
      16
      11
      19
      14
      16
      12
      23
      17
      19
      15
      11
       8
      13
      22
      12
      17
      18
      12
      14
      12
      14
      12
      18
      11
      17
      14
      23
      19
       9
      11
      18
      12
      16
      17
      11
      19
      17
      15
      16
      24
      17
      15
      16
       8
      13
      14
      19
      12
      11
      15
      24
      15
      17
      24
      14
      17
      10
      11
      12
      14
      14
      20
       9
       8
      16
      13
      21
      12
      21
      19
      14
      13
      15
      24
      26
      33
      46
      57
      48
      75
      65
      68
      62
      59
      55
      33
      31
      31
      17
      28
      19
      18
      14
      19
      15
      18
      18
      22
      28
      23
      22
      14
      17
      17
      12
      14
      18
       9
      19
      22
      12
      18
      18
      16
      21
      17
      17
      19
      34
      32
      35
      45
      48
      41
      22
      18
      24
      17
      15
       8
      10
      15
      19
      14
      14
      12
      14
      21
      11
       9
      19
      17
      14
      15
      10
      15
      13
      17
      16
      21
       9
      18
      18
      14
      19
      15
      12
      15
      24
      12
      17
      15
      20
      16
      17
      10
      15
      16
      20
      16
      23
      18
      18
      21
      14
      20
       8
      12
      19
      17
      16
      11
      14
      12
      17
      13
      18
      12
      10
      11
      12
       9
      17
       7
      19
      12
      13
      19
      14
      17
      19
      17
      13
      19
      13
      19
      12
      24
      18
      11
      12
      18
      14
      17
      15
      16
      14
      12
      25
      16
      19
      17
      19
      15
      13
      25
      19
      15
      17
      17
      10
      15
      12
      17
      11
      14
       9
      15
       9
      15
       9
      24
      18
      13
      15
       9
      18
      14
       6
      16
      11
      13
      15
      20
      11
      16
       9
      25
      10
      10
      17
      23
      14
      13
      13
      13
      18
      15
      14
      14
      13
      10
      12
      21
      13
      12
      19
      17
      13
      16
      17
       7
      15
      11
      21
      20
      15
       8
      11
      15
       9
      14
      14
      12
      14
      19
      21
      15
      22
      15
      17
      17
      21
      11
      13
      22
      18
       7
      18
      16
      21
       9
      15
      14
      14
      18
      13
      17
       9
      12
      15
       9
      20
      20
      17
      14
      18
      21
      22
      15
      15
      18
      12
      15
      13
      15
      11
      16
       7
      13
      20
      19
       8
      12
      18
      27
      16
      19
      21
      40
      36
      36
      70
      78
      90
      94
     115
      95
      94
      54
      46
      25
      21
      21
      16
      15
      13
      13
      12
      18
       8
      14
      18
      16
      11
      18
      15
      12
      20
      13
      14
      14
      18
      15
      16
      20
      17
      17
       9
      18
       9
      17
      20
      15
      15
      11
      19
      16
      14
      16
      16
       6
      11
      23
      18
      16
      15
      15
      16
      21
      17
       8
      16
      12
      21
      12
      18
      14
      12
      13
      18
      13
      20
      11
      13
      15
      23
      13
      14
      15
      11
       9
      14
      12
      15
      12
      20
      12
      17
      13
      22
      20
      11
      20
      14
      17
      11
      12
      19
      22
      16
      13
      11
      20
      13
      13
      21
      15
      11
      17
      11
      17
      11
      14
      13
      17
      11
      14
      16
      13
      12
      11
      16
      15
      27
      20
      18
      18
      16
      15
      15
       9
      17
      15
      14
      13
      22
      11
      12
      22
      14
      14
      21
       9
      15
      11
      15
      16
      15
      16
      16
      24
      10
      16
      11
      17
      13
      15
      13
      11
      14
      15
      21
      12
      10
      16
      17
      10
      13
      19
      11
      14
      17
      13
      19
      23
      13
      18
      19
      10
      13
      20
      13
      14
      13
      14
       9
      15
      14
      17
      17
      14
      13
      24
      12
      12
      14
      19
      23
      11
      17
      17
       7
      21
      13
      17
      14
      15
      18
      22
      15
      17
      18
      15
      10
      15
      15
      19
      23
      23
      19
      17
      16
       7
      10
      14
      13
      19
       8
      14
      16
      15
      13
      13
      13
      14
      22
      22
      17
      20
      12
      14
      17
      15
      15
      22
      18
      18
      23
      16
      37
      19
      34
      19
      20
      15
      19
      20
      14
      10
      14
      15
      17
      10
      13
      14
      16
      13
      19
      13
      16
      12
      12
      16
      18
      16
      18
      21
      14
      21
      15
      14
      17
      14
      19
      17
      11
      17
      16
      18
      14
      18
      15
      14
      17
      15
      14
      16
      22
      12
      13
      23
      15
      15
      11
      20
      10
      14
      14
      18
      11
      19
      21
      24
      15
      17
      15
      19
      17
      24
       6
      13
      23
      16
      15
      18
      17
      16
      19
      18
      15
      14
      10
      15
      15
      14
      16
      14
      14
      21
       9
      13
      13
      19
      20
      13
      18
      16
      17
      14
      11
      14
      21
      20
      17
      10
      19
      17
       8
      19
      20
      14
      14
      12
      12
      16
      14
      10
      20
      22
      23
       9
      13
      12
      14
      17
       8
      20
       6
      15
      17
      14
      18
      18
      21
      16
      13
      10
      10
      22
      15
      17
      10
      12
      17
      15
      18
      15
      20
      13
      19
      14
      17
      12
      18
      21
      12
      13
      24
      18
      28
      17
      15
      23
      16
      18
      15
      20
      19
      17
      18
      16
      15
      15
      19
      16
      23
      10
      23
      16
      15
      17
       8
      19
      18
      15
      24
      13
      23
      12
      13
      12
      15
      18
      15
      16
      16
      15
      22
      10
      10
      15
      21
      15
      20
      12
      12
      18
      19
      22
      20
      25
      16
      13
       8
      10
      20
      12
      16
      22
      16
      19
      11
      17
      10
      14
      11
      15
      18
      13
      23
      17
      16
      21
      15
      19
      16
      14
      17
      17
      12
      12
      17
      11
       8
      15
      13
      16
      16
      14
      16
      15
      13
      15
      15
      13
      16
      13
      25
      14
      17
      17
      17
       8
      13
       8
      12
      16
      14
      10
      12
      16
       8
      17
      13
      16
      20
      11
      13
      16
      10
      11
      12
      13
      13
      17
      11
      16
       9
       8
       4
      11
      12
       6
       8
      17
      15
      10
       3
      10
      12
      18
       6
       9
      15
      13
      15
      16
       7
      13
      15
       8
       7
      10
       9
      23
      11
      14
      13
       6
      14
       7
      16
      13
      11
       9
      17
      12
       9
      10
      11
      17
      10
      15
       9
      14
      13
      10
      10
       9
       9
       6
       9
      11
      16
      11
       7
       4
       8
      12
      15
      11
      19
       9
       6
      13
      13
      13
       7
       7
      14
      13
      16
      12
      12
       8
      12
      14
       8
      14
      20
       5
       3
      17
      11
      12
      10
      10
      15
       7
      14
      12
      10
      15
       9
       5
      15
      10
      10
      12
       8
       8
       6
       8
       8
      13
       9
       7
      10
       8
      11
      12
      14
      11
      16
       7
       6
       6
       9
       8
      14
       6
      10
      15
      15
      17
      18
      11
      20
      30
      40
      38
      37
      39
      43
      33
      24
      19
      21
      16
      16
      10
      15
      13
      13
      15
      14
      10
       9
      11
      13
       9
      15
      13
      13
      13
       9
       6
      17
       6
      15
      10
      10
       7
       9
       7
       6
       9
      11
      10
       5
       5
      10
      10
      11
      10
      15
       7
      10
       9
       4
       7
       5
       3
      12
      11
      12
       6
       5
      12
       8
       6
       9
      10
       8
       7
       8
       8
       9
      14
       7
       6
      13
       8
       8
      10
      15
       7
       6
       7
       7
       7
      10
       4
      14
       8
      14
       8
      11
       9
       7
      10
      10
      13
       4
       6
       6
       6
       7
      12
      10
      11
       7
       9
      14
       4
       9
      13
       7
      11
       7
       9
       8
       9
      10
       5
       6
      11
      13
       5
      10
       5
       7
       7
      13
       7
       3
       7
      17
      10
       8
       5
      10
      10
       8
       9
      10
      13
       8
       8
       3
      12
       6
      11
       9
       5
       6
       9
       7
       9
       9
      11
       4
       8
       9
       9
       8
       7
      13
       2
       7
       7
       6
       7
      10
       8
       9
       5
       6
       8
       4
       5
      10
       3
       6
       4
       7
       7
       8
       6
       9
       8
       5
      12
       8
       7
       6
       6
       6
       9
       4
       7
       6
      10
       4
       4
       7
       7
       3
       7
       4
       6
       6
       5
       4
       3
       3
       9
       4
       4
      10
       7
       4
       5
       7
       5
       8
       6
       5
       7
       6
       5
       6
       4
       6
       6
       7
       7
       3
       8
       3
       6
       8
       5
       4
       6
       7
       9
       1
       5
      12
       6
       6
       1
       9
       9
       5
       4
       5
      11
      10
       7
       6
       4
       4
       1
       4
       5
       2
       8
      11
       4
      10
      11
       5
      11
       7
       6
       3
       6
       5
       2
       3
       8
       5
       7
       9
       5
       4
       5
       5
       5
       6
       3
       5
       3
       4
       6
       9
       9
       7
       5
       7
       3
       4
       6
       2
      11
       6
       6
       4
       7
       8
       9
       3
       7
       7
       5
       5
      11
       8
       4
      10
       4
       5
       1
       5
       7
      10
       5
       9
       8
       6
      13
       2
       8
      11
      11
       4
       4
       4
       6
       9
       8
       5
       4
      10
       8
       3
       7
       7
       7
       8
       7
       8
       9
       7
       8
       9
       8
       9
       8
       7
       7
       6
       5
       4
       5
       5
       4
       4
       4
       8
       7
       5
       4
       5
      10
       5
       5
       1
       3
       3
       5
       5
       7
       4
       5
       4
      11
       3
       6
       8
       5
       4
       4
       2
       5
       7
       6
      10
       1
       1
       9
       9
       6
       5
       9
       7
       5
      12
      13
       9
       6
       7
       8
       4
       7
      10
       6
       7
       5
       5
       6
       2
       9
       9
       7
       7
       9
       6
       3
      10
       6
       2
       8
      13
       9
       5
       7
       4
      10
       3
       5
       8
       4
       8
       3
       6
       5
       9
       8
       5
       4
       8
      15
      11
      10
      15
      22
      36
      36
      63
      80
     112
     192
     264
     358
     481
     509
     540
     488
     414
     326
     233
     133
      89
      45
      24
       9
       7
       2
       3
       5
       2
       7
       8
       4
       2
       6
      12
       7
       3
       5
       0
       4
       1
       5
       3
       3
       8
       7
       4
       9
       3
       1
       4
       4
       3
       2
       1
       6
       6
       3
       5
       3
       5
       1
       7
       4
       6
       3
       5
       1
       4
       5
       6
       8
       6
       2
       9
       2
       1
       3
       9
       6
       6
       5
       2
       6
       5
       6
       6
       6
       5
       6
       1
       0
       7
       3
       5
       4
       4
       4
       8
       4
       3
       5
       6
       3
       0
       5
       3
       0
       3
       1
       0
       4
       4
       1
       4
       6
       2
       3
       0
      12
       3
       2
       3
       7
       8
       3
       3
       3
       6
       6
       2
       1
       1
       3
       5
       2
       5
       1
       1
       4
       4
       7
       4
       2
       4
       2
       3
       0
       6
       6
       2
       4
       5
       9
       6
       9
       4
       6
       1
       4
       5
       5
       6
       5
       6
       2
       6
       0
       1
       3
       3
       6
       0
       0
       4
       1
       8
       4
       5
       5
       6
       3
       3
       4
       2
       1
       4
       6
       3
       4
       4
       1
       4
       5
       3
       1
       5
       6
       1
       5
       4
       2
       3
       6
       2
       5
       4
       4
       3
       5
       8
       6
       6
       4
       5
       2
       4
       3
       6
       5
       3
       4
       2
       4
       6
       1
       8
       5
       6
       3
       1
       4
       3
       4
       4
       6
       6
       3
       3
       5
       5
       6
       4
       2
       1
       4
       4
       3
       3
       4
       1
       9
       1
       4
       6
       5
       3
       4
       3
       5
       6
       2
       4
       1
       4
       4
       5
       8
       1
       5
       4
       0
       5
       4
       2
       7
      10
       4
       2
       1
       7
       3
       5
       1
       1
       0
       7
       3
       2
       4
       1
       3
       4
       4
       8
       9
       2
       2
       3
       2
       2
       4
       2
       1
       6
       4
       5
       1
       3
       6
       3
       4
       6
       1
      11
       1
       2
       6
       9
       4
       4
       8
       3
       3
       4
       3
       4
       7
       2
       4
       3
       4
       2
       4
       8
       2
       4
       5
       1
       3
       4
       4
       6
       4
       4
       2
       6
       4
       6
       0
       3
       2
       4
       5
       6
       3
       2
       2
       3
       6
       7
       3
       5
       5
       4
       5
       3
       1
       2
       5
       3
       5
       6
       4
       0
       3
       3
       2
       5
       1
       4
       7
       3
       4
       4
       6
       4
       4
       5
       2
       4
       7
      10
       4
       2
       3
       3
       1
       2
       2
       7
       2
       5
       3
       3
       5
       3
       3
       6
       4
       3
       5
       7
       5
       4
       2
       6
       4
       2
       4
       3
       3
       5
       5
       3
       5
       3
       3
       3
       3
       5
       4
       3
       4
       6
       5
       5
       3
       4
       4
       2
       4
       3
       3
       5
       4
       6
       0
       3
       1
       7
       3
       8
       2
       5
       1
       4
       3
       2
       7
       2
       3
       3
       4
       9
       6
       2
       3
       7
       4
       8
       6
       6
       2
       8
       1
       4
       2
       4
       4
       3
       2
       5
       3
       2
       3
       0
       4
       6
       3
       3
       5
       5
       2
       3
       4
       1
       4
       5
       3
       6
       5
       5
       6
       2
       2
       4
       2
       3
       4
       4
       4
       1
       2
       5
       3
       4
       2
       5
       5
       4
       3
       4
       3
       3
       7
       4
       3
       2
       3
       2
       5
       6
       2
       3
       4
       3
       4
       5
       4
       6
       3
       2
       2
       4
       3
       3
       7
       7
       3
       3
       0
       2
       5
       4
       5
       5
       3
       5
       2
       3
       4
       4
       5
       3
       6
       8
       8
       2
       4
       2
       4
       2
       2
       2
       5
       7
       3
       3
       4
       3
       3
       1
       8
       3
       4
       2
       5
       3
       6
       3
       1
       4
       2
       7
       2
       2
       4
       3
       6
       3
       2
       5
       4
       3
       5
       5
       2
       2
       3
       5
       3
       3
       1
       3
       2
       5
       3
       2
       2
       7
       4
       3
       3
       7
       4
       2
       6
       4
       3
       1
       2
       2
       3
       1
       1
       4
       5
       3
       5
       7
       2
       0
       4
       4
       4
       4
       4
       3
       2
       4
       3
       1
       1
       5
       4
       4
       5
       9
       2
       4
       6
       5
       3
       5
       1
       5
       3
       4
       2
       2
       5
       5
       2
       2
       7
       1
       4
       1
       4
       7
       6
       4
       2
       3
       6
       4
       2
       3
      10
       4
       2
       3
       3
       2
       6
       4
       7
       2
       4
       3
       2
       2
       4
       2
       3
       5
       7
       3
       5
       5
      10
       3
       5
       2
       3
       2
       3
       5
       2
       3
       3
       3
       0
       2
       3
       5
      10
       2
       5
       2
       4
       2
       3
       1
       2
       2
       2
       3
       5
       3
       4
       3
       2
       5
       5
       2
       3
       1
       1
       5
       4
       5
       4
       6
       2
       9
       2
       4
       3
       5
       7
       3
       3
       6
       0
       7
       2
       1
       4
       0
       6
       3
       5
       5
       2
       4
       2
       4
       4
       3
       3
       3
       5
       5
       3
       3
       2
       6
       5
       6
       2
       6
       3
       5
       2
       3
       6
       2
       2
       2
       5
       4
       4
       3
       2
       5
       4
       4
       4
       4
       4
       2
       3
       1
       3
       8
       2
       7
       5
       5
       2
       3
       2
       4
       2
       2
       1
       4
       1
       3
       3
       5
       4
       2
       2
       4
       6
       8
       4
       4
       4
       1
       2
       2
       2
       3
       4
       4
       7
       2
       3
       3
       7
       7
       6
       5
       3
       5
       0
       4
     422
     829
     847
     829
     853
     898
     847
     842
     807
     807
     793
     802
     815
     821
     849
     818
     838
     815
     828
     804
     839
     821
     834
     805
     837
     851
     852
     877
     844
     801
     841
     833
     831
     826
     868
     784
     815
     809
     836
     828
     836
     819
     830
     839
     812
     865
     842
     816
     844
     854
     865
     808
     807
     847
     887
     900
     885
     891
     932
    3264
   10015
   22125
   26290
   14277
    6721
    3140
    1417
    1077
     938
     881
     735
     667
     608
     558
     465
     442
     412
     433
     393
     372
     309
     325
     318
     281
     261
     283
     254
     251
     257
     213
     215
     185
     183
     160
     169
     176
     151
      81
      46
      48
      36
      47
      45
      54
      48
      35
      57
      47
      42
      37
      44
      39
      45
      52
      44
      51
      46
      41
      43
      57
      43
      53
      36
      47
      33
      33
      37
      38
      46
      39
      45
      48
      42
      55
      63
      48
      46
      53
      40
      55
      41
      58
      58
      70
      65
      57
      81
      55
      82
      83
      94
     193
     356
     471
      57
      10
       3
       3
       1
       0
       0
       0
       0
       0
       0
       0
       0
       0
       0
       0
       0
       0
       0
       0
       0
       0
       0
       0
       0
       0
       0
       0
       0
       0
       0
$ROI:
0
$PRESETS:
None
0
0
$ENER_FIT:
16.649799 0.362015
$MCA_CAL:
3
1.664980E+001 3.620150E-001 2.667330E-007 keV
$SHAPE_CAL:
3
2.137440E+000 1.170910E-003 -6.987340E-008
