$SPEC_ID:
Background_Lab7
$SPEC_REM:
DET# 1
DETDESC# Rayleigh
AP# Maestro-PRO Version 9, 0, 2, 0
$DATE_MEA:
11/19/2025 21:51:30
$MEAS_TIM:
152205.58 152348.42
$DATA:
0 8191
       0
       0
       0
       0
       0
       0
       0
       0
       0
       0
       0
       0
       0
       0
       0
       0
       0
       0
       0
       0
       0
       0
       0
       0
       0
       0
      11
      76
     186
     646
     986
     926
     858
     906
     950
     909
     878
     887
     864
     856
     857
     932
     887
     850
     826
     819
     858
     856
     850
     808
     811
     842
     842
     830
     844
     824
     788
     820
     764
     808
     853
     792
     810
     828
     797
     806
     801
     748
     802
     806
     759
     851
     771
     759
     820
     791
     781
     785
     814
     771
     749
     807
     836
     863
     876
     794
     753
     752
     774
     763
     787
     778
     811
     735
     817
     758
     780
     811
     774
     792
     731
     787
     804
     826
     824
     756
     764
     761
     826
     801
     849
     787
     809
     798
     805
     804
     793
     824
     830
     783
     837
     856
     885
     903
     902
     958
     868
     907
     922
     981
    1151
    1182
     986
     927
     872
     879
     937
     950
     856
     936
     897
     894
     980
     955
     991
     984
    1034
     995
     995
    1032
    1030
    1029
    1010
    1004
    1125
    1153
    1268
    1414
    1294
    1237
    1371
    2005
    2784
    2866
    1769
    1297
    1298
    1974
    3274
    3704
    2255
    1206
     944
     861
     935
    1027
     986
     932
     950
    1023
    1024
    1011
     926
     920
     886
     999
    1083
    1232
    1437
    1395
    1358
    1166
    1031
    1013
    1186
    1528
    1996
    2016
    1542
    1122
     896
    1006
    1141
    1473
    1701
    1535
    1173
     967
     984
    1091
    1437
    2075
    2089
    1983
    1682
    1215
    1013
     996
     939
     904
     866
     856
     786
     805
     837
     922
     874
     950
     928
     980
    1027
    1069
     912
     941
     868
     821
     882
     835
     888
     851
     840
     940
     835
     930
     920
     980
    1027
    1070
    1112
     946
     879
     941
     863
     892
     961
     959
     940
     962
     951
     915
     962
     893
     885
     921
     890
     928
     938
     895
     953
     998
     859
     890
     912
     988
    1035
     941
     871
     924
     893
     840
     912
     882
     919
     861
     867
     911
     898
     945
     940
     933
     915
     866
     891
     904
     899
     890
     999
     890
     977
     906
     933
     986
     928
     952
     981
     965
     983
     971
     981
    1022
    1083
    1268
    1566
    1375
    1078
     988
     944
     921
    1017
    1032
    1005
     959
     951
     918
     985
     947
     942
     912
     952
     984
    1002
     907
     943
     967
     964
     962
    1000
     974
     940
     951
     902
     944
    1017
     958
    1045
     990
     997
     928
     929
     908
     965
     990
    1091
    1138
    1113
    1009
     971
     938
     963
     912
     964
     884
     915
     938
     956
     895
     970
     899
     966
     926
     984
     976
     932
     998
     928
     972
     919
     907
     899
     982
    1068
    1174
    1128
    1011
     881
     894
     918
     923
     953
     947
     892
     911
     885
     940
     935
     944
     845
     959
     922
     903
     910
     850
     854
     849
     926
     930
     934
     958
     944
     872
     884
     875
     846
     850
     890
     887
     900
     829
     844
     884
     865
     868
     859
     856
     822
     872
     844
     909
     839
     817
     878
     875
     890
     918
     842
     881
     883
     812
     873
     850
     850
     852
     855
     844
     911
     840
     790
     837
     868
     864
     889
     875
     833
     854
     835
     822
     792
     853
     816
     907
     822
     796
     819
     848
     881
     892
     987
    1180
    1731
    2280
    2246
    1730
    1123
     901
     804
     801
     804
     895
     841
     818
     803
     768
     804
     878
     809
     808
     805
     791
     793
     821
     778
     827
     808
     803
     824
     834
     822
     792
     771
     832
     850
     857
     764
     851
     856
     810
     842
     865
     780
     821
     814
     797
     813
     801
     766
     818
     761
     876
     790
     847
     802
     843
     859
     817
     808
     789
     789
     757
     780
     753
     810
     867
    1050
    1405
    1592
    1363
     983
     804
     763
     769
     779
     755
     755
     793
     757
     745
     774
     762
     741
     756
     739
     774
     817
     795
     766
     697
     753
     755
     717
     769
     749
     708
     729
     709
     676
     713
     753
     734
     785
     756
     712
     733
     749
     728
     757
     745
     735
     736
     708
     808
     757
     737
     790
     719
     748
     768
     711
     736
     767
     723
     716
     718
     719
     774
     694
     728
     679
     728
     755
     764
     736
     771
     750
     742
     701
     804
     775
     821
     785
     821
     795
     901
    1548
    3361
    7279
   10508
    8344
    3575
    1162
     807
    1080
    1502
    1858
    1864
    1853
    1746
    1099
     740
     605
     600
     578
     587
     577
     603
     623
     620
     587
     597
     595
     598
     632
     578
     577
     631
     581
     586
     593
     571
     590
     574
     568
     561
     612
     642
     603
     640
     571
     586
     523
     628
     584
     610
     588
     666
     619
     573
     613
     584
     666
     651
     649
     640
     622
     576
     578
     576
     567
     554
     576
     574
     543
     593
     532
     532
     576
     544
     521
     557
     516
     519
     566
     535
     512
     498
     536
     565
     533
     563
     615
     650
     788
     975
    1169
    1163
     873
     760
     653
     603
     546
     522
     543
     547
     547
     493
     537
     559
     603
     566
     524
     554
     607
     770
     886
     798
     670
     602
     563
     572
     509
     513
     517
     471
     507
     558
     529
     547
     539
     498
     476
     508
     544
     510
     516
     508
     562
     494
     543
     541
     498
     469
     480
     561
     559
     542
     501
     505
     472
     473
     507
     512
     459
     493
     513
     501
     483
     507
     579
     494
     662
    1050
    2014
    3122
    2967
    1808
     819
     503
     497
     495
     480
     445
     466
     506
     547
     745
     947
    1039
     900
     607
     496
     479
     460
     481
     483
     451
     438
     455
     450
     452
     465
     464
     437
     424
     461
     486
     425
     421
     449
     430
     461
     438
     439
     418
     438
     449
     475
     444
     441
     451
     443
     474
     466
     484
     466
     440
     469
     441
     482
     440
     475
     436
     434
     437
     442
     378
     419
     412
     472
     432
     429
     404
     428
     460
     466
     456
     485
     473
     427
     404
     477
     430
     421
     459
     497
     423
     462
     435
     430
     452
     475
     565
     616
     755
     981
     841
     598
     471
     439
     456
     448
     430
     443
     474
     491
     486
     475
     472
     430
     446
     436
     450
     404
     469
     418
     421
     398
     427
     450
     517
     840
    1453
    2218
    2221
    1425
     757
     447
     401
     404
     467
     458
     397
     415
     462
     419
     401
     413
     422
     407
     376
     388
     412
     422
     411
     394
     400
     425
     399
     410
     394
     444
     403
     439
     406
     401
     438
     546
     961
    1886
    3887
    5112
    4087
    1974
     744
     399
     393
     406
     374
     387
     367
     392
     376
     373
     389
     415
     397
     387
     379
     378
     333
     372
     345
     355
     382
     385
     358
     345
     343
     381
     359
     391
     353
     375
     343
     349
     411
     365
     357
     370
     311
     364
     347
     397
     366
     351
     372
     382
     364
     347
     363
     382
     388
     368
     379
     352
     361
     390
     368
     362
     360
     352
     315
     328
     358
     347
     344
     354
     373
     353
     346
     329
     332
     330
     379
     356
     379
     385
     365
     326
     358
     386
     331
     343
     363
     348
     324
     378
     326
     334
     347
     379
     353
     355
     367
     368
     341
     422
     397
     381
     376
     358
     400
     378
     405
     371
     363
     354
     377
     338
     355
     351
     324
     364
     313
     380
     335
     346
     360
     345
     354
     367
     362
     322
     328
     352
     354
     362
     329
     351
     322
     345
     369
     341
     324
     350
     337
     330
     381
     383
     357
     367
     358
     342
     339
     372
     350
     370
     373
     366
     362
     335
     338
     338
     332
     353
     352
     349
     445
     555
     589
     561
     434
     329
     330
     319
     309
     307
     317
     329
     311
     317
     312
     324
     318
     329
     316
     317
     310
     296
     328
     319
     344
     312
     319
     321
     306
     331
     307
     323
     299
     299
     287
     274
     310
     313
     321
     312
     337
     324
     318
     300
     332
     287
     308
     293
     345
     294
     335
     311
     326
     316
     313
     339
     318
     285
     322
     301
     283
     292
     300
     302
     290
     300
     278
     303
     290
     317
     306
     282
     270
     302
     274
     281
     276
     290
     274
     278
     287
     288
     329
     314
     337
     303
     278
     329
     329
     323
     305
     305
     280
     294
     319
     280
     288
     302
     296
     297
     282
     323
     278
     264
     274
     249
     289
     264
     298
     307
     318
     303
     271
     281
     275
     267
     283
     291
     279
     295
     317
     310
     352
     320
     311
     307
     336
     287
     315
     300
     294
     289
     291
     266
     291
     265
     283
     282
     254
     284
     245
     308
     257
     264
     292
     279
     293
     399
     494
     697
     813
     692
     438
     317
     244
     272
     266
     319
     269
     279
     311
     298
     264
     292
     287
     274
     253
     265
     259
     278
     278
     247
     282
     285
     254
     279
     248
     292
     264
     251
     263
     271
     265
     279
     240
     261
     249
     259
     278
     281
     303
     263
     277
     302
     277
     263
     257
     299
     281
     296
     287
     302
     278
     281
     251
     253
     272
     273
     252
     261
     274
     244
     233
     288
     284
     292
     311
     267
     265
     259
     272
     268
     259
     286
     244
     219
     275
     260
     247
     243
     247
     278
     249
     257
     275
     260
     253
     253
     259
     233
     247
     250
     268
     249
     253
     266
     269
     253
     238
     261
     278
     248
     240
     261
     234
     271
     249
     248
     241
     232
     252
     260
     276
     285
     268
     257
     263
     253
     230
     253
     253
     253
     271
     279
     320
     331
     433
     539
     655
     800
    1299
    1619
    1788
    1626
    1122
     918
     684
     533
     439
     347
     299
     282
     269
     250
     275
     265
     267
     234
     246
     253
     242
     248
     243
     217
     257
     235
     247
     244
     268
     250
     212
     238
     234
     237
     252
     264
     270
     208
     237
     211
     258
     212
     238
     219
     210
     233
     269
     245
     192
     219
     206
     246
     228
     209
     221
     249
     216
     209
     225
     245
     234
     200
     235
     235
     219
     296
     268
     263
     224
     240
     219
     240
     220
     256
     223
     251
     230
     239
     219
     229
     260
     249
     255
     219
     237
     247
     231
     237
     237
     270
     219
     227
     221
     275
     232
     198
     234
     211
     260
     230
     248
     272
     268
     230
     227
     217
     214
     269
     230
     238
     243
     253
     212
     253
     229
     198
     258
     209
     210
     213
     194
     220
     234
     212
     188
     245
     212
     227
     236
     236
     231
     214
     195
     216
     245
     208
     203
     220
     225
     228
     179
     239
     228
     271
     309
     303
     298
     269
     228
     218
     216
     232
     260
     229
     246
     215
     200
     202
     235
     225
     237
     221
     242
     206
     244
     227
     221
     245
     222
     216
     214
     239
     236
     256
     221
     227
     207
     213
     228
     225
     187
     231
     205
     236
     210
     222
     202
     231
     218
     234
     233
     231
     215
     235
     259
     252
     256
     292
     417
     814
    1694
    2705
    3129
    2609
    1433
     623
     315
     236
     224
     220
     216
     212
     221
     220
     228
     216
     207
     228
     186
     200
     197
     217
     211
     229
     228
     209
     193
     201
     199
     197
     205
     229
     206
     192
     185
     203
     211
     215
     230
     211
     208
     211
     199
     227
     192
     204
     210
     218
     230
     204
     205
     202
     238
     217
     211
     207
     201
     222
     216
     206
     228
     209
     209
     211
     240
     226
     218
     204
     212
     286
     421
     857
    1750
    2923
    3663
    3279
    1960
     876
     367
     208
     201
     189
     201
     174
     197
     203
     201
     176
     195
     205
     197
     219
     211
     239
     210
     193
     241
     225
     172
     205
     176
     194
     210
     183
     213
     203
     191
     163
     176
     193
     180
     170
     180
     185
     183
     205
     203
     184
     199
     193
     177
     197
     211
     186
     174
     187
     176
     179
     192
     215
     193
     183
     192
     178
     195
     184
     193
     188
     217
     185
     219
     222
     205
     210
     195
     186
     206
     187
     180
     173
     177
     185
     182
     198
     185
     191
     213
     220
     190
     199
     218
     196
     190
     179
     170
     185
     186
     195
     197
     191
     166
     196
     190
     196
     173
     184
     188
     165
     220
     178
     166
     166
     203
     182
     204
     197
     194
     212
     221
     180
     220
     169
     206
     190
     188
     186
     177
     180
     190
     190
     190
     172
     173
     166
     182
     193
     194
     205
     185
     183
     218
     189
     181
     191
     195
     212
     240
     285
     339
     344
     345
     246
     222
     189
     190
     194
     172
     229
     252
     260
     297
     240
     206
     216
     221
     209
     167
     194
     170
     212
     188
     192
     173
     173
     168
     185
     209
     179
     186
     177
     172
     184
     184
     200
     187
     166
     207
     206
     195
     204
     202
     171
     185
     178
     192
     189
     200
     199
     163
     203
     201
     181
     196
     185
     173
     177
     200
     184
     170
     173
     202
     175
     191
     175
     222
     209
     189
     177
     179
     155
     185
     181
     168
     220
     196
     188
     171
     202
     206
     196
     190
     172
     182
     200
     201
     183
     186
     189
     176
     179
     186
     189
     188
     186
     188
     182
     171
     175
     182
     191
     191
     184
     193
     176
     192
     194
     186
     173
     195
     180
     209
     178
     230
     220
     199
     217
     198
     192
     194
     179
     185
     180
     190
     189
     208
     199
     187
     195
     200
     178
     182
     159
     187
     183
     189
     208
     202
     168
     175
     190
     208
     178
     177
     197
     168
     196
     162
     192
     180
     181
     181
     170
     150
     166
     188
     177
     170
     180
     198
     198
     197
     196
     165
     189
     166
     182
     175
     193
     183
     177
     187
     217
     189
     167
     168
     204
     210
     296
     466
     619
     770
     708
     540
     363
     185
     174
     167
     144
     160
     173
     167
     166
     162
     183
     146
     176
     174
     152
     176
     162
     145
     148
     166
     180
     175
     181
     163
     151
     158
     145
     182
     156
     175
     158
     153
     161
     151
     164
     163
     200
     187
     165
     177
     181
     175
     151
     172
     171
     163
     150
     152
     150
     169
     166
     163
     169
     155
     165
     180
     145
     171
     170
     165
     152
     181
     192
     166
     151
     179
     155
     152
     155
     153
     184
     158
     170
     223
     227
     252
     204
     190
     192
     170
     182
     157
     165
     158
     153
     173
     175
     169
     170
     158
     157
     148
     166
     152
     192
     197
     225
     188
     220
     169
     157
     159
     173
     183
     190
     210
     210
     242
     255
     320
     421
     476
     411
     288
     224
     168
     148
     169
     184
     181
     240
     261
     260
     243
     190
     164
     155
     150
     153
     152
     147
     161
     148
     148
     130
     175
     161
     141
     155
     168
     157
     136
     158
     154
     144
     154
     160
     153
     163
     193
     210
     156
     140
     160
     166
     146
     214
     296
     306
     272
     270
     230
     182
     156
     156
     128
     157
     147
     165
     146
     155
     151
     162
     139
     130
     136
     134
     151
     149
     175
     179
     204
     309
     416
     493
     429
     328
     226
     163
     162
     148
     125
     164
     132
     158
     130
     155
     133
     135
     125
     163
     147
     122
     132
     151
     159
     147
     155
     143
     137
     138
     147
     149
     175
     172
     209
     221
     194
     173
     155
     143
     124
     130
     126
     136
     137
     147
     142
     139
     136
     138
     154
     138
     142
     155
     140
     135
     133
     145
     154
     132
     141
     149
     134
     138
     159
     145
     147
     131
     147
     140
     139
     121
     136
     139
     143
     142
     153
     149
     137
     130
     150
     131
     146
     131
     144
     148
     123
     154
     152
     144
     134
     144
     143
     120
     139
     132
     139
     150
     148
     155
     164
     184
     203
     160
     149
     157
     134
     142
     127
     132
     145
     141
     157
     183
     206
     282
     267
     266
     202
     220
     133
     133
     163
     166
     142
     202
     191
     213
     212
     205
     184
     157
     146
     132
     113
     129
     125
     134
     123
     120
     136
     117
     125
     150
     143
     135
     130
     126
     141
     149
     135
     120
     109
     141
     122
     131
     144
     118
     129
     142
     127
     134
     131
     115
     117
     134
     139
     119
     149
     136
     130
     144
     133
     141
     120
     105
     130
     125
     139
     134
     159
     181
     269
     404
     444
     470
     373
     294
     200
     135
     126
     127
     131
     140
     118
     121
     145
     126
     135
     126
     129
     136
     113
     132
     153
     141
     120
     132
     114
     139
     116
     144
     119
     136
     126
     118
     129
     156
     140
     118
     115
     147
     141
     142
     132
     140
     141
     125
     145
     127
     139
     163
     129
     124
     119
     114
     123
     121
     141
     127
     132
     121
     128
     115
     136
     142
     125
     138
     137
     108
     131
     138
     142
     126
     126
      98
     139
     146
     129
     120
     115
     136
     106
     142
     131
     124
     140
     136
     141
     143
     145
     135
     138
     160
     146
     172
     172
     130
     148
     154
     126
     149
     138
     134
     144
     119
     148
     122
     134
     131
     137
     132
     124
     126
     123
     130
     123
     111
     114
     134
     127
     131
     141
     165
     175
     172
     195
     181
     162
     113
     112
     146
     124
     120
     146
     123
     131
     116
     146
     163
     255
     458
     918
    1504
    1934
    2036
    1533
     969
     429
     210
     146
     118
     141
     114
     125
     111
     147
     132
     116
     116
     112
     110
     120
     120
     106
     122
     127
     157
     133
     159
     109
     124
     116
     122
     128
     126
     118
     129
     121
     114
     127
     119
     141
     104
     122
     100
     110
     118
     131
     120
     116
     103
     133
     119
     122
     105
     117
     117
     122
     118
     123
     137
     128
     132
     139
     198
     201
     286
     309
     257
     206
     157
     127
     118
     145
     118
     125
     109
     120
     115
     116
     124
     113
     106
     113
      91
     106
     125
     125
     133
     136
     113
     123
     121
     126
     134
     127
     114
     119
     112
     126
     134
     131
     131
     134
     141
     133
     145
     160
     140
     143
     118
     145
     175
     138
     130
     135
     131
     132
     104
     120
     116
     119
     115
     110
     120
     112
     116
     126
     125
     117
     120
     127
     120
     136
     132
     143
     142
     124
     129
     119
     110
      93
     123
     123
     104
     138
     144
     149
     208
     255
     410
     458
     489
     403
     283
     202
     150
     150
     167
     249
     424
     728
    1074
    1208
    1147
     829
     503
     243
     156
     108
      94
     108
     110
     105
     111
     120
     125
      96
     122
     127
     124
     109
     103
     113
     122
     115
     103
     138
     126
     117
     111
     116
     126
     113
     109
     127
     123
     118
     107
     123
     133
     119
     120
     113
     134
     129
     121
     106
     114
      99
      97
      92
     131
     108
     141
     131
     124
     107
     124
     104
     130
     105
     103
      95
      99
      88
     107
     112
     119
     111
     110
     102
     106
      93
     106
     109
     108
     101
     112
     119
     124
      97
     117
      97
     112
     117
     130
     119
     135
     130
     169
     193
     167
     197
     125
     123
     116
     117
     125
     106
     108
     107
     135
     130
     105
     100
     103
     111
      94
     114
     113
     105
      91
     133
     110
     119
     108
      92
     110
     128
     127
     132
     105
     106
     125
     115
      97
     125
     118
     116
     112
     127
     119
     101
     119
     108
     104
     117
     114
     138
     113
     135
     111
     131
     139
     113
     114
     123
     101
     128
     120
     107
      92
     105
     115
     106
     104
     114
     129
      99
     131
     116
     101
     110
      97
     119
     116
     126
      97
     118
     100
     110
      82
     121
     101
     114
      81
     114
     105
     122
     128
     125
     120
     112
     111
     105
     111
      92
      91
     116
     115
     108
     125
     128
     114
     114
     117
     116
     107
     104
     133
     110
     111
     104
     117
     118
     139
     111
     122
     107
     114
     130
     112
     111
     112
     114
     116
     123
     110
     129
      98
     113
     116
     114
      86
     110
     114
     109
     105
     105
     110
     126
     124
     138
     107
     142
     120
     123
     107
     112
     112
     110
     113
     110
     102
     107
     101
     115
     111
     114
     117
      99
     108
     104
      97
     110
     118
     101
     115
     109
     116
     117
     107
     125
     137
     119
     120
     112
     136
     126
     139
     128
     116
     125
     106
      89
     120
      94
     124
     135
      98
     136
     118
     121
     126
      88
     100
     117
     110
     108
     114
     117
     104
     129
      94
     118
      90
     108
     109
     104
     119
     110
     120
     118
     130
     139
     134
     142
     134
     124
     120
     116
     106
     106
      93
     101
     121
     123
      91
     110
     114
     101
      95
     118
     118
     136
     100
     102
      99
     120
     123
     107
     112
     115
     103
     102
     103
     115
     110
      99
     109
     132
     119
     122
     111
     117
     128
     136
     124
     149
     128
     124
     135
     119
     112
     125
     122
     113
     111
     110
     114
      95
     127
     111
      92
     101
     119
     106
     110
      90
     115
     115
     105
     122
     126
     120
     119
     111
     132
     113
     108
     109
     110
     104
     120
     108
     110
     105
     125
      97
     118
     120
     111
     136
     139
     133
     131
     145
     121
     114
     134
     116
     101
     113
     101
     110
     116
     102
     119
     113
     119
     125
     116
     125
     120
     127
     150
     200
     285
     467
     661
     864
     856
     725
     495
     287
     187
     126
     103
     109
     122
     123
     104
     128
     100
     121
     107
     125
      89
     113
      99
     123
     106
     117
     123
     113
     119
     108
     112
     111
     130
     100
     143
     118
     146
     123
     119
     118
     126
     126
     122
     130
     101
     120
     139
     107
     120
     128
     106
     124
     109
     128
     105
     120
     111
     113
     112
     137
     103
     116
     111
     129
     105
     128
     129
     114
     128
     105
     122
     112
     126
     115
     110
     121
     116
     114
     115
     127
     128
     113
     123
     140
     148
     131
     123
     119
     113
     119
     109
     124
     128
     130
     114
     143
     131
     152
     175
     193
     238
     205
     159
     157
     119
     127
     107
     110
     122
     111
     111
     133
     105
     109
     116
     131
     139
     117
     130
     121
     116
     134
     144
     122
     122
     135
     126
     118
     114
     107
     132
     110
     136
     134
     119
     110
     129
     118
     125
     118
     115
     138
     117
     129
     111
     133
     114
     126
     119
     141
     121
     110
     102
     115
     119
     137
     140
     128
     130
     128
     119
     134
     124
     114
     111
     101
     107
     123
     121
     112
     133
     150
     146
     114
     127
     147
     139
     131
     133
     127
     114
     117
     120
     133
     117
     135
     137
     117
     112
     122
     125
     132
     119
     116
     128
     120
     141
     128
     149
     140
     144
     106
     116
     118
     120
     136
     118
     128
     128
     135
     128
     130
     122
     115
     125
     108
     134
     108
     128
     120
     144
     117
     126
     111
     126
     116
     112
     119
     130
     132
     117
     117
     143
     116
     135
     133
     120
     130
     135
     129
     134
     143
     115
     141
     142
     150
     138
     155
     139
     154
     151
     145
     122
     117
     124
     127
     142
     112
     130
     120
     109
     125
     122
     124
     122
     139
     162
     139
     134
     143
     122
     144
     127
     152
     120
     125
     128
     146
     127
     135
     136
     139
     115
     122
     139
     126
     132
     129
     144
     141
     124
     134
     127
     137
     137
     132
     111
     131
     120
     135
     114
     144
     139
     138
     148
     139
     136
     133
     130
     119
     150
     120
     132
     132
     119
     113
     120
     139
     120
     126
     121
     136
     161
     144
     169
     196
     230
     319
     360
     400
     395
     349
     247
     186
     148
     116
     124
     153
     128
     123
     123
     121
     108
     144
     102
     112
     127
     110
     118
     124
     113
     112
     118
     124
     145
     131
     134
      96
      92
      87
     102
     112
     122
      98
      86
     117
      95
     109
     138
     103
      95
     102
     104
     119
     126
     105
      97
      94
     101
     110
     103
      95
     115
      88
     120
      88
      96
     103
     112
      94
     120
     100
      88
      88
      97
      95
      75
      72
     107
      89
      79
     107
     106
      79
      87
      87
      80
      89
      89
      82
     100
     113
      97
     112
     102
      81
      91
     100
      86
     105
      84
      82
     118
      94
     109
      95
      84
      88
      86
      92
     102
      90
      94
      92
     100
      94
      90
      94
      93
      85
      87
      83
      81
      86
     101
     124
     148
     154
     149
     156
     131
     100
     117
      88
      83
     104
      93
      91
      99
      96
     102
      98
     105
      83
      88
      93
      92
      99
     100
      90
      98
      89
      92
      71
      86
      84
      99
      72
      94
      91
      89
     102
      69
      87
      68
      88
      81
      85
      75
      74
      77
      75
      99
      80
      81
      86
      82
      88
      82
      81
      82
      93
      83
      74
      84
      87
      80
      75
      69
      91
      92
      87
      84
      76
      94
      88
      70
      73
      76
      89
      66
      87
      82
      88
      81
      73
      64
      68
      72
      74
      89
      79
      85
      66
      72
      75
      68
      92
      88
      85
      84
      69
      68
      65
      53
      71
      88
      91
      78
      79
      79
      73
      90
      66
      69
      72
      73
      72
      60
      81
      67
      77
      76
      68
      77
      63
      68
      58
      77
      73
      78
      64
      80
      81
      70
      73
      65
      61
      69
      71
      74
      79
      65
      62
      66
      81
      84
      77
      58
      82
      90
      75
      66
      70
      59
      60
      68
      63
      74
      56
      56
      73
      51
      71
      74
      75
      74
      60
      57
      76
      67
      75
      66
      66
      68
      63
      63
      67
      65
      75
      77
      64
      53
      55
      65
      65
      84
      60
      59
      57
      65
      63
      66
      56
      67
      63
      59
      57
      64
      58
      59
      52
      59
      61
      63
      54
      67
      65
      48
      63
      60
      64
      63
      70
      56
      62
      53
      63
      57
      57
      54
      53
      61
      62
      66
      59
      60
      62
      68
      61
      46
      52
      58
      58
      58
      54
      46
      62
      43
      54
      62
      63
      49
      61
      60
      64
      59
      58
      67
      66
      45
      53
      56
      44
      55
      63
      65
      50
      63
      61
      41
      51
      51
      72
      67
      62
      55
      61
      67
      74
      89
     130
     172
     179
     216
     234
     228
     164
     111
      92
      67
      58
      56
      56
      49
      32
      52
      65
      58
      39
      45
      54
      69
      70
      80
      92
      97
      73
      73
      66
      49
      41
      37
      41
      57
      58
      56
      50
      44
      51
      56
      47
      47
      40
      66
      60
      59
      56
      44
      49
      48
      57
      59
      49
      46
      55
      40
      58
      49
      53
      54
      61
      44
      48
      51
      52
      60
      66
      79
      82
     109
     135
      96
      75
      71
      53
      48
      48
      50
      38
      62
      64
      51
      49
      64
      79
      98
     125
     132
     169
     144
     118
      96
      65
      56
      45
      53
      39
      48
      49
      57
      45
      47
      45
      54
      54
      43
      52
      57
      61
      58
      61
      36
      66
      51
      40
      47
      51
      50
      57
      40
      35
      49
      54
      51
      45
      42
      52
      36
      41
      41
      41
      43
      49
      51
      40
      50
      57
      52
      49
      43
      44
      37
      39
      37
      52
      47
      47
      54
      49
      65
      42
      61
      56
      50
      54
      35
      54
      47
      51
      45
      63
      47
      60
      39
      55
      49
      59
      49
      49
      56
      46
      38
      43
      45
      60
      41
      38
      46
      41
      46
      50
      43
      52
      45
      50
      48
      45
      46
      40
      56
      47
      50
      52
      52
      53
      56
      50
      58
      59
      48
      61
      48
      55
      46
      37
      51
      63
      41
      68
      52
      57
      61
      64
      44
      65
      65
      45
      61
      63
      43
      58
      60
      67
      70
      67
      77
      95
     152
     280
     560
    1035
    1824
    3151
    4655
    5681
    5953
    5231
    3659
    2096
    1001
     435
     140
      75
      49
      38
      36
      28
      51
      28
      42
      22
      29
      49
      40
      41
      43
      39
      36
      42
      48
      38
      51
      36
      32
      25
      42
      27
      34
      47
      37
      45
      42
      41
      40
      34
      41
      50
      39
      41
      32
      31
      41
      47
      31
      26
      38
      38
      49
      34
      47
      32
      35
      35
      39
      39
      34
      29
      25
      36
      44
      46
      36
      41
      33
      40
      32
      32
      39
      39
      42
      33
      31
      24
      30
      35
      44
      30
      32
      47
      32
      39
      42
      33
      34
      30
      35
      26
      47
      41
      65
      71
      77
      74
      77
      61
      44
      46
      45
      32
      37
      37
      31
      40
      47
      48
      47
      57
      79
      67
      74
      47
      46
      38
      26
      36
      45
      32
      34
      40
      31
      34
      34
      46
      46
      57
      62
      92
      94
     126
     125
      93
      99
      67
      58
      44
      36
      48
      52
      55
      52
      57
      47
      34
      44
      32
      31
      24
      36
      39
      28
      30
      21
      32
      49
      40
      32
      39
      28
      36
      40
      30
      29
      36
      35
      43
      25
      29
      33
      39
      32
      38
      38
      29
      25
      32
      34
      35
      35
      34
      25
      37
      29
      41
      37
      29
      38
      35
      34
      38
      38
      26
      38
      29
      38
      33
      28
      27
      30
      37
      36
      40
      32
      37
      34
      32
      33
      33
      49
      42
      53
      56
      44
      37
      40
      30
      51
      43
      30
      30
      38
      52
      46
      41
      52
      40
      38
      36
      44
      29
      28
      30
      33
      27
      34
      34
      32
      40
      29
      36
      27
      29
      30
      43
      26
      30
      32
      29
      26
      27
      26
      35
      33
      34
      30
      32
      32
      29
      42
      42
      30
      40
      45
      48
      37
      28
      25
      23
      36
      31
      34
      38
      31
      20
      30
      40
      36
      26
      27
      29
      25
      32
      33
      29
      25
      32
      22
      26
      35
      30
      22
      36
      28
      27
      27
      29
      33
      23
      29
      31
      23
      33
      27
      27
      39
      29
      25
      26
      30
      29
      32
      16
      28
      25
      28
      28
      28
      30
      27
      30
      30
      28
      41
      36
      48
      67
      63
      43
      44
      44
      53
      45
      49
      61
      59
      52
      44
      47
      32
      38
      36
      40
      44
      58
      94
     134
     159
     172
     180
     151
     108
      75
      32
      36
      47
      32
      69
      71
      72
      81
     126
      88
      85
      62
      42
      44
      34
      35
      25
      34
      31
      29
      31
      24
      28
      30
      44
      41
      45
      35
      42
      31
      23
      22
      26
      29
      21
      29
      23
      21
      39
      34
      38
      28
      32
      28
      35
      32
      28
      28
      30
      33
      32
      33
      42
      40
      23
      31
      21
      30
      29
      31
      21
      25
      38
      19
      20
      35
      27
      31
      22
      19
      23
      30
      22
      27
      28
      28
      27
      18
      26
      38
      51
      45
      73
      80
      91
      98
      95
      70
      62
      46
      31
      32
      30
      39
      37
      46
      41
      36
      33
      34
      31
      28
      27
      29
      24
      24
      37
      33
      54
      48
      66
     107
     113
     105
      93
      54
      39
      29
      30
      19
      23
      20
      28
      19
      23
      36
      29
      27
      29
      28
      43
      41
      45
      41
      47
      38
      34
      23
      28
      21
      31
      28
      22
      26
      19
      27
      29
      24
      23
      23
      27
      26
      24
      20
      21
      22
      24
      23
      27
      25
      21
      32
      30
      29
      25
      29
      23
      20
      31
      30
      22
      22
      21
      21
      26
      12
      28
      25
      24
      24
      21
      22
      30
      25
      23
      31
      30
      20
      27
      28
      31
      31
      35
      36
      52
      65
      78
      50
      39
      48
      43
      26
      27
      27
      27
      24
      21
      27
      32
      33
      39
      24
      28
      38
      34
      24
      25
      27
      18
      29
      23
      24
      25
      25
      31
      19
      31
      35
      20
      19
      27
      21
      20
      25
      22
      17
      19
      20
      24
      29
      24
      24
      25
      27
      17
      14
      21
      23
      21
      35
      18
      23
      22
      17
      25
      24
      26
      24
      32
      36
      34
      32
      32
      20
      28
      21
      31
      30
      21
      20
      19
      20
      19
      18
      24
      32
      27
      35
      31
      36
      32
      28
      28
      38
      21
      34
      38
      28
      26
      28
      30
      22
      28
      24
      19
      23
      28
      20
      32
      22
      26
      24
      19
      15
      20
      24
      22
      24
      27
      22
      27
      29
      18
      26
      26
      28
      28
      27
      22
      25
      19
      24
      21
      16
      17
      26
      17
      21
      23
      24
      27
      17
      18
      23
      26
      23
      27
      24
      25
      15
      21
      14
      18
      17
      25
      27
      22
      20
      22
      27
      31
      21
      20
      19
      25
      23
      17
      24
      19
      25
      25
      27
      26
      31
      33
      26
      19
      28
      17
      31
      26
      25
      18
      35
      27
      20
      33
      24
      35
      38
      57
      81
      89
     124
     131
     147
      97
      83
      58
      31
      38
      17
      29
      26
      24
      28
      23
      14
      20
      19
      22
      19
      11
      27
      22
      19
      29
      26
      20
      29
      24
      23
      27
      18
      11
      24
      24
      25
      23
      16
      23
      25
      25
      20
      24
      22
      27
      25
      17
      22
      25
      28
      22
      18
      23
      29
      21
      23
      26
      29
      20
      20
      23
      19
      25
      25
      12
      24
      27
      20
      23
      24
      24
      26
      21
      20
      27
      18
      26
      24
      23
      28
      15
      20
      21
      29
      25
      33
      26
      33
      36
      29
      26
      43
      70
     116
     202
     327
     423
     578
     568
     556
     424
     293
     199
      95
      58
      26
      33
      25
      22
      15
      27
      19
      15
      27
      19
      21
      12
      22
      20
      15
      16
      18
      15
      36
      19
      20
      16
      26
      25
      16
      20
      17
      12
      18
      19
      21
      21
      25
      32
      16
      25
      21
      20
      22
      18
      16
      22
      18
      17
      20
      18
      23
      18
      24
      12
      25
      13
      25
      20
      16
      21
      22
      20
      22
      22
      21
      21
      14
      26
      21
      26
      15
      20
      16
      26
      25
      15
      24
      22
      24
      25
      25
      21
      20
      21
      16
      21
      22
      19
      15
      24
      13
      23
      18
      18
      25
      14
      24
      21
      26
      26
      18
      18
      13
      19
      19
      26
      24
      15
      21
      23
      39
      22
      23
      25
      18
      26
      29
      16
      23
      19
      19
      15
      14
      24
      17
      20
      25
      25
      19
      23
      15
      21
      23
      19
      17
      14
      13
      19
      18
      17
      22
      17
      18
      14
      23
      27
      20
      21
      26
      25
      14
      31
      17
      21
      26
      14
      31
      21
      23
      18
      19
      16
      18
      20
      17
      20
      26
      24
      28
      18
      12
      11
      20
      23
      24
      23
      20
      11
      19
      19
      18
      26
      23
      25
      20
      21
      25
      14
      23
      11
      28
      29
      18
      17
      23
      23
      27
      26
      33
      32
      26
      33
      21
      26
      16
      19
      25
      25
      23
      21
      31
      23
      19
      22
      17
      12
      22
      25
      18
      31
      31
      70
      59
      82
      88
     105
      76
      65
      53
      36
      28
      21
      27
      27
      14
      19
      20
      18
      16
      19
      20
      10
      22
      18
      21
      26
      20
      20
      19
      25
      16
      21
      20
      23
      26
      21
      15
      26
      21
      15
      17
      18
      21
      23
      26
      20
      18
      21
      22
      22
      20
      22
      12
      23
      16
      23
      24
      18
      20
      18
      22
      18
      17
      18
      16
      23
      14
      22
      31
      27
      30
      21
      24
      18
      24
      30
      28
      20
      27
      29
      18
      18
      22
      18
      20
      21
      15
      15
      26
      22
      15
      17
      22
      12
      20
      24
      25
      22
      14
      24
      26
      15
      20
      22
      22
      14
      16
      15
      21
      20
      16
      18
      34
      21
      20
      29
      20
      20
      22
      18
      25
      24
      28
      21
      23
      26
      17
      22
      20
      28
      19
      32
      23
      23
      18
      31
      27
      24
      25
      21
      21
      25
      28
      26
      21
      19
      20
      28
      20
      29
      21
      20
      20
      12
      15
      20
      15
      19
      23
      17
      18
      14
      21
      19
      21
      15
      24
      25
      19
      21
      21
      25
      25
      19
      24
      21
      18
      29
      21
      20
      16
      21
      23
      19
      18
      23
      14
      20
      22
      18
      20
      22
      20
      20
      29
      19
      21
      23
      25
      21
      20
      12
      23
      18
      20
      19
      22
      18
      19
      18
      19
      12
      20
      21
      23
      12
      10
       8
      16
      21
      20
      23
      23
      12
      24
      18
      23
      21
      19
      33
      24
      19
      26
      16
      20
      28
      21
      25
      27
      14
      22
      12
      17
      28
      19
      16
      28
      31
      26
      19
      23
      15
      29
      19
      17
      22
      19
      20
      15
      23
      22
      15
       7
      21
      20
      25
      10
      18
      21
      19
      28
      25
      19
      17
      19
      31
      23
      28
      24
      26
      24
      20
      18
      20
      22
      22
      19
      18
      23
      26
      19
      19
      27
      23
      27
      20
      20
      25
      20
      15
      19
      22
      18
      24
      17
      23
      10
      18
      19
      21
      18
      14
      20
      22
      20
      20
      12
      15
      19
      21
      21
      25
      24
      23
      21
      18
      16
      22
      31
      14
      23
      21
      35
      14
      13
      23
      20
      21
      22
      27
      18
      25
      19
      18
      25
      21
      15
      23
      23
      17
      27
      24
      22
      13
      20
      19
      20
      19
      16
      17
      16
      21
      15
      19
      26
      14
      17
      16
      23
      15
      28
      12
      15
      17
      13
      15
      17
      25
      16
      20
      19
      25
      24
      19
      19
      20
      20
      19
      18
      14
      20
      10
      21
      14
      15
      13
      20
      19
      19
      12
      15
      16
      19
      23
      18
      24
      14
      19
      18
      23
      11
      21
      22
      15
      14
      22
      21
      21
      20
      24
      17
      20
      22
       8
      12
       9
      16
      18
      17
      20
      12
      19
      15
      16
      17
      15
      18
      23
      19
      21
      22
      16
      14
      15
      21
      21
      16
      15
      14
      24
      16
      25
      25
      20
      14
      14
      20
      17
      23
      24
      24
      21
      18
      19
      18
      26
      16
      17
      18
      18
      10
      25
      23
      25
      22
      20
      12
      15
      16
      17
      17
      21
      26
      19
      11
      20
      11
      19
      15
      12
      11
      17
      22
      17
      11
      22
      15
      20
      17
      13
      13
      15
      19
      14
      17
      24
      16
      20
      18
      18
      15
      18
      14
      20
      19
      20
      17
      22
      18
      16
      19
      26
      25
      17
      22
      15
      26
      13
      14
      20
      20
      22
      19
      28
      13
      25
      15
      19
      15
      14
      15
      19
      12
      17
      25
      12
      16
      22
      20
      25
      16
      18
      16
      20
      10
      16
      26
      16
      16
      18
      22
      19
      17
      14
      13
      17
      25
      18
      18
      20
      14
      12
      15
      16
      11
      20
      17
      18
      22
      24
      12
      17
      19
      16
      11
      15
      25
      14
      14
      19
      17
      18
      18
      17
      23
      13
       8
      17
      21
      12
      21
      19
      17
      21
      18
      10
       9
      20
      16
      17
      25
      22
      11
      16
      15
      20
      13
      15
      15
      15
      21
      17
      20
      14
      15
      19
      28
      14
      16
      33
      16
      17
      19
      17
      23
      16
      23
      15
      11
      22
      17
      18
      18
      23
      16
      16
      22
      10
      15
      17
      19
      28
      16
      20
      15
      19
      16
      16
      16
      10
      18
      18
      17
      20
      26
      20
      19
      23
      12
      16
      19
      19
      17
      10
      17
      19
      13
      12
      16
      17
      16
      19
      26
      14
      19
      24
      12
      18
      22
      13
      12
      18
      20
      15
      16
      12
      18
      27
      33
      28
      39
      51
      52
      78
      73
      96
     113
      90
     110
     100
      64
      63
      40
      52
      34
      29
      24
      21
      19
      23
      24
      18
      21
      26
      24
      23
      21
      18
      17
      21
      21
      18
      19
      18
      12
      12
      16
      18
      16
      22
      21
      16
      23
      25
      29
      39
      47
      58
      63
      54
      48
      31
      34
      29
      20
      21
      19
      15
      19
      21
      29
       8
      12
      19
      12
      24
      16
      24
      27
      12
      23
      14
      17
      25
      23
      20
      12
      19
      20
      11
      22
      19
      20
      18
      14
      33
       9
      11
      32
      21
      20
      14
      21
      23
      20
      17
      18
      21
      16
      23
      18
      17
      20
      23
      15
      20
      13
      16
      18
      13
      16
      18
      20
      16
      24
      14
      21
      24
      14
      13
      14
      24
      13
      17
      14
      25
      12
      12
      23
      19
      31
      25
      19
      21
      14
      26
      25
      12
      24
      28
       8
      18
      16
      23
      15
      18
      21
      16
      18
      20
      26
      13
      14
      17
      18
      19
      19
      10
      16
       8
      24
      13
      17
      16
      19
      18
      22
      18
      14
      21
      11
      24
      15
      14
      20
      15
      24
      17
      19
      18
      27
      16
      18
      21
      28
      18
      14
      23
      18
      16
      19
      11
      17
      14
      13
      16
      19
      21
      20
      22
      20
      29
      19
      28
      21
      15
      20
      23
      18
      16
      23
      16
      23
      14
      20
      15
      21
      13
      22
      18
      11
      17
      17
      20
      21
      17
      22
      15
      14
      16
      12
      18
      19
      16
      20
      15
      20
      27
      21
      18
      20
      19
      23
      16
      29
      13
      20
      18
      23
      21
      27
      26
      25
      18
      19
      26
      12
      17
      28
      15
      17
      17
      15
      17
      16
      22
      13
      11
      19
      23
      22
      23
      29
      22
      21
      22
      52
      52
      64
     105
     123
     140
     180
     160
     135
     104
      79
      59
      38
      28
      25
      22
      24
      20
      14
      27
      17
      26
      17
      20
      22
      17
      23
      15
      16
      18
      26
      14
      28
      15
      21
      21
      13
      24
      17
      23
      21
      15
      20
      16
      15
      19
      17
      20
      18
      16
      35
       9
      23
      17
      17
      26
      21
      25
      10
      33
      23
      27
      13
      23
      20
      12
      14
      13
      15
      27
      15
      15
      19
      22
      20
      26
      24
      18
      16
      16
      32
      12
      16
      21
      14
      25
      27
      19
      17
      24
      14
      11
      17
      18
      24
      17
      17
      19
       9
      17
      12
      12
      15
      16
      20
      17
      16
      19
      12
      24
      17
      17
      23
      15
      10
      19
      25
      15
      27
      19
      21
      18
      19
      22
      16
      20
      14
      21
      13
      21
      15
      20
      21
      21
      26
      13
      19
      16
      14
      21
      15
      15
      14
      20
      26
      18
      17
      13
      21
      17
      24
      17
      24
      18
      18
      15
      22
      17
      20
      23
      16
      16
      27
      25
      24
      14
      26
      24
       9
      21
      16
      19
      23
      12
      22
      20
      19
      21
      16
      20
      16
      13
      14
      25
      17
      15
      13
      18
      19
      22
      24
      22
      15
      26
      14
      17
      20
      12
      23
      20
      23
      17
      13
      16
      12
      18
      21
      14
      19
      17
      30
      24
      21
      20
      14
      10
      21
      11
      14
      16
      22
      26
      13
      15
      19
      27
       9
      16
      22
      23
      13
      19
      16
      17
      19
      15
      19
      19
      27
      18
      14
      16
      21
      21
      19
      30
      20
      20
      23
      25
      28
      29
      29
      19
      22
      29
      26
      16
      23
      19
      20
      18
      22
      19
      12
      31
      23
      21
      25
      16
      20
      18
      21
      19
      23
      16
      21
      18
      25
      24
      28
      25
      26
      17
      20
      21
      21
      21
      21
      23
      19
      16
      23
      18
      22
      23
      14
      25
      25
      22
      27
      14
      21
      18
      19
      27
      12
      15
      18
      23
      21
      13
      15
      26
      24
      24
      19
      22
      24
      15
      21
      18
      20
      19
      23
      21
      15
      23
      17
      30
      21
      23
      15
      23
      19
      19
      21
      21
      19
      21
      21
      28
      25
      21
      22
      20
      22
      17
      23
      23
      12
      22
      20
      30
      22
      31
      19
      16
      22
      19
      17
      21
      16
      16
      18
      18
      14
      37
      26
      25
      15
      21
      25
      23
      18
      19
      24
      24
      20
      21
      20
      16
      24
      17
       8
      14
      21
      16
      31
      22
      17
      27
      17
      17
      21
      25
      20
      17
      19
      19
      28
      18
      20
      20
      16
      19
      26
      20
      29
      19
      31
      22
      16
      23
      22
      14
      28
      19
      14
      18
      22
      23
      20
      25
      28
      21
      25
      20
      32
      18
      21
      23
      27
      22
      27
      18
      24
      32
      12
      20
      21
      27
      19
      25
      15
      23
      25
      18
      19
      21
      20
      24
      21
      16
      21
      26
      23
      32
      17
      20
      16
      26
      15
      19
      16
      20
      20
      27
      21
      25
      23
      26
      15
      25
      21
      27
      15
      22
      28
      23
      28
      24
      21
      18
      20
      23
      21
      16
      17
      30
      27
      27
      22
      17
      27
      15
      12
      33
      13
      26
      21
      17
      28
      17
      15
      20
      25
      20
      19
      21
      11
      18
      16
      16
      16
      17
      18
      15
      16
      15
      18
      15
      24
      19
      19
      21
      15
      18
      11
      10
      24
      19
      15
      17
      15
      18
      13
      26
      19
      16
      15
      15
      11
      13
      24
      20
      26
      18
      19
       8
      10
      22
      10
      10
       9
      16
      10
      13
      16
      18
       8
      21
      18
      13
      14
      21
      20
      18
      21
      12
       9
      23
      17
      14
      19
      14
      22
      16
      19
      14
      20
      11
      12
      18
      15
      14
      13
      25
      12
       8
      13
      21
      14
       6
      17
      14
      18
      12
      16
      12
      17
      21
      19
      15
      11
      16
      22
      18
      17
      13
      11
      12
       7
      13
       8
      11
      15
      17
      17
      22
      15
      10
      16
      11
      14
      11
      17
      21
      11
      19
      13
      15
      13
      13
      16
      11
      10
      12
      15
      17
      13
      12
      22
      16
      19
      11
      18
       5
       7
      14
      11
      16
      13
      18
      17
      16
      10
      16
       8
      12
       8
      13
      16
      17
      21
      20
      20
      23
      16
      42
      49
      50
      64
      70
      64
      50
      27
      39
      35
      21
      18
      13
      12
      13
      16
      13
      18
      13
      12
      22
      18
      15
       9
       9
      13
      13
      10
      11
      13
       5
      10
      19
      22
      11
       9
       3
       6
      10
      15
      10
      13
       7
       9
      13
      15
       7
      10
      13
       9
      15
      10
      10
      12
      11
      10
       8
      18
      18
      15
      11
      11
      13
       8
      10
       8
       9
      11
      17
      10
      11
       6
       7
       3
       7
      23
      16
       9
       5
      12
       8
       7
      13
      17
       5
      10
      15
      12
      10
      10
       8
      11
       9
      18
      10
      12
      12
       6
       9
       7
      11
       8
       8
      14
       8
       5
       9
      11
      11
      15
       8
      12
       4
       4
      10
       8
      11
       2
      12
      12
      12
      13
       9
       7
       9
      10
      10
       3
      14
      11
      11
      13
      10
       7
      10
      11
      10
       6
      10
       5
       8
      12
       7
      10
       4
       9
      11
       7
       7
       3
      11
       7
       6
      12
       7
       7
       8
       5
       9
      10
      14
      10
      11
       4
       7
       8
      12
       8
       7
      10
      12
       9
       8
      12
       5
       7
       9
       8
       5
       7
       2
       5
       9
       7
       5
       8
       5
      13
       6
      11
       5
       8
       9
       8
       8
       6
       8
       7
       1
      17
       9
      15
       9
       7
       7
       7
      10
       8
       8
       4
       5
      11
       5
      15
       8
       8
       5
       7
       4
       6
       4
       8
      13
       5
      10
       4
       7
       7
       5
       9
       7
       3
       8
       5
       7
       9
      10
       5
       8
      10
       4
       5
       5
       4
       6
       7
       4
       3
       4
       6
       5
       3
       3
       8
       7
      10
       4
       5
       4
       8
      10
       6
       7
       7
       1
       5
       4
       3
       7
       8
      11
       3
       5
       1
       8
       5
       5
       7
      10
       5
       6
       8
       8
       7
       5
       7
       5
       6
      10
       8
      12
       8
       4
       6
       5
       5
       3
       8
       8
       9
       4
       3
       4
      10
       4
       6
       3
       8
       7
       7
       9
       5
       8
       7
       4
       5
       6
       3
       8
       5
       3
       9
       9
       8
       6
       6
       4
       9
      10
      11
       2
       7
       5
       8
       5
       3
       5
       8
       5
       5
       6
      10
       7
       7
       6
       4
       3
       4
       8
       6
       6
       9
       7
       7
       7
       7
       5
      10
       9
       4
       4
       9
       6
       7
       7
       7
       5
       6
       4
       7
       6
       5
       6
       4
       6
       4
       6
       3
       4
       5
      16
       8
       4
       7
       2
       2
      12
       5
       6
       4
       9
       2
      10
       5
       5
       2
       6
       7
       4
      10
      10
       5
      11
       5
       4
       3
      12
       7
       6
       7
       8
       4
       9
       6
       4
       9
       3
       7
      11
       5
       7
       6
       6
       8
       5
      12
       6
       9
       2
      12
       9
       6
       8
      15
       5
       5
      16
      11
      12
       8
      11
       9
       5
       6
       8
       5
       6
       8
      10
      18
      15
      37
      43
      78
     112
     195
     289
     404
     594
     731
     901
     892
     905
     784
     620
     442
     248
     128
      69
      31
      17
      10
       6
       7
      12
       7
       5
       5
       3
       4
       5
       3
       6
       7
       3
       4
       2
       5
       4
       3
       4
       3
       5
       6
       3
       4
       3
       5
       6
       5
       6
       4
       3
       1
       6
       2
       5
       2
       7
       4
       5
       5
       5
       5
       9
       6
       9
       4
       3
       4
       2
       2
      10
       3
       3
       8
       6
       3
       7
       6
       4
       4
       3
       3
       3
       3
       5
       2
       6
       3
       3
       7
       4
       6
       4
       7
       2
       7
       1
       2
       4
       3
       3
       5
       9
       4
       2
       5
       2
       3
       3
       2
       4
       1
       3
       5
       6
       6
       1
       4
       3
       6
       3
       3
       2
       4
       4
       6
       6
       6
       5
       3
       7
       5
       4
       7
       4
       4
       6
       2
       3
       3
       8
       8
       4
       1
       4
       3
       4
       3
       2
       3
       1
       8
       4
       1
       1
       3
       6
       6
       6
       6
       3
       3
       4
       5
       4
       4
       3
       5
       6
       2
       7
       5
       1
       5
       4
       2
       2
       4
       4
       7
       8
       8
       3
       6
       4
       8
       2
       4
       2
       9
       2
       7
       3
       6
       4
       2
       2
       6
       6
       9
       1
       9
       2
       3
       7
       6
       5
       2
       7
       6
       3
       4
       2
       3
       4
       4
       6
      13
       4
       3
       2
       6
       5
       7
       5
       7
       5
       4
       4
       5
       3
       2
       3
       7
       3
       2
       4
       6
       5
       5
       4
       7
       3
       4
       4
       4
       5
       2
       3
       2
       4
       3
       1
       1
       6
       2
       3
       3
       3
       5
       3
       3
       3
       6
       3
       2
       5
       4
       3
       1
       4
       2
       2
       3
       5
       4
       2
       3
       5
       2
       3
       1
       4
       3
       3
       2
       3
       4
       1
       3
       7
       5
       2
       6
       2
       1
       4
       2
       6
       2
       4
       4
       5
       4
       1
       5
       4
       3
       5
       8
       3
       1
      10
       0
       4
       2
       2
       4
       1
       3
       5
       2
       8
       5
       4
       5
       0
       5
       3
       5
       5
       5
       6
       6
       3
       3
       3
       3
       5
       2
       5
       4
       5
       7
       8
       8
       3
       6
       5
       7
       4
       3
       3
       4
       5
       8
       4
       0
       3
       2
       2
       4
       6
       2
       2
       1
       3
       5
       3
       3
       4
       8
       3
       1
       5
       3
       4
       4
       1
       3
       2
       5
       3
       3
       3
       1
       4
       4
       2
       4
       2
       2
       6
       2
       3
       4
       4
       1
       3
       4
       6
       2
       4
       2
       2
       8
       4
       3
       3
       4
       1
       4
       6
       2
       3
       2
       4
       4
       7
       5
       4
       6
       2
       5
       5
       2
       1
       7
       0
       6
       4
       3
       1
       3
       5
       5
       4
       5
       1
       5
       4
       2
       5
       5
       4
       2
       3
       3
       3
       1
       4
       2
       5
       3
       2
       3
       4
       4
       2
       4
       4
       4
       2
       2
       3
       1
       6
       3
       8
       3
       5
       5
       1
       2
       4
       4
       5
       4
       3
       3
       4
       2
       2
       3
       2
       4
       0
       2
       4
       7
       2
       5
       3
       4
       3
       4
       3
       5
       6
       3
       0
      11
       7
       6
       4
       2
       5
       5
       2
       2
       2
       3
       4
       2
       5
       1
       3
       4
       2
       4
       2
       7
       2
       4
       8
       4
       4
       1
       8
       3
       4
       3
       2
       6
       1
       4
       7
       2
       5
       4
       6
       3
       2
       1
       0
       4
       6
       5
       2
       4
       5
       3
       4
       6
       7
       2
       4
       4
       3
       5
       2
       6
       6
       5
       3
       1
       2
       6
       3
       2
       4
       3
       1
       5
       3
       4
       3
       4
       3
       3
       1
       1
       5
       3
       3
       3
       3
       3
       4
       6
       5
       6
       1
       6
       3
       1
       3
       5
       3
       5
       1
       5
       1
       5
       5
       2
       2
       5
       4
       6
       4
       4
       7
       4
       2
       3
       1
       3
       2
       2
       3
       6
       3
       3
       2
       2
       3
       1
       5
       1
       5
       5
       2
       2
       2
       1
       2
       1
       0
       7
       6
       6
       2
       1
       4
       1
       5
       3
       5
       2
       2
       4
       5
       5
       4
       3
       2
       3
       6
       4
       2
       3
       5
       5
       2
       6
       4
       5
       3
       2
       1
       4
       4
       7
       3
       7
       1
       5
       3
       2
       4
       6
       5
       2
       4
       0
       7
       3
       4
       1
       2
       2
       3
       3
       4
       4
       1
       3
       5
       4
       4
       6
       2
       5
       4
       4
       2
       4
       5
       4
       2
       4
       1
       6
       6
       1
       3
       3
       3
       2
       3
       5
       3
       4
       0
       3
       6
       2
       2
       2
       1
       4
       2
       2
       2
       2
       4
       4
       2
       4
       0
       3
       2
       5
       3
       3
       4
       4
       5
       3
       8
       1
       1
       2
       5
       4
       2
       7
       6
       1
       6
       6
       1
       4
       6
       6
       5
       5
       3
       6
       6
       5
       6
       1
       4
       2
       2
       1
       2
       5
       4
       1
       3
       3
       4
       4
       4
       0
       8
       2
       3
       4
       2
       2
       3
       3
       4
       4
       3
       0
       6
       6
       5
       3
       6
       5
       3
       6
       2
       3
       4
       2
       3
       0
       3
       4
       5
       6
       2
       4
       1
       1
       3
       4
       5
       2
       3
       1
       0
       2
       4
       3
       3
       1
       3
       2
       6
       1
       5
       3
       6
       4
       4
       3
       4
       5
       2
       1
       3
       1
       2
       7
       4
       4
       1
       5
       1
     317
     636
     651
     642
     651
     632
     621
     577
     643
     641
     648
     630
     670
     607
     697
     592
     601
     625
     587
     635
     617
     591
     597
     606
     620
     672
     655
     620
     654
     581
     633
     621
     657
     644
     658
     662
     616
     618
     597
     610
     617
     606
     631
     649
     648
     635
     627
     672
     626
     647
     639
     621
     596
     598
     632
     665
     654
     734
     705
     735
    1363
    4908
   16519
   18554
   11118
    7536
    2918
    2186
     953
     752
     620
     588
     518
     502
     424
     406
     350
     294
     311
     285
     281
     254
     242
     243
     225
     189
     212
     176
     217
     181
     146
     174
     170
     148
     151
     127
     132
     110
      52
      29
      44
      34
      25
      36
      42
      36
      31
      37
      42
      32
      38
      31
      39
      34
      32
      35
      36
      36
      30
      49
      32
      38
      47
      28
      40
      29
      40
      40
      32
      36
      24
      35
      35
      30
      26
      34
      42
      33
      40
      38
      36
      39
      46
      42
      53
      50
      55
      77
      62
      60
      61
     117
     258
     398
      90
       5
       0
       1
       0
       0
       0
       0
       0
       0
       0
       0
       0
       0
       0
       0
       0
       0
       0
       0
       0
       0
       0
       0
       0
       0
       0
       0
       0
       0
       0
$ROI:
0
$PRESETS:
None
0
0
$ENER_FIT:
16.649799 0.362015
$MCA_CAL:
3
1.664980E+001 3.620150E-001 2.667330E-007 keV
$SHAPE_CAL:
3
2.137440E+000 1.170910E-003 -6.987340E-008
