$SPEC_ID:
Background_Lab7
$SPEC_REM:
DET# 1
DETDESC# Rayleigh
AP# Maestro-PRO Version 9, 0, 2, 0
$DATE_MEA:
10/22/2025 14:39:11
$MEAS_TIM:
173156.72 173336.20
$DATA:
0 8191
       0
       0
       0
       0
       0
       0
       0
       0
       0
       0
       0
       0
       0
       0
       0
       0
       0
       0
       0
       0
       0
       0
       0
       0
       0
       1
       9
      47
     156
     433
     621
     682
     725
     691
     628
     679
     718
     609
     645
     627
     581
     600
     620
     656
     609
     607
     653
     605
     597
     628
     633
     623
     625
     615
     612
     591
     566
     648
     606
     646
     605
     592
     630
     542
     609
     571
     575
     600
     601
     598
     611
     546
     608
     591
     544
     623
     566
     595
     565
     585
     610
     601
     568
     601
     685
     710
     640
     589
     560
     552
     546
     541
     548
     562
     566
     596
     562
     530
     542
     573
     554
     582
     613
     535
     561
     629
     582
     566
     597
     551
     567
     593
     587
     608
     616
     584
     578
     601
     630
     587
     602
     671
     683
     599
     657
     619
     600
     654
     613
     696
     785
     946
     890
     707
     622
     630
     641
     609
     674
     670
     662
     648
     687
     655
     727
     633
     654
     712
     747
     684
     690
     674
     752
     789
     704
     768
     808
     891
    1000
     861
     867
    1031
    1376
    1775
    1834
    1097
     868
     911
    1328
    2007
    2061
    1281
     813
     662
     679
     703
     640
     677
     660
     611
     738
     722
     703
     690
     681
     695
     750
     793
     812
     956
    1018
    1002
     834
     727
     672
     804
    1019
    1181
    1283
    1026
     702
     647
     669
     769
     885
    1006
     908
     756
     677
     692
     835
    1087
    1498
    1560
    1384
    1088
     844
     658
     676
     675
     603
     626
     557
     579
     582
     634
     567
     661
     622
     662
     651
     797
     728
     646
     648
     615
     575
     619
     577
     575
     572
     664
     606
     607
     592
     634
     652
     705
     727
     709
     656
     629
     630
     622
     630
     665
     609
     729
     684
     678
     667
     613
     624
     609
     661
     669
     649
     617
     723
     659
     678
     614
     648
     657
     688
     741
     700
     646
     628
     621
     608
     645
     653
     634
     591
     610
     636
     653
     633
     641
     619
     643
     618
     637
     647
     638
     630
     712
     600
     679
     647
     678
     684
     637
     655
     703
     631
     705
     693
     681
     678
     651
     817
     919
     981
     763
     719
     676
     716
     666
     708
     734
     701
     669
     629
     637
     683
     645
     722
     632
     678
     658
     673
     689
     685
     633
     663
     655
     657
     674
     636
     694
     721
     716
     724
     741
     664
     645
     621
     690
     667
     602
     699
     772
     842
     834
     742
     714
     652
     689
     697
     669
     694
     654
     677
     654
     645
     661
     697
     689
     663
     671
     665
     680
     659
     671
     654
     663
     710
     719
     691
     710
     754
     720
     754
     685
     635
     685
     672
     631
     635
     680
     652
     630
     612
     640
     656
     640
     632
     644
     684
     625
     684
     646
     578
     625
     674
     651
     671
     695
     700
     694
     601
     628
     607
     610
     633
     639
     683
     557
     637
     646
     650
     576
     613
     599
     623
     623
     606
     673
     638
     624
     600
     594
     609
     589
     629
     627
     594
     597
     650
     607
     624
     603
     644
     603
     616
     640
     601
     595
     578
     608
     597
     673
     610
     611
     602
     617
     601
     611
     614
     627
     618
     618
     630
     619
     623
     690
     742
     908
    1368
    1670
    1669
    1187
     777
     607
     601
     571
     627
     579
     564
     584
     600
     587
     599
     609
     600
     629
     622
     595
     602
     536
     562
     594
     606
     611
     617
     590
     602
     583
     596
     601
     572
     612
     600
     638
     616
     589
     591
     654
     630
     607
     597
     604
     560
     590
     618
     646
     567
     565
     546
     597
     591
     555
     658
     670
     646
     612
     588
     558
     581
     566
     585
     635
     685
     838
    1009
     963
     686
     594
     597
     543
     547
     596
     581
     562
     534
     592
     588
     554
     544
     566
     540
     544
     591
     583
     576
     590
     538
     524
     575
     539
     604
     544
     532
     545
     528
     556
     538
     567
     543
     566
     525
     551
     522
     542
     541
     520
     555
     515
     548
     543
     586
     585
     533
     570
     524
     518
     525
     558
     544
     521
     531
     513
     518
     534
     537
     545
     558
     548
     502
     596
     547
     541
     560
     499
     554
     580
     579
     577
     613
     583
     590
     565
     755
    1333
    2706
    4718
    5345
    3422
    1370
     657
     591
     802
    1002
    1075
    1176
    1180
     978
     597
     492
     511
     476
     476
     462
     483
     447
     463
     438
     485
     449
     483
     445
     465
     493
     476
     457
     443
     445
     477
     464
     452
     431
     484
     472
     469
     428
     504
     449
     472
     472
     451
     473
     454
     455
     409
     499
     466
     441
     425
     427
     463
     455
     485
     484
     479
     464
     404
     411
     437
     458
     415
     446
     433
     424
     407
     436
     418
     440
     409
     465
     430
     467
     440
     440
     421
     444
     427
     383
     407
     415
     502
     490
     590
     697
     726
     741
     630
     509
     466
     407
     431
     453
     385
     383
     439
     443
     428
     447
     447
     421
     409
     439
     472
     527
     644
     574
     465
     434
     431
     406
     392
     371
     403
     431
     419
     391
     386
     391
     411
     413
     415
     388
     397
     408
     389
     372
     394
     392
     403
     399
     405
     399
     414
     422
     418
     360
     426
     348
     383
     425
     381
     376
     421
     401
     372
     392
     382
     404
     373
     425
     459
     678
    1136
    1651
    1865
    1154
     642
     423
     365
     388
     370
     391
     353
     401
     395
     463
     562
     694
     673
     455
     401
     402
     374
     378
     375
     373
     392
     384
     398
     383
     373
     400
     364
     375
     376
     376
     355
     371
     345
     368
     388
     360
     341
     342
     378
     345
     335
     349
     340
     357
     362
     365
     351
     350
     335
     367
     372
     338
     347
     390
     339
     368
     370
     373
     337
     387
     355
     332
     341
     350
     360
     362
     369
     350
     356
     373
     352
     374
     355
     365
     366
     363
     353
     353
     360
     351
     311
     377
     377
     330
     351
     377
     415
     457
     607
     626
     511
     384
     363
     348
     372
     372
     405
     357
     352
     381
     389
     369
     351
     344
     330
     370
     359
     353
     334
     351
     342
     365
     366
     366
     466
     681
    1025
    1338
    1131
     664
     398
     330
     340
     329
     345
     375
     329
     319
     377
     317
     351
     322
     309
     353
     346
     326
     345
     345
     346
     331
     302
     314
     322
     333
     310
     323
     335
     322
     325
     338
     328
     459
     748
    1443
    2363
    2817
    2129
    1038
     438
     317
     335
     246
     293
     321
     316
     324
     279
     273
     282
     314
     286
     301
     308
     318
     306
     303
     323
     323
     270
     279
     309
     307
     295
     326
     311
     323
     309
     305
     310
     331
     304
     296
     268
     301
     275
     302
     309
     290
     310
     279
     283
     282
     317
     292
     318
     319
     277
     343
     270
     266
     283
     290
     298
     300
     293
     299
     298
     269
     303
     298
     291
     278
     279
     311
     267
     293
     285
     291
     258
     305
     288
     277
     306
     287
     270
     300
     247
     272
     295
     283
     277
     283
     299
     296
     325
     271
     287
     301
     290
     281
     304
     322
     300
     290
     319
     294
     292
     300
     318
     314
     304
     321
     282
     260
     265
     305
     278
     289
     264
     297
     291
     273
     298
     276
     280
     287
     322
     278
     270
     262
     276
     241
     282
     275
     276
     282
     289
     270
     277
     274
     264
     274
     303
     321
     283
     289
     265
     283
     268
     316
     299
     309
     286
     258
     295
     283
     257
     281
     287
     279
     292
     293
     312
     344
     409
     403
     326
     280
     280
     248
     263
     269
     256
     283
     290
     249
     279
     266
     241
     260
     258
     268
     278
     216
     259
     274
     241
     250
     249
     265
     265
     268
     268
     251
     240
     273
     262
     265
     246
     254
     271
     244
     267
     257
     254
     243
     275
     269
     273
     261
     280
     256
     257
     254
     274
     250
     252
     265
     256
     266
     278
     223
     218
     258
     251
     228
     252
     222
     264
     240
     257
     253
     256
     249
     251
     244
     245
     242
     242
     265
     232
     252
     265
     251
     246
     231
     254
     271
     264
     232
     234
     241
     245
     254
     247
     228
     218
     232
     258
     276
     260
     228
     246
     254
     255
     261
     251
     254
     236
     234
     236
     243
     237
     234
     231
     219
     242
     222
     233
     234
     227
     219
     221
     238
     232
     266
     266
     238
     235
     254
     289
     274
     228
     221
     251
     246
     230
     251
     224
     238
     217
     220
     226
     225
     202
     241
     238
     261
     251
     271
     316
     404
     488
     528
     453
     336
     282
     198
     218
     238
     224
     208
     206
     228
     233
     222
     203
     242
     237
     229
     212
     234
     215
     231
     223
     211
     217
     215
     207
     256
     235
     228
     255
     209
     223
     226
     225
     220
     209
     224
     229
     210
     241
     227
     215
     240
     247
     209
     258
     222
     236
     214
     242
     209
     220
     221
     211
     228
     233
     232
     214
     204
     216
     208
     226
     232
     217
     214
     233
     218
     231
     198
     221
     242
     199
     198
     212
     219
     209
     200
     195
     195
     223
     181
     206
     188
     229
     208
     205
     221
     189
     260
     191
     221
     208
     197
     215
     204
     223
     215
     219
     198
     189
     208
     212
     212
     240
     209
     194
     184
     212
     234
     206
     229
     211
     205
     227
     233
     212
     213
     221
     231
     237
     194
     233
     209
     246
     282
     303
     363
     393
     508
     697
     888
    1205
    1383
    1441
    1166
     921
     656
     579
     422
     338
     278
     250
     257
     228
     253
     249
     186
     182
     201
     184
     182
     172
     208
     179
     187
     198
     197
     216
     211
     217
     161
     194
     219
     221
     204
     201
     211
     195
     189
     189
     219
     187
     195
     186
     208
     191
     209
     172
     213
     211
     191
     190
     170
     189
     215
     195
     195
     186
     177
     205
     211
     208
     185
     196
     195
     220
     225
     198
     188
     249
     175
     208
     187
     183
     200
     215
     193
     200
     182
     194
     195
     188
     186
     171
     186
     190
     160
     214
     196
     193
     203
     184
     216
     212
     207
     186
     197
     181
     213
     191
     196
     202
     181
     187
     186
     196
     194
     191
     167
     182
     203
     199
     183
     181
     158
     181
     184
     195
     196
     170
     180
     175
     197
     194
     166
     187
     195
     170
     190
     182
     163
     177
     188
     178
     171
     181
     183
     185
     185
     171
     158
     198
     191
     166
     249
     229
     242
     232
     221
     198
     193
     164
     182
     186
     185
     197
     193
     181
     182
     171
     188
     205
     186
     190
     202
     206
     174
     192
     202
     190
     198
     185
     216
     213
     194
     200
     201
     183
     190
     199
     192
     188
     188
     200
     160
     173
     185
     192
     174
     198
     189
     191
     187
     187
     193
     204
     202
     209
     211
     292
     445
     934
    1507
    1811
    1601
     971
     498
     247
     182
     183
     144
     139
     170
     181
     183
     172
     182
     179
     184
     184
     198
     174
     160
     201
     179
     196
     147
     155
     157
     186
     175
     203
     176
     165
     155
     165
     166
     183
     200
     178
     179
     185
     182
     191
     176
     180
     154
     174
     172
     172
     175
     157
     185
     165
     156
     175
     176
     175
     179
     209
     194
     215
     186
     199
     154
     174
     169
     175
     174
     185
     197
     287
     409
     781
    1530
    2150
    2184
    1612
     795
     378
     204
     162
     159
     164
     172
     167
     148
     179
     142
     182
     133
     168
     174
     165
     166
     158
     166
     161
     165
     151
     183
     164
     145
     154
     149
     171
     169
     137
     170
     142
     163
     176
     180
     170
     149
     152
     176
     164
     172
     142
     157
     162
     177
     165
     155
     146
     137
     159
     149
     156
     140
     178
     162
     148
     167
     171
     151
     144
     160
     158
     175
     179
     155
     156
     145
     161
     145
     171
     162
     140
     176
     142
     143
     139
     165
     145
     158
     165
     162
     177
     177
     159
     157
     162
     167
     168
     166
     140
     140
     156
     159
     150
     166
     166
     157
     169
     151
     159
     143
     182
     154
     159
     148
     142
     152
     152
     162
     159
     152
     151
     166
     152
     140
     173
     163
     157
     161
     155
     146
     152
     118
     135
     145
     155
     149
     170
     148
     165
     165
     152
     152
     150
     163
     147
     185
     158
     161
     153
     182
     211
     239
     260
     229
     191
     169
     142
     157
     177
     161
     202
     217
     222
     211
     176
     162
     150
     130
     151
     161
     144
     159
     162
     157
     162
     148
     130
     149
     150
     161
     166
     180
     151
     158
     133
     157
     161
     169
     130
     162
     139
     158
     171
     154
     141
     138
     160
     137
     149
     150
     143
     137
     129
     141
     170
     172
     148
     166
     165
     143
     136
     123
     127
     148
     148
     124
     155
     168
     147
     145
     138
     142
     160
     148
     158
     142
     150
     134
     150
     144
     143
     144
     141
     141
     165
     149
     153
     129
     130
     140
     129
     163
     134
     136
     171
     131
     143
     148
     175
     162
     162
     153
     158
     146
     144
     150
     173
     158
     131
     139
     166
     152
     152
     151
     193
     151
     165
     177
     174
     163
     161
     170
     161
     154
     151
     150
     141
     156
     145
     182
     173
     144
     155
     143
     154
     168
     146
     147
     134
     165
     161
     151
     141
     164
     143
     123
     132
     128
     161
     146
     157
     131
     147
     149
     134
     148
     135
     159
     142
     151
     147
     141
     156
     183
     144
     148
     135
     143
     141
     150
     165
     153
     133
     136
     129
     155
     138
     147
     153
     163
     200
     237
     341
     409
     493
     426
     305
     207
     167
     139
     138
     143
     167
     113
     146
     162
     119
     127
     119
     149
     146
     132
     114
     131
     148
     142
     145
     145
     135
     136
     140
     118
     133
     119
     144
     133
     123
     162
     121
     122
     135
     150
     161
     146
     146
     141
     157
     164
     151
     149
     147
     135
     124
     131
     134
     144
     118
     151
     138
     150
     131
     131
     161
     128
     129
     130
     118
     137
     124
     160
     144
     125
     126
     116
     140
     127
     126
     128
     134
     127
     160
     186
     168
     160
     143
     127
     146
     132
     142
     131
     143
     159
     146
     139
     131
     136
     132
     124
     137
     121
     142
     135
     142
     157
     161
     137
     139
     148
     165
     128
     127
     160
     181
     155
     171
     196
     238
     283
     307
     271
     195
     161
     130
     128
     110
     137
     149
     174
     164
     191
     168
     151
     140
     132
     135
     122
     110
     115
     123
     132
     121
     133
     116
     131
     131
     145
     124
     140
     139
     143
     134
     116
     108
     158
     137
     139
     143
     138
     130
     133
     134
     136
     140
     148
     173
     211
     221
     199
     179
     155
     144
     139
     134
     125
     138
     116
     120
      99
     132
     117
     125
     121
     113
     121
     121
     135
     110
     129
     164
     196
     283
     339
     307
     286
     214
     139
     140
      97
     127
     117
     131
     122
     116
     108
     146
     132
     134
     123
     134
     117
     128
     112
     106
     121
     100
     126
     126
     130
     112
     121
     126
     130
     155
     165
     163
     162
     122
     123
     119
     121
     126
     125
     108
     120
     115
     106
     115
     125
     130
     110
     116
     131
     124
     103
     140
      98
     130
     122
     140
     124
     117
     110
     110
     108
     102
     128
     127
     127
     117
     117
     113
     121
     108
     134
     126
     113
     129
     108
      95
     129
     132
      99
     118
     111
     123
     106
     129
     121
     115
     116
     121
     112
     118
     121
     129
     116
     115
     141
     134
     133
     140
     161
     147
     129
     108
     123
     128
     113
     131
      86
     105
     131
     146
     152
     190
     166
     181
     141
     117
     117
     117
     129
     117
     141
     156
     138
     148
     165
     151
     156
     148
     131
     123
     107
     108
     128
     107
     111
     119
     107
     113
     109
     121
     116
     119
     106
     129
     124
     116
     113
     119
     109
      99
     109
     106
      92
     104
     121
     120
     127
      97
      98
     118
      98
     101
     123
     128
     122
     116
      99
     121
     115
      95
     130
     103
     128
     112
     107
     106
     130
     135
     169
     240
     298
     306
     224
     165
     138
     119
     106
     124
     102
      97
     112
      87
     108
     109
      94
     101
     108
     111
     126
     108
      96
      99
     116
     112
      98
     105
     110
      98
     112
     114
      91
     100
     105
      90
     114
      97
     117
      99
     111
     106
     108
      99
      96
     101
      98
     113
      95
     112
     101
     113
      91
      91
     126
     120
     141
     118
     113
     108
     113
     106
     112
     109
     116
      94
      92
     104
     111
     117
     125
     120
      96
     111
     128
     118
     106
      93
     115
     108
     110
     109
      96
     104
     119
     101
     117
     125
      95
     109
     123
     125
     103
     143
     131
     135
      89
     112
     104
     116
     125
     105
     113
      98
     106
     102
     125
     139
     115
     112
     114
      79
     108
     114
     112
     116
     103
     108
     108
      99
     116
     128
     129
     139
     125
     134
     130
     106
     109
     104
     120
     124
     113
     119
     109
      99
     107
     141
     153
     246
     417
     744
    1010
    1260
    1057
     778
     460
     282
     147
     121
     103
      94
     103
     120
      96
     101
      97
     102
      89
     104
      94
     104
     102
      96
     106
      88
     124
     104
     113
      88
     103
     100
     100
      91
     122
     114
      81
     102
     100
     103
     106
     101
      95
      87
     100
      93
     102
     126
     105
      86
      84
      86
      99
      94
     120
     102
     102
     110
      94
     109
      86
      89
     104
     122
     149
     184
     185
     222
     183
     186
     121
      95
      98
      98
     112
      81
     119
     110
     113
     107
      86
     101
      96
      82
      96
     100
     110
     106
     101
     107
     110
      99
      92
     109
      95
      92
      76
      88
     102
     105
     101
      93
     109
      83
      98
     116
      98
     109
     114
     112
     124
     111
     122
     108
     117
     111
     104
      91
     113
     104
     103
      83
     104
      99
     101
     105
     109
      98
     117
      96
     100
     107
      98
     113
     105
     106
      91
      99
      98
      97
      94
      95
      86
     115
     115
      95
     110
     100
     137
     174
     246
     279
     300
     247
     210
     134
     119
     133
     136
     165
     233
     379
     608
     746
     690
     564
     419
     220
     130
     104
      95
     119
      83
      98
      87
      89
     100
     101
      89
     100
     107
     100
     104
      84
      94
     108
      91
      93
      87
      70
      78
      95
      86
     104
     110
     100
      94
      80
      80
      94
     120
      98
     102
      95
     103
      86
      85
      85
     104
      82
      79
     109
      94
      98
      96
      92
      86
      99
     100
      87
     101
     102
      84
      80
      97
      72
      90
     101
      89
      99
      76
      70
      94
      86
     109
      90
      97
      70
     100
      79
      92
     102
      97
     104
      97
      89
      90
      80
      98
     101
     128
     143
     162
     152
     146
     128
     117
      91
      97
     112
      90
      89
      85
      82
      88
      95
      77
      94
      86
      97
     100
      82
      97
      84
      95
      93
      86
     100
      69
      97
      81
      87
      85
      93
     108
      86
      89
     100
      93
      90
     107
      89
     104
      94
      91
      96
     105
      95
     112
     102
      94
      82
      75
      71
      84
      86
      92
      86
      97
     110
     103
      99
      88
      91
      92
      79
      99
      69
      98
      94
      87
      85
     109
     101
      97
     107
      90
     112
      74
      94
      80
      85
      92
      99
      89
      80
      95
      90
      86
      87
      86
     111
     113
     111
     107
      97
     100
      83
      86
     111
      93
      94
      83
      94
     100
      84
      87
      84
     115
      91
     118
      95
      84
      93
      96
      89
      97
      90
      90
      99
      92
      96
     102
      94
      85
      89
      98
      69
      94
      86
      95
      93
      88
      83
      91
      91
      90
     100
      86
      89
     100
     101
      96
     103
     121
      96
      84
      95
      79
      88
     119
      85
      98
      90
      90
     101
      84
      78
      83
      87
     111
     106
      79
      90
      99
      82
     101
      85
      92
      71
      82
      88
     104
     105
      92
      87
      96
     103
      87
      91
     103
     104
     102
      90
      92
     113
     106
      89
     101
      91
      83
      97
      90
      95
     127
      85
      97
      94
      70
     103
      90
      94
      92
      84
      88
      99
      93
      80
      91
     100
      81
     100
      74
      99
      89
      88
     114
      96
     121
     132
      92
      93
      88
     111
      92
      94
      87
      99
      92
      66
      84
     101
      82
     101
     105
     101
     104
      92
     103
      81
      88
      68
     105
      77
      89
     100
     103
      90
      98
      87
      89
      89
      91
      92
     111
      87
     101
      92
     120
      93
     106
     114
     104
      87
     106
     110
      95
      86
      94
     107
      86
      91
      84
      85
      96
      85
      99
      70
      93
      80
      81
      91
      88
      96
      88
      99
      94
     106
      90
     104
      95
      85
     102
      99
      94
      84
      76
      61
      90
      93
      89
      93
      92
      87
      99
     114
      93
     102
     107
     100
      86
      89
      95
      70
      98
     106
      99
      78
      97
      86
      96
      94
     101
     104
      94
      81
      90
      98
     134
     164
     241
     350
     444
     613
     505
     495
     311
     204
     126
      98
      79
      92
     102
      91
      93
      99
      86
      89
      94
      86
      97
      87
      88
      80
      73
      98
      94
      80
      87
      85
      98
      93
     109
      95
      97
      91
     102
     101
     102
      97
      98
     117
     106
      95
      88
      92
      89
      90
      91
      95
      90
      96
      94
      93
     104
     107
      84
      85
      73
     102
      76
      96
      91
      76
      95
     100
      80
     100
      74
     104
      95
     102
      87
      76
      89
      89
      93
      97
      84
      88
      83
      85
      94
     100
      96
      88
      98
      91
      84
      80
      95
      95
      95
      85
      95
     101
     106
     123
     123
     126
     160
     134
     149
      96
     101
      90
     100
      86
      96
     106
      89
      94
      77
     109
     110
      91
     102
     102
      79
      97
     101
     101
     119
      91
      82
      90
     109
      84
      83
      72
      84
      99
      98
      99
      85
      85
      90
     103
     102
     102
      81
      93
      96
     106
      99
      96
      85
      81
     108
      90
      96
      95
      95
      97
      89
     116
      84
      91
      90
     109
      81
      82
      87
      96
     111
      96
      85
      99
      86
      88
      95
     100
      86
     105
     111
     105
      92
      97
      90
     107
      85
     103
      81
      81
     103
     106
      94
      94
      84
      97
      82
      89
     109
      94
      80
      96
      88
     118
     102
     108
      87
      89
      90
     104
      85
      96
      78
      87
      85
      88
      89
      89
     102
     101
      97
     104
      97
      70
     100
     107
      84
      85
      90
      81
      99
      78
     113
      99
     101
     100
      85
      93
     110
     105
      97
     100
      95
      85
      99
     102
      87
      90
     100
      94
      88
      97
     136
     126
      96
     106
     119
      93
     109
      89
     120
     107
      97
     104
     101
      82
      86
      94
     104
     103
      97
      93
      93
     109
      88
      97
      93
     102
      89
      97
     105
     100
      95
     100
      89
     104
      90
     102
     105
      94
     102
      90
     109
     106
     124
      89
      97
     110
      96
     104
     100
     105
     102
      97
      97
      99
     107
      85
     111
     104
      92
      94
      78
      93
     108
      94
     108
     110
     103
     107
      89
     117
      97
     112
      90
     106
      85
     107
     107
     103
     102
     117
     122
     147
     195
     251
     259
     296
     242
     165
     128
     105
      77
     102
     108
     105
     106
      79
      93
      76
     110
      83
      93
      84
      91
      88
      88
      85
     105
     103
      90
      86
     109
      81
      80
      89
      85
      70
      87
      84
      69
      71
      68
      67
      98
      75
      69
      92
      86
     100
      92
      97
      81
      85
      73
      68
      69
      75
      91
      70
      78
      78
      62
      77
      71
      73
      83
      84
      71
      84
      67
      76
      59
      74
      70
      89
      73
      79
      71
      68
      66
      59
      78
      73
      73
      79
      75
      80
      89
      67
      66
      77
      70
      79
      68
      74
      71
      82
      69
      83
      75
      69
      76
      82
      81
      76
      70
      72
      86
      76
      79
      76
      73
      78
      74
      68
      84
      71
      66
      75
      81
      87
      78
      70
     116
     121
     120
      80
      84
      76
      61
      65
      59
      52
      82
      73
      66
      84
      80
      77
      58
      65
      64
      64
      70
      73
      74
      56
      63
      67
      78
      63
      73
      71
      59
      70
      67
      61
      65
      82
      67
      67
      66
      49
      76
      65
      71
      78
      59
      63
      62
      67
      61
      52
      55
      64
      61
      66
      66
      73
      54
      69
      63
      55
      66
      62
      63
      62
      57
      60
      56
      59
      73
      68
      64
      79
      47
      70
      51
      62
      67
      75
      56
      65
      57
      67
      67
      72
      73
      75
      74
      68
      69
      57
      50
      63
      73
      51
      52
      53
      71
      81
      62
      63
      68
      66
      57
      58
      68
      60
      56
      68
      50
      56
      59
      67
      65
      55
      65
      63
      52
      51
      61
      46
      59
      74
      57
      65
      47
      69
      61
      54
      56
      63
      53
      53
      52
      54
      49
      55
      72
      56
      69
      71
      56
      43
      65
      65
      53
      64
      57
      53
      51
      60
      56
      51
      47
      69
      67
      67
      55
      65
      53
      46
      51
      55
      44
      51
      44
      56
      54
      53
      47
      58
      48
      67
      49
      49
      45
      41
      42
      47
      58
      60
      59
      62
      48
      59
      51
      52
      47
      43
      45
      44
      63
      68
      60
      48
      47
      57
      60
      52
      49
      43
      50
      54
      48
      37
      51
      50
      53
      59
      52
      50
      38
      60
      55
      41
      44
      46
      47
      54
      37
      53
      42
      45
      47
      52
      40
      43
      37
      56
      42
      42
      38
      59
      51
      55
      51
      44
      44
      56
      58
      46
      46
      44
      40
      48
      48
      47
      49
      43
      37
      36
      44
      53
      52
      51
      47
      46
      50
      45
      32
      41
      50
      54
      58
      56
      65
      73
      83
     144
     180
     174
     156
     132
     106
      81
      52
      54
      47
      48
      46
      40
      41
      52
      55
      44
      43
      50
      37
      72
      60
      61
      73
      57
      65
      70
      62
      46
      43
      44
      48
      51
      51
      48
      34
      43
      37
      38
      38
      56
      45
      43
      55
      59
      42
      47
      50
      37
      26
      49
      50
      49
      47
      51
      44
      33
      39
      48
      52
      43
      43
      60
      47
      67
      46
      78
      82
      90
      73
      87
      66
      62
      49
      52
      33
      37
      45
      46
      49
      48
      50
      46
      70
     101
      99
     114
     113
     110
      91
      74
      44
      45
      38
      39
      42
      35
      41
      35
      44
      39
      41
      41
      54
      50
      38
      56
      53
      46
      34
      35
      48
      31
      38
      55
      48
      48
      48
      36
      42
      37
      43
      43
      43
      44
      38
      32
      43
      50
      53
      40
      44
      40
      39
      37
      47
      43
      38
      38
      34
      36
      53
      40
      58
      46
      51
      33
      43
      48
      45
      42
      42
      60
      54
      39
      41
      47
      37
      48
      37
      41
      42
      41
      42
      44
      39
      40
      43
      46
      47
      47
      48
      58
      54
      45
      44
      42
      42
      47
      42
      52
      45
      29
      56
      35
      33
      45
      44
      48
      39
      52
      34
      38
      34
      43
      37
      55
      47
      45
      44
      42
      37
      55
      39
      55
      46
      53
      48
      53
      49
      39
      55
      39
      48
      44
      49
      49
      39
      49
      40
      34
      53
      43
      55
      71
      76
     110
     155
     300
     557
    1042
    1821
    2592
    3370
    3858
    3513
    2684
    1744
     919
     416
     171
      67
      46
      33
      27
      31
      36
      30
      34
      27
      33
      30
      27
      35
      35
      30
      30
      47
      35
      23
      27
      29
      39
      35
      33
      31
      33
      37
      40
      35
      30
      32
      21
      27
      25
      20
      41
      24
      21
      31
      33
      37
      26
      27
      27
      43
      33
      16
      44
      30
      31
      34
      39
      33
      34
      32
      34
      29
      26
      37
      32
      36
      29
      24
      29
      30
      28
      31
      33
      31
      39
      43
      43
      28
      19
      33
      34
      35
      35
      37
      28
      31
      29
      26
      33
      26
      32
      46
      50
      48
      38
      68
      61
      53
      43
      44
      24
      32
      35
      32
      30
      28
      38
      44
      37
      49
      35
      43
      36
      52
      37
      36
      27
      36
      35
      41
      26
      23
      29
      31
      21
      28
      39
      41
      42
      56
      58
     101
      82
     101
      80
      79
      60
      51
      41
      42
      43
      36
      43
      42
      48
      24
      30
      32
      28
      30
      32
      41
      18
      20
      26
      29
      28
      30
      40
      13
      24
      26
      35
      29
      29
      33
      29
      34
      29
      31
      26
      29
      36
      26
      28
      28
      29
      29
      28
      38
      35
      36
      37
      22
      29
      30
      37
      29
      38
      29
      30
      21
      21
      29
      43
      24
      43
      26
      32
      23
      29
      33
      28
      39
      33
      23
      42
      32
      34
      41
      36
      29
      31
      35
      45
      36
      34
      35
      29
      30
      40
      21
      34
      37
      36
      37
      39
      44
      33
      39
      38
      41
      33
      21
      22
      24
      29
      27
      16
      29
      25
      24
      40
      31
      29
      30
      26
      19
      23
      26
      23
      23
      28
      36
      21
      25
      23
      20
      20
      26
      40
      26
      25
      29
      31
      33
      40
      33
      24
      25
      26
      18
      31
      21
      33
      26
      28
      21
      26
      27
      23
      30
      21
      21
      23
      29
      22
      28
      36
      30
      24
      37
      31
      21
      26
      22
      34
      18
      25
      20
      24
      25
      30
      25
      26
      29
      21
      27
      22
      31
      28
      28
      31
      21
      22
      25
      29
      25
      29
      23
      27
      24
      25
      31
      36
      39
      36
      47
      49
      51
      41
      36
      43
      34
      42
      30
      53
      40
      44
      35
      51
      32
      29
      28
      31
      36
      38
      48
      82
      95
      96
     116
     118
      87
      75
      56
      49
      29
      31
      32
      35
      60
      68
      87
      57
      69
      57
      51
      47
      33
      45
      33
      38
      22
      25
      31
      32
      18
      40
      32
      20
      27
      29
      37
      23
      38
      31
      19
      29
      37
      22
      28
      24
      26
      30
      22
      24
      30
      14
      18
      19
      39
      25
      23
      24
      24
      23
      25
      30
      28
      20
      17
      26
      18
      30
      32
      20
      29
      23
      15
      22
      26
      29
      30
      26
      19
      29
      22
      29
      21
      23
      27
      30
      28
      34
      26
      34
      48
      52
      55
      72
      59
      57
      60
      34
      35
      31
      33
      28
      26
      31
      27
      42
      39
      27
      35
      27
      23
      32
      28
      21
      37
      23
      43
      31
      43
      55
      73
      66
      64
      58
      39
      25
      24
      27
      28
      25
      19
      20
      18
      21
      30
      35
      17
      21
      36
      36
      34
      39
      39
      30
      35
      35
      23
      15
      29
      23
      19
      16
      29
      13
      17
      27
      22
      22
      18
      22
      15
      16
      13
      23
      31
      19
      31
      22
      20
      22
      24
      18
      16
      27
      26
      17
      24
      22
      22
      18
      31
      26
      14
      26
      19
      26
      27
      21
      15
      24
      17
      28
      34
      28
      17
      17
      17
      13
      26
      23
      28
      26
      31
      39
      50
      53
      46
      48
      43
      41
      22
      20
      22
      23
      13
      22
      16
      22
      31
      31
      22
      29
      21
      23
      21
      24
      25
      21
      25
      14
      27
      28
      27
      23
      18
      29
      17
      27
      22
      26
      29
      18
      17
      12
      24
      21
      15
      25
      17
      25
      23
      23
      22
      19
      25
      25
      25
      21
      25
      23
      20
      18
      21
      21
      13
      25
      21
      20
      25
      31
      29
      35
      37
      24
      31
      27
      23
      26
      25
      26
      21
      17
      17
      17
      22
      24
      29
      27
      25
      28
      29
      20
      26
      27
      23
      25
      18
      17
      36
      11
      16
      19
      14
      17
      15
      23
      15
      18
      22
      18
      19
      21
      18
      25
      25
      16
      21
      22
      15
      13
      20
      12
      14
      25
      21
      26
      23
      22
      21
      10
      25
      21
      14
      23
      19
      14
      17
      20
      21
      19
      22
      26
      22
      23
      30
      23
      11
      12
      23
      17
      14
      18
      14
      21
      15
      21
      16
      17
      19
      15
      13
      21
      21
      20
      18
      27
      25
      16
      21
      26
      15
      20
      19
      19
      19
      20
      27
      14
      17
      14
      20
      22
      15
      20
      28
      15
      25
      19
      22
      41
      45
      59
      64
      91
      91
     104
     107
      70
      43
      33
      39
      20
      17
      19
      24
      27
      17
      19
      25
      20
      26
      18
      19
      21
      23
      16
      22
      22
      26
      34
      20
      15
      22
      20
      20
      16
      35
      15
      25
      13
      21
      25
      17
      18
      12
      29
      24
      16
      21
      22
      16
      17
      23
      15
      10
      22
      17
      18
      17
      15
      14
      18
      26
      22
      13
      25
      25
      21
      18
      21
      12
      11
      17
      28
      19
      24
      15
      17
      18
      17
      25
      19
      24
      15
      33
      22
      13
      23
      25
      26
      23
      17
      11
      36
      46
      72
     128
     189
     271
     333
     430
     466
     393
     265
     176
     115
      63
      41
      23
      16
      16
      12
      20
      17
      24
      23
      20
      13
      22
      19
      22
      13
      27
      23
      21
      10
      16
      18
      13
      13
      21
       9
      16
      16
      21
      20
      15
      24
      15
      22
      23
      28
      18
      18
      14
      20
      17
      21
      22
      27
      21
      23
      25
      22
      14
      21
      17
      15
      21
      14
      18
      18
      15
      11
      19
      21
      26
      23
      17
      11
      18
      14
      11
       6
      23
      20
      14
      17
      23
      21
      16
      13
      17
      20
      14
      20
      20
      15
      19
      22
      14
      14
      13
      16
      18
      26
      17
      22
      18
      21
       8
      11
      29
      12
      22
      19
      22
      15
      15
      28
      22
      14
      15
      18
      20
      31
      10
      16
      22
      19
      21
      11
      23
      22
      14
      15
      16
      17
      21
      15
      15
      20
      18
      16
      15
      18
      25
      16
      17
      14
      16
      23
      24
      18
      24
      14
      13
      25
      16
      14
      16
      18
      18
      20
      23
      17
      13
      18
      24
      15
      24
      13
      22
      17
      19
      30
      18
      12
      20
       8
      16
      21
      17
      14
      17
      17
      18
      20
      16
      11
      14
      17
      29
      14
      18
      21
      24
      24
      19
      18
      20
      15
      22
      12
      19
      11
      18
      18
      21
      15
      11
      14
      12
      25
      27
      23
      24
      27
      13
      19
      18
      17
      21
      15
      23
      17
      19
      21
      22
      16
      22
      16
      16
      31
      31
      27
      52
      48
      75
      68
      63
      61
      56
      36
      22
      20
      27
      17
      22
      20
      19
      18
      21
      24
      16
      14
      15
      16
      18
      17
      15
      14
      21
      19
      17
      22
      15
      21
      18
      18
      24
      16
      16
      15
      14
      16
      16
      16
      16
      19
      29
      16
      15
      10
      21
      14
      24
      14
      22
      17
      18
       9
      14
      14
      27
      14
      18
      20
      18
      21
      13
      17
      15
      17
      11
      16
      14
      24
      27
      24
      23
      32
      18
      27
      27
      20
      22
      21
      22
      13
      15
      18
      28
      22
      15
      19
      25
      12
      25
      14
      27
      25
      20
      11
      13
      17
      18
      28
      20
      21
      20
      23
      18
      19
      10
      26
      24
      17
      16
      17
      27
      18
      17
      22
      19
      19
      17
      20
      21
      17
      31
      19
      22
      19
      14
      23
      24
      19
      22
      15
      22
      19
      20
      16
      22
      22
      18
      13
      21
      19
      13
      12
      16
      18
      22
      15
      19
      15
      18
      26
      21
      14
      18
      21
      13
      15
      19
      14
      20
      16
      15
      20
      12
      21
      17
      16
      14
      17
      17
      21
      21
      14
      23
      20
      20
      27
      19
      13
      23
      13
      25
      19
      21
      17
      13
      25
      14
      20
      12
      17
      27
      19
      18
      19
      23
      21
      18
      19
      18
      12
      20
      18
      17
      16
      19
      18
      17
      11
      17
      13
      17
      11
      13
      12
      16
       9
      21
      18
      11
      21
      26
      23
      15
      15
      14
      11
       9
      20
      18
      27
      17
      21
      17
      17
      20
      17
      22
      23
      15
      20
      21
      21
      17
      16
      26
      21
      30
      11
      26
      16
      20
      15
      11
      11
       9
      16
      27
      15
      18
      14
      14
      16
      21
      15
      21
      21
      18
      22
      18
      12
      17
      12
      21
      12
      17
      13
      12
      20
      20
      14
       9
      23
      23
      17
      14
      16
      20
      19
      19
      25
      23
      15
      21
      24
      16
      16
      14
      16
      15
      12
      15
      21
      18
      11
      24
       8
      19
      16
      17
      17
      15
      18
      12
      13
      26
      20
      15
      14
      16
      19
      18
      21
      10
      21
      25
      28
      15
      27
      12
      18
       9
      16
      18
      23
      15
      19
      16
      15
      22
      15
       9
      19
      20
      21
      12
      16
      13
      24
      18
      14
      13
      11
      20
      13
      12
      20
      19
       9
      20
      17
      21
      12
      19
      24
      17
      16
      12
      16
      22
      12
      20
      19
      13
      24
      15
      15
      20
      19
      19
       8
      13
      17
      13
      23
      25
      18
      16
      17
      13
      25
      13
      24
      13
      11
      26
      20
      19
      10
      16
      18
      24
      18
      16
      21
      15
      19
      20
      19
      14
      13
      15
      19
      13
      15
      17
      22
      15
      14
      14
      18
       8
      15
      19
      20
      13
      25
      18
      19
      17
      14
      18
      12
      17
      19
      21
      17
      15
      17
      19
      20
      15
      24
      15
      14
      12
      17
      19
      19
      25
      17
      15
      17
      15
      15
      16
      20
      20
      18
      18
      11
      12
      22
      15
      21
      20
      18
      22
      21
      24
      18
      14
      22
      16
      16
      11
      12
      20
      22
      20
      17
      17
      14
      14
      14
      18
      22
      11
      17
      16
      16
      21
      12
      13
      20
      22
       9
      13
      10
      14
      17
      15
      13
      14
      12
      11
      16
      13
      11
      19
      19
      24
      15
      16
      16
      16
      16
      10
      18
      20
      20
      12
      15
      13
      20
      20
      15
      17
      17
      17
      16
      16
      16
      12
      16
      13
      15
      19
      20
      12
      24
      12
      17
      11
      11
      16
      17
      10
      19
      18
      14
      19
      12
      11
      18
      16
      20
      20
      11
      16
      14
      15
      10
      13
       7
      20
      23
      16
      10
      20
      19
      21
      19
      12
      18
      18
      14
      18
       9
      17
       9
      28
      13
      21
      15
      16
      17
      15
      25
      23
      18
      18
      21
      10
      19
      13
      22
      13
       8
      14
      19
      20
      23
      13
      18
       9
      11
      14
      12
      20
      13
      14
      11
      11
      16
      14
      15
      11
      15
      12
      20
      17
      18
      26
       8
      10
      23
      15
      19
      12
      18
      16
      19
      24
      16
      14
      13
      14
      11
      19
      12
      15
      12
      20
      14
      22
      15
      13
      16
      12
      16
      12
      11
      14
      18
      17
      10
       9
      14
      10
      15
      17
      14
      20
      15
      12
      11
      11
      24
      22
      17
      21
      10
      13
       9
      17
      18
      16
      19
      12
      16
      17
      25
      11
      16
      16
      11
      19
      17
      12
      15
      23
      18
      19
      13
      26
      27
      24
      22
      37
      33
      54
      74
      77
      94
      82
      86
      81
      73
      55
      39
      38
      31
      18
      17
      22
      22
      21
      21
      17
      25
      27
      14
      23
      17
      22
      18
      17
      19
      22
      26
      16
      18
      10
      17
      19
      14
      13
      14
      11
      17
      29
      18
      40
      39
      35
      43
      47
      37
      29
      26
      29
      23
      16
      12
      19
      16
      16
      14
      19
      16
      16
      11
      22
      11
      13
       7
      16
      18
      16
      17
      16
      12
      12
      20
      11
      11
      20
      14
      16
      15
      14
      16
      19
      13
      20
      14
      10
      16
      17
      10
      15
      14
      12
      16
      25
      17
      17
      20
      15
      19
      14
      13
      19
       8
      12
      19
      15
      13
      17
      15
      16
      24
      17
      10
      20
      12
      11
      12
      16
      20
      15
      12
      15
      18
      11
      17
      13
      13
      13
      12
       9
      17
      13
      18
      10
      16
      21
      13
      16
      19
      16
      14
      16
      10
      11
      11
      12
       9
      19
      16
      17
      20
      18
      15
      20
      15
      12
      18
      14
      16
      15
      16
      15
       9
      24
      18
      15
      15
      13
      15
       9
      21
      11
      12
      10
      16
      11
      19
      14
      10
       7
      21
      14
      16
      11
      18
      24
      14
      13
      17
      19
      11
      13
      15
      20
      26
      24
      17
      12
      17
      21
      22
      15
      16
      12
      12
      15
      20
      15
      14
      12
      17
      16
      13
      22
      18
       9
      17
       8
      23
      13
      17
      12
       6
      21
      14
      19
      18
      26
      15
      17
      20
      14
      13
      21
      16
      17
      15
      16
      21
      13
      12
      21
      15
      11
       8
      18
      19
      21
      17
      17
      20
      19
      27
      15
      15
      22
      17
      13
      14
      23
      16
      11
      19
      15
      12
      17
      25
      18
      15
      23
      12
      14
      25
      28
      41
      54
      73
      91
     125
     137
     116
      85
     101
      74
      49
      26
      20
      15
      13
      14
      20
      17
      17
      17
      23
      14
      19
      23
      11
      20
       9
      14
      20
       9
       9
      20
      18
      13
       9
      22
      13
      17
      15
      10
      12
      14
      10
      24
      15
      21
      12
       8
      15
      17
      10
      15
      15
      17
      13
       8
      20
      23
      25
      26
      17
      15
      13
      17
      13
      20
      17
      18
      14
      13
      14
      17
      17
      14
      28
      16
       9
      14
       8
      21
      14
      11
       9
      16
      17
      12
      12
      13
      15
      16
      20
      16
      12
      12
      12
      10
      10
      12
      20
      14
      15
      19
      11
      14
      10
      13
      13
      16
      10
      13
      22
      13
       8
      11
       9
      16
      12
      18
      20
      19
      22
      12
      16
      16
      13
      13
      13
      15
      13
      17
      14
       9
      12
      12
      22
      18
      15
      16
      16
       7
      10
      15
      17
      23
      10
      18
      26
      15
      14
      12
      18
      16
      15
      19
      10
      13
      16
      16
      18
      16
      23
      15
      16
      12
      15
      12
      10
      18
       8
      20
      10
      26
      19
      14
      20
      24
      20
      17
      15
      16
      15
      18
      22
      11
      18
      16
      21
      13
      23
       9
      15
      24
      12
      16
      16
      21
      19
      15
      10
      12
      12
      14
      18
      17
      15
      19
      10
      14
      18
      15
      14
      21
      13
      15
      18
      18
      17
      15
      14
      16
      19
      23
      13
      21
      19
      18
      22
      16
      16
      17
      12
      28
      11
      17
      17
      13
      14
       6
      12
      13
      14
      14
      20
      18
      14
      25
      18
      20
      20
      32
      21
      23
      21
      21
      18
      17
      20
      11
      13
      20
      17
       9
      25
      17
      15
      11
      15
      16
      16
      10
      13
       8
      11
      13
      18
      10
      16
      16
      22
      16
      10
      17
      19
      13
      19
      15
      21
      20
      17
      19
      14
      13
      12
      18
      12
      14
      16
      14
      18
      13
      14
      15
      19
      11
      19
      14
      11
      15
      16
      27
      23
      19
      18
      15
      11
      16
      12
      10
      15
      23
      17
      13
      22
      14
      12
      14
      19
      17
      17
      12
      21
      20
      16
      15
      20
      15
      15
      16
      15
      20
       9
      12
      14
      11
      21
      21
      13
      22
      25
      14
      14
      20
      16
      19
      15
      14
      18
      26
      21
      15
      15
      23
      11
      16
      28
      15
      14
      25
      12
      11
      18
      15
      14
      16
      19
      26
      21
      18
      19
      16
      20
      19
      23
      18
      18
      14
      18
      14
      16
      26
      13
      24
      21
      13
      11
      17
      14
      20
      16
      16
      13
      21
      22
      19
      17
       7
      23
      10
      11
      12
      21
      21
      19
      16
      18
      22
      20
      22
      16
      21
      18
      12
      22
      12
      15
      17
      17
      17
      16
      15
      21
      20
      17
      24
      29
      18
      18
      17
      17
      15
      13
      19
      15
      23
      17
      24
      13
      14
      18
      19
      24
      17
      25
      19
      23
      17
      18
      16
      13
      16
      17
      15
      22
      21
      14
      18
      21
      13
       9
      18
      21
      16
      15
      20
      22
      13
      12
      15
      18
      20
      26
      28
      21
      16
      19
      20
      16
      16
      15
      14
      13
      12
      14
      10
      17
      12
      10
      13
      21
      15
      17
      19
      11
       9
      14
      18
      18
      10
      12
       9
      14
      12
      12
      16
      12
      14
      15
       5
       9
       8
      14
      18
      16
      10
      19
      13
      19
      14
      17
      14
      17
      17
      23
      12
      19
      12
      11
       8
      17
      18
      12
      10
      16
      11
      15
      18
      17
       7
      15
      14
      16
      16
      15
      16
      15
      13
      20
      11
      11
      11
      13
       9
      16
       9
       5
       7
      15
      13
      19
      18
      13
      20
      17
       7
      13
      13
      14
      18
       8
       5
       9
      11
      14
      17
      12
       9
      19
      16
      19
      18
      10
      12
      16
      12
      19
      14
      11
      16
       9
      13
      12
      17
      13
      16
      18
      12
      18
       9
      15
      20
      10
      13
       4
      17
      15
      19
      11
      11
      12
       7
       7
       8
       6
       4
      21
      10
      10
      15
      16
      13
      13
       8
      14
      12
      12
      10
       7
      12
      16
       9
      12
      12
      14
      15
      10
      14
      21
      12
      14
      10
      16
      12
      13
       7
      17
      14
      11
      11
      15
      15
      11
      15
      12
       7
      12
      11
      13
      17
      15
      16
      15
      25
      25
      23
      46
      51
      39
      33
      39
      26
      11
      25
      10
      16
      18
      12
      10
      13
       9
      10
       6
       9
      15
      10
      17
      13
       7
       8
       9
      12
       9
       9
      13
      12
      13
       8
       8
       9
      11
       6
      11
       9
      11
      16
      16
      10
      14
       9
       9
       8
       4
       5
      16
      12
       9
       6
       6
       7
      19
      12
       8
      11
      12
       5
       8
      12
      10
      10
      13
      12
       7
       8
      10
       6
       6
       7
       7
      10
      11
      11
       7
       5
       5
      16
      14
      13
      10
       7
       4
      11
      10
       9
      10
      10
       8
       6
      12
       7
       3
       8
       8
       6
       7
       8
      10
       6
       5
       6
      12
      15
       5
       7
       8
       5
      10
       9
       4
       6
      11
      15
       8
       8
       6
       5
      13
       5
       8
       5
       3
      11
      11
       5
       2
      17
      12
       9
       6
       9
      12
       9
       7
       7
      10
       6
      11
       2
      14
       7
       6
       4
       9
       9
       4
      14
       8
      12
       4
       3
       9
       6
       9
       7
       4
       7
       5
      11
       7
       7
       4
       9
       5
       9
       5
       6
      11
       6
       9
       5
       6
       7
       6
       5
       7
       7
       5
       7
       5
       7
       8
      11
       6
       9
       5
       5
       4
      17
       4
      10
       8
       9
       4
      13
       7
       4
       8
       6
       9
       5
       4
       5
       2
       9
       3
       5
       8
       6
       6
       4
       3
      13
       9
      10
       7
       6
       7
       7
       7
       2
       5
       5
       5
       7
       4
       2
       7
       6
       7
      10
       5
       2
       7
      11
       7
       7
       3
       6
       5
       5
       7
      10
       9
      12
       7
       6
       7
       3
       6
       7
       4
       8
       3
       4
       3
       5
       6
       7
       7
       6
       6
       2
       5
       5
       2
       2
       7
      10
       6
       3
       7
       6
       3
       4
       6
       7
       4
       7
      10
       5
       2
      11
       8
       4
       6
       2
      12
      10
       8
       6
       9
       6
       8
       6
       3
      10
       7
      10
       9
       8
       4
       9
       7
      10
       6
       3
       7
       7
       7
       5
       4
      11
       6
       9
       7
       9
       5
       4
       9
       8
       6
       6
       6
       4
       4
       7
       3
       9
       2
       8
       6
       6
       6
       4
       6
       4
       5
       6
       3
       6
       5
       8
       4
       8
       7
       8
       2
       9
       6
       1
       5
       7
       2
       9
       3
       6
       9
       3
       6
       8
       2
       0
       7
       9
      10
      13
       3
       9
       8
       6
       7
       5
       4
       5
       6
       9
      10
       4
       9
       2
       5
       4
      10
       6
       5
       7
       6
       3
      11
       5
       4
       7
       8
       3
       4
       4
       5
       8
       4
       6
       2
       4
       6
       6
       5
       8
       6
      10
       6
       3
       7
      10
       4
       9
       5
       5
       4
       3
       7
       9
       7
       7
       5
       3
       6
      10
      13
       6
       8
       1
       8
       7
       9
       6
       9
       8
       7
      12
       8
      13
       8
       9
      14
      13
      18
      18
      32
      47
      76
     108
     180
     247
     346
     509
     604
     646
     671
     628
     508
     403
     252
     175
      97
      33
      26
      12
       7
       5
       6
       0
       5
       4
       3
       6
       2
       4
       5
       2
       2
       7
       1
       5
       6
       5
       3
       7
       2
       3
       5
       4
      12
       4
       5
       3
       3
       2
       2
       5
       3
       3
       4
       5
       5
       5
       5
       5
       6
       4
       4
       3
       1
       3
       6
       2
       5
       1
       5
       1
       6
       4
       2
       5
       4
       4
       1
       6
       1
       5
       5
       5
       4
       3
       5
       7
       7
       9
       8
       4
       3
       5
       5
       3
       5
       6
       5
       1
       2
       3
       4
       3
      10
       5
       3
       3
       4
       2
       1
       4
       4
       4
       3
       0
       3
       4
       7
       6
       4
       7
       1
       2
       2
       5
       3
       6
       2
       6
       1
       5
       8
       3
       2
       5
       4
       7
       3
       5
       4
       2
       3
       3
       1
       3
       6
       0
       5
       4
       5
       4
       4
       3
       3
       4
       3
       0
       3
       4
       8
       3
       3
       5
       0
       4
       3
       1
       3
       4
       4
       1
       5
       4
       3
       6
       5
       3
       4
       2
       3
       5
       3
       2
       4
       2
       3
       4
       1
       3
       2
       2
       1
       5
       6
       3
       6
       7
       3
       1
       2
       5
       3
       4
       5
       6
       2
       6
       3
       4
       8
       5
       5
       1
       3
       5
       2
       2
       3
       3
       3
       2
       6
       5
       3
       3
       3
       8
       2
       5
       3
       3
       2
       8
       4
       6
       5
       8
       3
       6
       3
       5
       4
       3
       5
       6
       5
       3
       6
       5
       3
       2
       3
       6
       3
       2
       2
       6
       2
       4
       3
       2
       3
       7
       2
       4
       2
       4
       4
       3
       4
       4
       5
       5
       4
       6
       3
       1
       3
       3
       1
       5
       4
       3
       3
       3
       1
       3
       4
       5
       2
       4
       2
       1
       2
       1
       2
       1
       5
       3
       3
       5
       5
       2
       1
       4
       5
       4
       7
       4
       2
       4
       4
       2
       4
       5
       5
       3
       4
       4
       3
       4
       8
       9
       3
       1
       0
       7
       1
       7
       1
       3
       8
       4
       4
       3
       2
       4
       2
       9
       2
       6
       1
       7
       4
       5
       1
       3
       2
       7
       3
       6
       6
       3
       4
       1
       4
       6
       3
       4
       1
       2
       2
       3
       2
       2
       3
       3
       4
       5
       5
       4
       4
       1
       3
       2
       5
       3
      10
       2
       3
       2
       7
       7
       1
       3
       2
       5
       2
       1
       4
       4
       4
       2
       1
       3
       1
       5
       5
       8
       6
       5
       3
       7
       5
       5
       6
       3
       1
       5
       3
       6
       1
       5
       2
       9
       4
       3
       2
       4
       4
       2
       3
       2
       1
       5
       6
       3
       4
       3
       5
       4
       3
       1
       3
       1
       5
       1
       2
       3
       4
       3
       5
       3
       6
       3
       8
       1
       3
       4
       2
       2
       5
       2
       0
       2
       2
       5
       3
       1
       3
       7
       5
       4
       1
       3
       3
       2
       3
       5
       2
       5
       5
       7
       3
       3
       2
       4
       7
       4
       6
       1
       2
       2
       2
       4
       7
       1
       7
       3
       6
       7
       3
       4
       1
       1
       1
       6
       3
       3
       6
       9
       2
       4
       3
       6
       1
       3
       2
       0
       2
       3
       3
       8
       8
       4
       3
       3
       0
       3
       4
       3
       4
       3
       1
       1
       4
       3
       4
       5
       3
       5
       4
       0
       2
       4
       4
       3
       4
       7
       2
       4
       3
       2
       3
       2
       3
       3
       5
       3
       9
       4
       4
       3
       3
       2
       3
       4
       1
       6
       5
       4
       1
       6
       4
       0
       1
       2
       5
       4
       3
       2
       7
       2
       4
       4
       3
       4
       1
       2
       3
       3
       0
       2
       6
       3
       5
       4
       2
       4
       3
       5
       4
       3
       1
       4
       2
       6
       2
       3
       1
       6
       4
       3
       1
       2
       4
       3
       6
       2
       2
       7
       5
       3
       4
       4
       1
       3
       3
       4
       6
       5
       3
       3
       4
       0
       3
       0
       2
       5
       2
       2
       5
       3
       4
       4
       5
       3
       7
       1
       4
       6
       1
       3
       3
       2
       6
       3
       3
       4
       2
       2
       3
       2
       2
       3
       7
       3
       1
       3
       5
       4
       2
       4
       3
       4
       0
       3
       4
       2
       4
       4
       2
       5
       2
       5
       8
       0
       5
       3
       2
       1
       7
       2
       3
       4
       2
       3
       3
       5
       3
       2
       5
       4
       6
       5
       3
       7
       5
       2
       2
       4
       1
       4
       2
       1
      11
       0
       1
       2
       3
       1
       2
       4
       6
       5
       1
       5
       4
       5
       1
       2
       5
       2
       2
       3
       4
       3
       4
       1
       4
       1
       1
       4
       7
       5
       8
       1
       7
       5
       2
       2
       0
       9
       4
       1
       2
       2
       2
       4
       3
       8
       5
       2
       3
       2
       2
       4
       3
       2
       0
       2
       3
       5
       0
       2
       3
       7
       4
       3
       7
       2
       2
       4
       1
       4
       2
       3
       4
       4
       4
       2
       2
       3
       5
       3
       8
       3
      10
       2
       5
       2
       2
       0
       4
       8
       3
       5
       3
       3
       4
       1
       3
       3
       3
       3
       8
       0
       2
       2
       6
       3
       2
       5
       1
       3
       3
       6
       5
       1
       4
       3
       2
       4
       1
       3
       4
       3
       1
       2
     344
     746
     723
     716
     717
     706
     693
     728
     699
     724
     716
     690
     670
     664
     739
     711
     668
     747
     677
     654
     737
     694
     701
     705
     772
     735
     693
     725
     707
     749
     710
     725
     713
     704
     731
     705
     700
     684
     722
     695
     742
     720
     715
     759
     789
     817
    1120
    2135
    5235
    9361
   26921
   22107
   11421
    2419
    1286
    1089
     928
     828
     698
     617
     542
     567
     484
     477
     403
     393
     361
     338
     342
     298
     273
     266
     263
     234
     251
     244
     241
     226
     240
     222
     207
     199
     151
     122
     144
     177
     179
     187
     140
     107
      51
      43
      43
      36
      48
      32
      29
      34
      35
      34
      38
      34
      37
      25
      43
      49
      42
      30
      42
      38
      39
      40
      38
      36
      32
      32
      26
      34
      33
      44
      31
      28
      41
      41
      44
      32
      47
      31
      43
      33
      33
      46
      37
      43
      46
      50
      52
      45
      61
      51
      55
      70
      74
      63
     132
     258
     465
     171
      10
       5
       3
       3
       0
       0
       0
       0
       0
       0
       0
       0
       0
       0
       0
       0
       0
       0
       0
       0
       0
       0
       0
       0
       0
       0
       0
       0
       0
       0
       0
       0
       0
       0
       0
       0
       0
$ROI:
0
$PRESETS:
None
0
0
$ENER_FIT:
16.546301 0.358951
$MCA_CAL:
3
1.654630E+001 3.589510E-001 2.820340E-007 keV
$SHAPE_CAL:
3
2.043840E+000 1.584700E-003 -2.059380E-007
