$SPEC_ID:
Background_Lab7
$SPEC_REM:
DET# 1
DETDESC# Rayleigh
AP# Maestro-PRO Version 9, 0, 2, 0
$DATE_MEA:
10/27/2025 16:52:43
$MEAS_TIM:
169605.24 169793.64
$DATA:
0 8191
       0
       0
       0
       0
       0
       0
       0
       0
       0
       0
       0
       0
       0
       0
       0
       0
       0
       0
       0
       0
       0
       0
       0
       0
       0
       0
       0
      42
     172
     754
    1121
    1163
    1175
    1164
    1099
    1151
    1085
    1145
    1162
    1108
    1083
    1130
    1135
    1168
    1123
    1103
    1097
    1072
    1077
    1065
    1077
    1079
    1118
    1104
    1079
    1073
    1069
    1056
    1105
     995
    1073
    1082
    1072
    1077
    1046
    1141
     995
    1064
    1020
    1012
    1031
    1101
    1030
     979
    1096
    1080
    1056
    1010
    1014
    1057
    1057
    1008
    1031
    1043
    1117
    1100
    1026
    1058
    1023
    1069
    1000
     974
    1054
    1037
     979
    1024
    1044
    1045
    1042
     969
    1006
    1017
    1033
    1077
    1050
    1077
    1067
    1083
    1073
    1111
    1081
    1079
    1061
    1028
    1064
    1052
    1088
    1143
    1148
    1147
    1166
    1165
    1174
    1187
    1137
    1241
    1255
    1217
    1220
    1256
    1447
    1627
    1450
    1274
    1192
    1201
    1228
    1235
    1251
    1336
    1277
    1305
    1219
    1270
    1332
    1299
    1321
    1330
    1363
    1345
    1416
    1417
    1438
    1416
    1444
    1543
    1587
    1780
    1844
    1654
    1740
    2168
    2943
    3628
    2971
    1858
    1600
    2066
    3191
    4151
    3875
    2286
    1322
    1225
    1256
    1347
    1310
    1247
    1244
    1299
    1369
    1305
    1314
    1211
    1226
    1286
    1406
    1526
    1718
    1918
    1703
    1662
    1487
    1378
    1481
    1743
    2193
    2477
    2384
    1803
    1396
    1320
    1382
    1642
    1934
    2080
    1767
    1418
    1305
    1424
    1575
    2103
    2477
    2571
    2251
    1983
    1477
    1312
    1257
    1297
    1148
    1162
    1144
    1144
    1197
    1155
    1205
    1189
    1315
    1264
    1394
    1311
    1323
    1308
    1120
    1186
    1186
    1145
    1196
    1167
    1179
    1154
    1163
    1211
    1173
    1239
    1371
    1358
    1422
    1338
    1258
    1230
    1185
    1146
    1171
    1245
    1248
    1253
    1282
    1305
    1180
    1125
    1189
    1202
    1186
    1205
    1304
    1290
    1260
    1325
    1216
    1162
    1215
    1261
    1327
    1338
    1232
    1281
    1156
    1161
    1202
    1209
    1171
    1180
    1189
    1156
    1174
    1181
    1189
    1225
    1239
    1292
    1217
    1238
    1178
    1134
    1246
    1289
    1199
    1238
    1279
    1231
    1240
    1258
    1265
    1264
    1275
    1306
    1247
    1197
    1346
    1520
    1604
    1765
    1689
    1421
    1292
    1253
    1315
    1280
    1208
    1345
    1217
    1277
    1250
    1224
    1262
    1261
    1333
    1289
    1286
    1200
    1303
    1256
    1303
    1300
    1256
    1238
    1212
    1262
    1248
    1321
    1255
    1323
    1236
    1296
    1246
    1267
    1279
    1215
    1325
    1356
    1346
    1360
    1477
    1474
    1369
    1262
    1244
    1292
    1228
    1215
    1300
    1236
    1241
    1222
    1187
    1219
    1249
    1188
    1185
    1287
    1235
    1165
    1233
    1217
    1241
    1177
    1182
    1236
    1318
    1289
    1364
    1392
    1341
    1265
    1188
    1193
    1186
    1198
    1182
    1184
    1163
    1157
    1197
    1176
    1263
    1227
    1168
    1146
    1244
    1180
    1160
    1223
    1123
    1178
    1183
    1195
    1161
    1244
    1199
    1167
    1122
    1156
    1159
    1131
    1184
    1148
    1099
    1121
    1134
    1102
    1181
    1139
    1081
    1088
    1089
    1194
    1110
    1144
    1090
    1116
    1092
    1160
    1116
    1139
    1076
    1147
    1089
    1100
    1189
    1191
    1109
    1122
    1115
    1129
    1159
    1123
    1104
    1068
    1127
    1094
    1146
    1040
    1082
    1168
    1174
    1127
    1154
    1125
    1080
    1092
    1179
    1210
    1106
    1109
    1161
    1417
    1652
    2044
    2371
    2440
    2241
    1590
    1273
    1097
    1063
    1086
    1074
    1128
    1088
    1026
    1095
    1060
    1113
    1121
    1067
    1095
    1076
    1090
    1084
    1011
    1019
    1000
    1077
    1070
    1062
    1037
    1059
    1069
    1012
    1024
    1061
    1044
    1089
    1100
    1068
    1057
    1079
    1070
    1089
    1025
    1052
    1058
    1049
    1035
     980
    1016
    1034
    1025
    1072
    1068
    1091
    1067
    1086
    1038
    1024
    1021
    1003
     965
    1000
    1044
    1208
    1372
    1439
    1567
    1651
    1413
    1147
     987
     969
    1031
     995
     983
     963
     985
     957
     970
     930
     976
     974
     958
     966
     957
     979
    1065
     989
     929
     986
     948
     989
     979
     956
    1020
     901
     932
     964
    1019
     966
     959
     984
     957
     959
     915
     958
     960
     883
     979
     896
     937
     917
     922
     939
     873
     938
     975
     913
    1008
     919
     905
     932
     910
     906
     893
     930
     924
     926
     940
     899
     864
     927
     950
     983
     971
     931
     948
     955
     975
    1005
    1012
    1037
    1115
    1561
    3082
    4921
    5611
    6093
    8143
    7718
    4334
    1987
    1381
    1488
    1858
    2220
    1996
    1955
    1918
    1504
     995
     784
     748
     725
     689
     817
     802
     749
     791
     777
     740
     763
     743
     814
     719
     759
     788
     744
     775
     799
     751
     732
     781
     785
     756
     691
     793
     803
     793
     740
     743
     732
     731
     726
     730
     761
     724
     770
     788
     763
     707
     731
     826
     775
     764
     765
     759
     707
     727
     685
     690
     664
     697
     714
     695
     692
     712
     718
     700
     676
     647
     667
     659
     673
     722
     646
     684
     705
     734
     702
     740
     864
     999
    1093
    1076
    1141
    1270
    1126
     903
     785
     699
     710
     700
     726
     703
     693
     707
     695
     703
     714
     717
     786
     863
     884
     833
     935
    1034
     815
     734
     673
     727
     679
     697
     656
     653
     582
     651
     668
     678
     622
     600
     609
     616
     649
     637
     632
     658
     650
     606
     643
     654
     657
     654
     655
     642
     636
     689
     668
     612
     619
     630
     609
     667
     589
     615
     630
     597
     654
     680
     826
    1270
    1722
    1899
    1843
    2371
    3021
    2713
    1618
     827
     638
     559
     590
     622
     638
     745
     846
     842
     898
     978
    1061
     931
     725
     581
     579
     590
     634
     604
     570
     579
     580
     582
     559
     576
     595
     597
     551
     587
     615
     555
     557
     606
     586
     558
     556
     527
     556
     604
     560
     560
     561
     548
     557
     524
     568
     593
     591
     579
     565
     589
     569
     572
     528
     579
     502
     550
     513
     542
     590
     540
     526
     506
     539
     551
     550
     544
     573
     608
     528
     559
     593
     573
     574
     534
     531
     561
     638
     523
     527
     553
     586
     606
     710
     730
     721
     698
     813
     883
     851
     686
     582
     570
     578
     543
     559
     555
     596
     523
     566
     539
     591
     601
     518
     552
     572
     528
     534
     518
     541
     669
     880
    1227
    1333
    1084
    1302
    1797
    1998
    1496
     896
     605
     522
     575
     541
     535
     584
     543
     512
     509
     550
     507
     494
     493
     488
     506
     540
     495
     504
     528
     514
     480
     523
     537
     514
     500
     571
     554
     752
    1265
    2143
    2661
    2349
    2158
    3197
    4612
    4376
    2637
    1120
     588
     464
     443
     456
     462
     419
     440
     418
     490
     432
     436
     426
     467
     460
     428
     433
     464
     451
     444
     461
     459
     450
     449
     425
     486
     461
     433
     436
     453
     453
     451
     444
     519
     423
     441
     422
     431
     481
     425
     458
     435
     428
     434
     455
     439
     424
     458
     449
     454
     442
     434
     459
     421
     429
     448
     425
     429
     421
     447
     451
     471
     415
     449
     432
     451
     406
     440
     469
     444
     440
     410
     433
     436
     416
     436
     466
     420
     454
     403
     405
     465
     450
     444
     412
     376
     438
     444
     419
     433
     436
     432
     450
     480
     446
     479
     443
     439
     451
     445
     428
     469
     456
     450
     414
     418
     423
     419
     413
     397
     433
     447
     410
     413
     432
     429
     456
     439
     431
     439
     414
     409
     469
     396
     461
     436
     414
     442
     393
     470
     446
     413
     451
     437
     445
     430
     457
     437
     453
     410
     447
     438
     430
     445
     433
     423
     422
     431
     424
     377
     429
     523
     508
     467
     459
     492
     551
     621
     514
     452
     421
     419
     385
     423
     366
     418
     413
     400
     417
     437
     423
     405
     366
     421
     388
     400
     403
     424
     381
     388
     388
     394
     368
     400
     384
     418
     398
     375
     398
     418
     398
     339
     369
     389
     366
     404
     377
     390
     367
     407
     417
     378
     373
     364
     376
     400
     418
     407
     410
     412
     349
     364
     370
     392
     379
     379
     380
     388
     367
     373
     394
     347
     366
     364
     382
     393
     338
     346
     364
     337
     368
     365
     439
     382
     403
     383
     351
     392
     414
     416
     384
     396
     352
     381
     379
     369
     376
     335
     343
     362
     369
     371
     394
     324
     341
     359
     363
     354
     364
     343
     352
     336
     359
     365
     364
     374
     323
     318
     365
     330
     335
     332
     354
     364
     347
     345
     400
     405
     414
     340
     340
     359
     370
     376
     348
     377
     343
     336
     372
     306
     349
     369
     354
     314
     342
     343
     330
     404
     447
     588
     502
     487
     440
     495
     671
     769
     667
     538
     402
     367
     329
     335
     319
     351
     359
     310
     337
     338
     308
     318
     348
     346
     309
     364
     374
     327
     328
     315
     342
     314
     326
     343
     335
     334
     327
     347
     321
     322
     357
     307
     362
     304
     344
     345
     315
     324
     359
     322
     344
     360
     338
     332
     353
     357
     344
     351
     327
     325
     311
     335
     351
     315
     338
     300
     315
     331
     329
     328
     328
     320
     333
     356
     341
     340
     331
     341
     315
     316
     302
     344
     297
     313
     295
     300
     307
     317
     321
     299
     327
     298
     290
     289
     328
     313
     318
     329
     288
     309
     317
     306
     312
     307
     297
     329
     310
     315
     304
     306
     304
     315
     305
     303
     328
     336
     320
     318
     281
     343
     319
     323
     315
     299
     338
     318
     322
     365
     399
     427
     494
     647
     838
     944
     896
     879
     824
    1067
    1203
    1453
    1436
    1300
     967
     747
     601
     485
     415
     376
     329
     318
     331
     286
     321
     259
     294
     288
     280
     282
     325
     313
     285
     297
     298
     278
     275
     309
     289
     288
     301
     302
     309
     273
     298
     281
     280
     253
     302
     269
     308
     315
     288
     258
     282
     289
     292
     298
     264
     285
     290
     286
     263
     308
     284
     276
     295
     309
     278
     311
     269
     297
     290
     305
     284
     284
     304
     275
     272
     311
     295
     257
     286
     278
     287
     280
     258
     310
     267
     283
     280
     256
     275
     282
     304
     278
     300
     272
     244
     237
     281
     291
     263
     261
     282
     273
     221
     270
     323
     256
     310
     287
     283
     291
     294
     276
     274
     292
     277
     289
     293
     270
     289
     266
     277
     276
     278
     264
     280
     262
     271
     239
     300
     284
     272
     254
     262
     268
     279
     252
     298
     294
     283
     307
     253
     259
     267
     297
     300
     296
     282
     285
     294
     312
     326
     340
     319
     319
     285
     285
     261
     252
     257
     271
     247
     256
     252
     257
     264
     243
     290
     258
     273
     283
     317
     269
     268
     299
     273
     289
     278
     254
     290
     302
     246
     304
     273
     234
     268
     282
     261
     296
     302
     276
     262
     224
     292
     287
     294
     297
     270
     342
     455
     765
    1220
    1457
    1215
     858
     529
     608
    1066
    1792
    2462
    2392
    1592
     824
     410
     276
     273
     280
     267
     252
     235
     259
     234
     248
     248
     239
     273
     246
     239
     234
     241
     266
     265
     250
     250
     259
     249
     288
     262
     265
     233
     266
     245
     239
     232
     248
     242
     274
     231
     235
     246
     261
     299
     250
     254
     270
     259
     259
     246
     228
     263
     239
     247
     253
     263
     258
     266
     274
     262
     258
     284
     320
     477
     857
    1417
    1755
    1547
    1027
     640
     602
    1050
    1883
    3019
    3390
    2671
    1440
     667
     325
     237
     249
     238
     260
     253
     226
     230
     242
     234
     254
     263
     207
     268
     212
     279
     259
     246
     244
     237
     237
     256
     213
     214
     250
     206
     255
     246
     214
     237
     248
     242
     211
     215
     240
     211
     220
     230
     255
     246
     225
     250
     226
     227
     214
     228
     230
     233
     213
     258
     241
     258
     206
     204
     218
     225
     215
     232
     228
     243
     237
     224
     243
     229
     226
     235
     229
     203
     258
     238
     183
     258
     228
     259
     227
     198
     228
     218
     222
     189
     236
     224
     235
     233
     227
     236
     240
     232
     200
     245
     202
     220
     230
     222
     240
     229
     231
     227
     216
     233
     221
     217
     258
     227
     225
     214
     229
     228
     235
     227
     199
     231
     218
     216
     198
     218
     240
     209
     250
     235
     226
     212
     256
     236
     239
     232
     219
     250
     229
     260
     312
     365
     435
     454
     354
     304
     255
     244
     352
     422
     577
     631
     593
     482
     310
     272
     210
     239
     255
     263
     252
     307
     327
     305
     250
     248
     230
     234
     236
     225
     226
     209
     232
     203
     237
     218
     227
     221
     218
     217
     215
     220
     229
     238
     222
     222
     238
     206
     232
     227
     229
     231
     228
     226
     220
     216
     190
     230
     235
     220
     206
     219
     251
     210
     233
     219
     223
     230
     218
     236
     229
     237
     225
     240
     229
     206
     217
     220
     214
     228
     246
     233
     227
     230
     228
     225
     272
     218
     261
     227
     205
     215
     216
     209
     210
     222
     209
     212
     227
     256
     241
     251
     213
     221
     218
     231
     214
     201
     227
     240
     202
     221
     272
     225
     247
     238
     224
     213
     220
     233
     223
     217
     228
     257
     233
     252
     237
     243
     259
     221
     233
     219
     210
     230
     223
     246
     246
     245
     228
     235
     181
     216
     218
     222
     199
     219
     191
     219
     204
     221
     191
     204
     210
     232
     206
     216
     199
     213
     207
     184
     218
     215
     195
     223
     232
     235
     227
     222
     207
     195
     202
     222
     222
     235
     226
     241
     237
     218
     199
     241
     252
     344
     372
     405
     431
     339
     257
     210
     233
     228
     319
     486
     619
     681
     585
     403
     295
     212
     214
     187
     210
     208
     186
     213
     192
     183
     195
     196
     207
     193
     182
     215
     210
     191
     210
     204
     205
     205
     170
     192
     199
     204
     215
     202
     197
     229
     220
     192
     207
     195
     216
     210
     207
     210
     199
     196
     208
     187
     217
     210
     193
     190
     203
     182
     193
     195
     209
     195
     180
     204
     206
     198
     183
     223
     197
     195
     209
     188
     220
     205
     231
     218
     222
     214
     195
     216
     241
     227
     216
     239
     251
     280
     257
     221
     202
     225
     209
     210
     207
     197
     212
     213
     190
     214
     209
     173
     167
     213
     209
     227
     220
     232
     270
     269
     282
     341
     345
     324
     270
     238
     240
     236
     204
     265
     312
     401
     473
     481
     457
     305
     252
     197
     204
     190
     195
     209
     217
     283
     268
     279
     243
     193
     188
     172
     171
     194
     170
     187
     166
     178
     179
     190
     167
     218
     184
     197
     217
     184
     180
     193
     220
     202
     250
     312
     286
     222
     226
     185
     190
     172
     165
     229
     238
     244
     308
     291
     287
     260
     196
     206
     200
     168
     197
     161
     210
     194
     237
     249
     291
     291
     281
     221
     206
     208
     178
     201
     176
     220
     237
     332
     466
     406
     374
     252
     215
     170
     171
     174
     184
     156
     153
     194
     199
     186
     174
     173
     160
     186
     196
     178
     219
     216
     187
     160
     190
     179
     172
     203
     162
     179
     199
     210
     230
     251
     193
     190
     173
     165
     162
     139
     173
     159
     167
     190
     188
     189
     189
     171
     180
     185
     146
     154
     169
     162
     169
     177
     166
     168
     162
     163
     189
     180
     182
     184
     173
     147
     168
     161
     164
     165
     185
     174
     184
     181
     174
     159
     187
     157
     170
     162
     157
     174
     175
     173
     188
     195
     190
     196
     183
     175
     182
     166
     146
     175
     207
     155
     182
     198
     219
     204
     256
     241
     229
     202
     191
     180
     194
     194
     174
     173
     185
     213
     255
     276
     293
     290
     214
     178
     172
     179
     157
     191
     198
     221
     226
     208
     189
     230
     210
     183
     204
     160
     183
     169
     134
     167
     180
     159
     151
     179
     167
     156
     174
     162
     163
     181
     174
     165
     163
     185
     169
     162
     172
     155
     140
     162
     154
     165
     161
     167
     172
     158
     181
     183
     186
     225
     239
     258
     295
     295
     243
     209
     145
     179
     187
     194
     172
     153
     174
     227
     275
     360
     390
     433
     340
     292
     197
     177
     156
     163
     153
     146
     172
     153
     177
     168
     167
     180
     155
     143
     142
     170
     161
     187
     164
     167
     171
     160
     159
     146
     153
     175
     169
     185
     176
     140
     189
     182
     173
     154
     150
     162
     152
     155
     161
     162
     139
     148
     140
     172
     159
     177
     167
     158
     161
     160
     158
     158
     150
     161
     152
     171
     143
     165
     152
     141
     143
     163
     140
     145
     161
     145
     168
     174
     176
     147
     161
     154
     163
     168
     150
     168
     150
     152
     139
     179
     153
     164
     167
     154
     163
     176
     187
     191
     168
     190
     162
     171
     147
     130
     156
     147
     148
     148
     167
     152
     162
     167
     204
     196
     162
     149
     153
     149
     159
     171
     151
     167
     162
     153
     171
     192
     219
     344
     509
     711
     851
     874
     723
     425
     274
     196
     147
     143
     169
     164
     166
     177
     217
     336
     568
    1020
    1418
    1707
    1424
    1012
     556
     306
     203
     185
     170
     180
     148
     146
     151
     155
     167
     147
     139
     169
     168
     129
     147
     146
     142
     155
     168
     158
     133
     150
     154
     148
     139
     157
     151
     152
     130
     156
     153
     122
     150
     165
     173
     138
     159
     154
     174
     190
     229
     219
     217
     173
     160
     159
     127
     168
     159
     141
     136
     161
     170
     126
     172
     194
     212
     258
     300
     288
     253
     195
     173
     154
     151
     152
     142
     137
     149
     135
     156
     159
     135
     144
     148
     149
     153
     151
     155
     143
     165
     159
     161
     175
     179
     160
     175
     153
     153
     171
     165
     148
     160
     159
     134
     142
     160
     174
     184
     179
     194
     193
     176
     183
     161
     160
     187
     158
     178
     171
     143
     161
     142
     144
     139
     158
     140
     146
     146
     156
     170
     197
     247
     241
     279
     298
     214
     213
     179
     139
     183
     180
     217
     356
     442
     566
     577
     464
     339
     252
     215
     283
     376
     431
     442
     352
     256
     203
     154
     155
     194
     254
     385
     581
     885
    1004
     930
     694
     398
     238
     193
     182
     146
     134
     151
     128
     152
     144
     119
     158
     142
     139
     148
     136
     139
     139
     136
     144
     135
     150
     128
     144
     132
     155
     158
     135
     118
     133
     139
     154
     163
     135
     172
     146
     156
     136
     146
     143
     145
     121
     142
     156
     139
     163
     132
     155
     137
     142
     146
     139
     162
     157
     163
     158
     139
     135
     137
     152
     127
     134
     176
     152
     161
     185
     185
     163
     131
     156
     128
     136
     119
     126
     146
     118
     141
     143
     146
     156
     172
     144
     139
     165
     193
     212
     211
     231
     176
     157
     153
     168
     135
     126
     159
     156
     157
     136
     151
     138
     137
     155
     153
     153
     137
     136
     150
     139
     119
     153
     146
     118
     143
     150
     130
     142
     136
     135
     140
     145
     138
     131
     134
     139
     129
     134
     139
     147
     165
     140
     132
     143
     148
     150
     134
     121
     140
     152
     137
     127
     139
     130
     142
     138
     108
     135
     139
     136
     138
     140
     132
     144
     140
     130
     148
     151
     127
     139
     124
     137
     141
     136
     131
     143
     131
     132
     147
     134
     139
     135
     139
     138
     148
     140
     131
     148
     144
     160
     129
     145
     126
     146
     129
     136
     130
     139
     134
     143
     120
     136
     142
     139
     139
     145
     160
     139
     139
     141
     125
     151
     137
     117
     133
     156
     144
     137
     120
     131
     148
     144
     139
     138
     122
     126
     171
     135
     148
     137
     133
     128
     126
     140
     130
     150
     142
     142
     184
     172
     184
     173
     143
     167
     140
     124
     127
     131
     136
     152
     141
     156
     137
     155
     145
     143
     139
     143
     133
     166
     158
     129
     147
     151
     139
     153
     163
     143
     148
     160
     136
     140
     147
     171
     153
     164
     149
     167
     153
     109
     153
     149
     139
     149
     134
     140
     159
     147
     152
     155
     137
     154
     142
     141
     147
     139
     118
     138
     122
     157
     148
     128
     146
     150
     147
     130
     143
     151
     134
     132
     167
     137
     152
     177
     168
     144
     148
     144
     150
     167
     132
     146
     119
     128
     144
     127
     169
     153
     159
     137
     157
     147
     143
     153
     152
     138
     155
     141
     149
     130
     139
     140
     142
     140
     174
     149
     122
     154
     139
     137
     148
     150
     160
     136
     152
     179
     158
     174
     138
     140
     116
     154
     143
     130
     141
     128
     152
     143
     132
     140
     160
     155
     140
     167
     150
     153
     136
     144
     158
     132
     158
     153
     164
     145
     167
     140
     148
     159
     135
     160
     139
     177
     135
     128
     161
     172
     232
     273
     375
     444
     503
     438
     329
     242
     191
     168
     157
     149
     142
     150
     136
     137
     140
     132
     159
     134
     167
     155
     151
     137
     152
     140
     179
     169
     222
     243
     409
     565
     728
     792
     714
     524
     322
     224
     186
     161
     164
     134
     152
     159
     154
     132
     163
     149
     143
     151
     156
     135
     136
     148
     165
     147
     146
     163
     115
     138
     149
     141
     152
     133
     161
     147
     165
     148
     188
     145
     142
     150
     144
     152
     146
     148
     156
     144
     160
     162
     153
     141
     138
     152
     143
     122
     137
     159
     141
     155
     153
     144
     163
     155
     166
     164
     163
     172
     169
     184
     167
     157
     159
     154
     166
     157
     147
     142
     161
     138
     149
     138
     151
     145
     129
     163
     160
     136
     132
     139
     170
     155
     143
     166
     191
     160
     171
     184
     232
     203
     236
     203
     167
     181
     140
     161
     150
     145
     172
     155
     140
     149
     136
     145
     141
     152
     165
     168
     153
     160
     141
     165
     189
     163
     178
     155
     154
     154
     155
     203
     168
     152
     155
     153
     160
     145
     153
     164
     145
     189
     144
     148
     162
     171
     170
     165
     149
     144
     166
     178
     176
     170
     171
     148
     161
     142
     165
     144
     151
     145
     155
     180
     148
     154
     163
     164
     158
     166
     157
     151
     167
     152
     171
     147
     184
     164
     153
     161
     170
     175
     173
     152
     169
     181
     155
     156
     154
     151
     157
     174
     154
     153
     136
     175
     155
     166
     176
     165
     154
     155
     152
     139
     161
     149
     167
     168
     149
     154
     162
     180
     164
     175
     165
     176
     151
     156
     142
     154
     171
     153
     169
     142
     186
     171
     163
     155
     152
     149
     183
     168
     161
     144
     145
     155
     173
     156
     157
     172
     158
     181
     171
     144
     152
     190
     169
     197
     177
     161
     153
     192
     192
     168
     176
     161
     149
     159
     157
     158
     168
     171
     170
     168
     176
     158
     174
     155
     160
     178
     179
     194
     154
     190
     179
     170
     166
     174
     180
     168
     172
     162
     155
     175
     157
     167
     176
     167
     176
     186
     184
     210
     258
     249
     305
     277
     281
     212
     195
     164
     171
     165
     159
     167
     190
     168
     176
     155
     167
     182
     160
     152
     158
     184
     179
     168
     160
     207
     153
     191
     134
     171
     163
     177
     162
     185
     175
     174
     226
     284
     320
     354
     420
     367
     281
     196
     167
     184
     136
     156
     161
     142
     159
     132
     148
     132
     148
     150
     145
     129
     157
     148
     144
     156
     142
     154
     142
     142
     156
     131
     151
     146
     145
     128
     144
     131
     109
     123
     137
     150
     108
     121
     127
     153
     116
     138
     145
     122
     140
     154
     123
     144
     118
     115
     116
     117
     148
     124
     107
     133
     120
     124
     144
     114
     126
     126
     137
     122
     112
     116
     136
     112
     120
     115
     110
     134
     135
     124
     139
     120
     149
     149
     133
     125
     128
     117
     119
     112
     114
     114
     103
     106
     125
     105
     127
     132
     124
     113
     127
     111
     134
     121
     121
     118
      95
     132
     104
     125
     134
     111
     120
     112
     125
     105
     112
     134
     115
     144
     150
     139
     158
     159
     154
     141
     141
     116
     135
     106
     121
     114
     115
     120
     118
     111
      99
     106
     104
      97
      90
     123
     101
     109
     125
     101
     111
     109
      83
     125
      98
     101
     112
     115
     106
      95
     103
     103
     115
      83
     110
     108
     101
     101
      88
      94
      98
      92
     103
      84
      97
     116
     122
      98
      86
      81
     105
     106
     110
     106
      82
      98
     106
     108
     104
     106
     102
     105
     107
      96
     103
      91
      98
     111
     103
      93
      75
     118
      98
     119
      78
      80
     108
     104
     101
     110
      80
     106
      80
      89
      95
      88
      90
      84
     105
      95
      90
      95
      97
      87
     107
     104
     107
      99
     105
      98
      99
     103
      99
     104
      90
      90
      78
      79
      96
     112
      86
     102
      87
      81
      97
      84
      92
     106
      88
      99
      82
      90
      92
      88
      96
     101
      89
     109
      81
      74
      68
      88
      82
      72
     107
      83
      82
      98
      86
      79
      74
      78
      76
      73
      56
      82
      87
      79
      78
      79
      74
      74
      79
      81
      76
      81
      77
      80
      62
      75
      80
      92
      92
      84
      70
      66
      76
      79
      97
      76
      70
      84
      82
      74
      90
      78
      80
      82
      79
      73
      76
      69
      83
      76
      71
      65
      74
      66
      60
      85
      76
      72
      71
      56
      76
      56
      75
      87
      78
      79
      79
      97
      76
      85
      57
      82
      76
      67
      67
      89
      75
      63
      85
      70
      79
      90
     127
     146
     127
     139
     126
      99
     103
      77
      69
      77
      53
      62
      71
      71
      70
      73
      76
      66
      57
      76
      74
      80
      83
      73
      68
      63
      84
      64
      71
      64
      55
      76
      60
      57
      72
      80
      68
      82
      63
      69
      74
      74
      75
      59
     112
     115
     150
     197
     207
     216
     196
     135
      98
      88
      85
      71
      79
      55
      74
      57
      67
      62
      71
      68
      84
      86
      92
     107
      99
     123
      95
      93
      71
      63
      77
      64
      60
      60
      63
      83
      65
      77
      83
     101
      99
     112
     110
      72
      67
      65
      61
      72
      67
      49
      54
      67
      60
      63
      58
      55
      53
      64
      56
      60
      49
      60
      59
      62
      63
      58
      70
      82
      88
      89
     109
     105
      89
     105
      72
      70
      85
      46
      71
      65
      59
      69
      63
      65
      77
     101
      86
     116
     138
     136
     143
     101
      73
      81
      85
      57
      59
      54
      81
      81
      54
      60
      56
      65
      50
      51
      64
      67
      61
      56
      50
      60
      55
      63
      57
      64
      53
      73
      74
      54
      52
      55
      72
      56
      67
      60
      75
      56
      57
      57
      52
      47
      69
      61
      45
      48
      62
      58
      66
      68
      43
      61
      65
      69
      75
      48
      46
      53
      64
      56
      64
      60
      61
      74
      70
      60
      78
      59
      67
      72
      62
      58
      52
      68
      62
      56
      68
      52
      62
      50
      70
      66
      56
      61
      75
      76
      72
      78
      91
     143
     231
     386
     667
    1255
    1844
    2423
    2690
    2616
    1906
    1164
     598
     267
     122
      90
      80
      60
      67
      54
      71
      48
      56
      46
      45
      65
      55
      63
      62
      63
      60
      60
      63
      76
      55
      57
      48
      62
      66
      64
      70
      70
      65
      67
      70
      75
      69
      79
      89
     106
     130
     220
     417
     782
    1421
    2411
    3756
    4846
    5636
    5044
    4107
    2618
    1470
     710
     255
     109
      48
      55
      42
      40
      39
      40
      45
      39
      33
      37
      48
      37
      40
      44
      50
      44
      47
      56
      34
      36
      51
      51
      58
      32
      40
      42
      48
      36
      42
      45
      56
      47
      34
      46
      45
      56
      69
      60
      55
      61
      72
      56
      49
      40
      53
      47
      44
      41
      53
      42
      47
      46
      61
      48
      64
      37
      49
      40
      33
      40
      33
      47
      23
      45
      40
      47
      30
      37
      49
      51
      43
      49
      51
      74
      71
      80
      69
      51
      58
      45
      32
      43
      39
      43
      57
      46
      51
      64
      77
      72
      64
      85
      54
      53
      47
      50
      41
      46
      45
      40
      48
      41
      63
      57
      68
      69
      56
      55
      48
      49
      50
      46
      49
      41
      37
      47
      30
      48
      45
      53
      44
      53
      48
      74
     104
      86
     106
     118
     103
      82
      74
      51
      41
      39
      42
      58
      49
      55
      52
      65
      45
      46
      41
      42
      33
      40
      33
      32
      36
      43
      38
      49
      44
      37
      46
      60
      54
      43
      42
      36
      46
      42
      50
      36
      42
      33
      42
      55
      43
      52
      45
      52
      41
      36
      39
      41
      36
      41
      43
      37
      53
      48
      38
      39
      39
      47
      44
      31
      35
      38
      36
      28
      37
      41
      33
      46
      51
      47
      39
      40
      31
      40
      38
      38
      54
      30
      52
      53
      47
      59
      57
      50
      46
      38
      45
      38
      37
      34
      40
      51
      41
      41
      50
      42
      42
      33
      35
      24
      40
      40
      48
      43
      38
      38
      32
      30
      29
      31
      31
      34
      37
      33
      31
      33
      25
      42
      41
      24
      28
      30
      37
      45
      27
      42
      38
      36
      39
      37
      43
      50
      51
      34
      29
      26
      48
      29
      35
      50
      49
      38
      52
      44
      37
      25
      37
      39
      47
      36
      60
      36
      45
      35
      39
      37
      37
      42
      50
      63
      90
      86
      81
      86
      64
      55
      52
      30
      38
      37
      36
      58
      63
      54
      83
      64
      67
      53
      56
      48
      32
      44
      33
      39
      41
      37
      35
      44
      40
      45
      35
      39
      45
      49
      65
      52
      58
      50
      43
      41
      51
      52
      58
      56
      53
      45
      48
      42
      31
      40
      39
      43
      56
      69
      93
     128
     128
     163
     138
     129
      87
      55
      58
      43
      42
      40
      59
      61
      68
      76
      89
      80
      82
      56
      50
      46
      50
      34
      47
      44
      32
      35
      34
      39
      43
      40
      42
      41
      62
      55
      75
      55
      52
      44
      39
      39
      35
      30
      27
      34
      56
      42
      29
      40
      37
      30
      29
      29
      37
      38
      31
      33
      40
      36
      53
      69
      55
      53
      62
      50
      36
      33
      43
      37
      29
      38
      28
      34
      38
      29
      30
      31
      39
      30
      29
      36
      33
      41
      43
      33
      31
      35
      42
      54
      61
      77
      96
      93
      81
      64
      49
      41
      34
      33
      30
      32
      31
      46
      40
      38
      39
      28
      29
      29
      28
      25
      24
      29
      43
      38
      32
      45
      59
      75
      87
      80
      56
      54
      47
      30
      39
      32
      39
      28
      28
      22
      29
      31
      32
      32
      24
      38
      40
      37
      52
      52
      46
      55
      59
      57
      46
      45
      37
      42
      24
      28
      28
      25
      22
      32
      28
      31
      25
      23
      25
      27
      38
      28
      21
      14
      29
      32
      27
      18
      23
      20
      24
      29
      22
      37
      20
      37
      32
      34
      33
      22
      21
      25
      16
      31
      25
      41
      28
      23
      30
      25
      34
      36
      36
      34
      29
      29
      27
      36
      38
      28
      49
      42
      57
      58
      46
      57
      44
      31
      30
      29
      22
      37
      33
      29
      27
      28
      34
      28
      26
      32
      32
      33
      27
      30
      29
      25
      36
      25
      27
      26
      33
      31
      26
      26
      33
      19
      26
      24
      29
      30
      29
      17
      26
      25
      24
      25
      20
      32
      27
      34
      35
      26
      33
      38
      27
      34
      24
      25
      25
      32
      35
      28
      28
      23
      25
      41
      37
      35
      32
      38
      38
      21
      26
      31
      29
      36
      22
      34
      33
      29
      30
      29
      21
      28
      28
      23
      33
      38
      33
      29
      32
      35
      29
      31
      31
      22
      30
      22
      29
      27
      25
      29
      41
     143
     703
    1541
    2280
    1448
    1013
    2336
    4874
    5314
    6093
    5048
    3572
    2035
     793
     435
     357
     313
     260
     225
     215
     184
     161
     189
     189
     164
     173
     161
     145
     134
     133
      96
     109
      97
     107
     117
      99
      96
      83
      83
      82
      82
      88
      80
      74
      91
      70
      67
      81
      79
      91
      70
      93
      83
      77
      71
      62
      76
      81
      87
      82
      78
      74
     107
     169
     203
     228
     145
     138
     186
     351
     387
     461
     464
     389
     309
     221
     126
     101
      84
     114
     110
     115
     138
     144
     164
     185
     247
     250
     310
     254
     270
     246
     250
     214
     206
     210
     243
     230
     199
     224
     225
     202
     215
     230
     201
     252
     242
     262
     276
     309
     386
     455
     497
     597
     650
     559
     412
     314
     375
     461
     597
     591
     654
     598
     663
     617
     561
     548
     581
     550
     495
     365
     243
     139
      84
      40
      20
      18
      18
      26
      23
      16
      19
      21
      11
      20
      10
      27
      17
      22
      15
      19
      18
      21
      16
      18
      19
      21
      20
      12
      10
      16
      11
      18
      24
      19
      18
      21
      25
      22
      17
      17
      24
      18
      13
      21
      28
      34
      49
      90
     145
     242
     334
     442
     489
     469
     432
     292
     208
     116
      49
      36
      25
      19
      11
      12
      13
      19
      21
      12
      17
      13
      17
      13
      14
      12
      19
       9
      20
      21
      18
      13
      15
      18
      22
      16
      18
      16
      14
      17
      15
      17
      14
      22
      20
       9
      20
      19
      14
      18
      26
      12
       8
      15
      16
      17
      16
      13
      14
      17
      16
      20
      14
      14
      17
      21
      11
      13
      14
      15
      12
      23
      12
      16
      12
      21
      19
      12
      16
      20
      15
      13
      14
      16
      14
      24
      12
       9
      12
      21
      13
      18
      17
      15
      17
      21
      19
      10
      11
      12
      21
      12
      11
      13
      17
      20
      22
      12
      12
      18
      10
      26
      22
      20
      21
      14
      15
      16
      15
      22
      13
      17
      16
      20
      18
      15
       7
      19
      13
      19
      17
      17
      25
      15
      19
      13
       9
      14
      17
      13
      17
      18
      18
      16
      16
      15
      15
      14
      18
      17
      15
      17
      16
      14
      16
      11
      16
      21
      11
      17
      18
      25
      10
      23
      13
      21
      21
       9
      17
      14
      24
      16
      13
      15
      12
      16
      18
      21
      20
      10
      16
      14
      22
      17
      19
      21
      13
      22
       9
      18
      27
      10
      14
      17
      19
      14
      17
      14
      19
      17
      15
      19
      16
      11
      17
      24
      29
      24
      21
      13
      20
      22
      15
      17
      17
      14
      18
      10
      17
      16
      10
      19
      18
      16
      17
      11
      22
      28
      24
      30
      51
      65
      85
      73
      61
      66
      48
      31
      21
      19
      18
      17
      13
      16
      21
      19
      12
      18
      12
      11
      14
      12
      21
      19
      17
      17
      10
      19
      11
      18
      14
      10
      13
      12
      17
      20
      24
       8
      10
      19
      13
      13
      13
      11
      14
      13
       9
      17
      14
      12
      13
      18
      13
      20
      13
       8
      17
      15
      11
      13
      19
      11
      13
      11
      13
      16
      19
      26
      20
      13
      24
      25
      19
      21
      30
      25
      22
      25
      15
      17
      14
      15
      15
      15
      14
      15
      14
      13
      15
      16
      24
      12
      19
      20
      11
      18
      10
      16
      18
      10
      19
      13
      13
      14
      10
      14
      17
      19
      10
      15
      19
       9
      24
      16
      15
      12
      22
      13
      15
      20
      17
      17
      22
      18
      17
      15
      16
      15
       9
      26
      21
      20
      25
      24
      20
      22
      27
      15
      18
      17
       7
      20
      11
      13
       7
      21
      20
      21
      13
      18
      13
      16
      13
      22
      14
      15
      16
      15
       9
      18
      17
      20
      17
      17
      20
      18
      25
      20
      20
       9
      22
      18
      14
      15
      13
      11
      14
      14
      16
      16
      18
      14
      15
      12
      19
       7
       9
      16
      16
      14
      12
      18
      14
      15
      17
      21
      21
      19
      15
      19
      25
      14
      12
      13
      11
      13
      17
      21
      13
      11
      15
      15
      19
      12
      17
      12
      16
      13
      20
      14
      22
      18
      16
      17
      19
      21
      11
      18
      21
      14
      16
      17
       7
      16
      17
      16
      12
      17
      15
      16
      17
      19
      17
      13
      13
      11
      22
      25
      16
      21
      23
      12
      23
      15
      24
      18
      16
      11
      15
      18
      15
      15
      18
      15
      14
      21
      12
      18
      19
      15
      20
      17
      16
      16
      16
      15
      14
      14
      14
      14
      15
      15
      16
      10
      16
      18
      18
      11
      15
      15
      14
      14
      20
      13
      15
      19
      10
      17
      23
      11
      11
      15
      19
      11
      13
      20
      16
      16
      20
      16
       9
       9
      14
      14
      22
      23
      15
      18
      11
      13
      13
      24
      13
      19
      23
      19
      17
      20
      19
      13
      20
      15
      15
      14
      16
      12
      22
      16
      18
      19
      16
      23
      20
      15
      16
      15
      23
      16
      14
      21
      10
      19
      20
      12
      13
      12
      12
      15
      20
       6
      13
      20
      19
      15
      14
      17
      14
      10
      14
      24
      12
      17
      15
      12
      15
       7
      14
      10
      14
       6
      10
      22
      14
      20
      16
      14
      11
      14
      15
      11
      15
      18
      15
      10
      10
      14
      16
       3
      11
       7
      14
      15
       8
      14
      11
      11
      19
      22
      14
       8
      13
      11
      20
      18
      12
      11
      15
      17
      11
       9
       9
       8
      15
      10
      17
       7
      12
      10
       8
      13
      15
      12
       9
      14
       9
      14
      13
      14
      12
      16
      14
      10
       7
      13
      10
      16
      12
      16
      14
      22
      17
      11
      17
      16
      14
      11
      13
      18
      16
      14
      17
      15
      15
      13
      18
      25
      22
      18
      23
       8
      13
      21
      15
      13
      12
      17
       3
      20
       9
      18
      11
      15
      15
      20
      18
      13
      19
      19
       6
      17
      15
       9
       7
      16
      14
      16
       8
      10
      15
       7
      19
      13
      13
      15
       8
      17
      10
      13
      15
      13
      11
      15
      11
      13
      19
      15
      17
      13
      14
       5
      19
      10
      12
      10
      21
      13
      10
      12
      17
      12
      10
      21
      19
      14
      16
      14
      12
      11
       8
      13
      14
      12
      14
       6
       9
      12
      15
      13
      16
       8
      17
      15
      15
      16
      13
       6
       5
      12
      10
      11
      15
      15
       8
       8
      17
      18
      19
      15
      16
      16
      14
      17
      14
       9
      11
       9
      10
      17
      15
      12
      13
      15
      15
      12
      21
      24
      16
      15
       9
      18
      17
      14
       7
      11
      15
      16
      11
       8
       6
       9
      17
      11
      18
       9
      16
      11
      16
      17
      10
      16
      10
       7
      18
      13
       7
      18
      13
      24
      13
       8
      20
      12
      15
      12
      13
      23
      16
      15
       8
       8
       9
      17
      10
      11
      11
      10
      17
      18
      10
      15
      12
      20
      14
      14
      16
      21
      10
      17
      14
      19
      11
      17
      13
      11
      13
       7
      11
      15
      12
      15
       8
      17
      15
      16
       8
      11
       7
      16
       5
      12
      13
      19
      13
       9
      26
      12
      11
      15
      11
      11
      10
      13
       7
      11
       9
      15
      13
      17
      12
      13
      11
      16
      21
      15
      19
      13
      15
      24
      22
      27
      28
      20
      34
      56
      75
      72
      88
      95
      76
      68
      65
      59
      56
      44
      31
      30
      21
      14
      20
      24
      18
      18
      12
      10
      16
      10
      19
      10
      15
      13
      14
      12
      19
      14
      15
      14
      17
      18
      15
      16
      22
      21
      11
      19
      27
      24
      28
      56
      53
      60
      42
      43
      27
      24
      14
      13
      16
      11
       9
       7
      18
       9
      14
      11
      14
      13
      17
      19
      22
       6
      15
      18
      13
      10
      11
      17
      16
      15
      18
      10
      14
      18
      13
      10
      14
      22
      10
      10
       7
      18
      11
      18
      13
      11
       8
      18
      10
      21
      17
      13
      13
       8
      13
      16
      21
      11
      15
      14
      15
      18
       6
      11
      10
      19
      10
      10
      15
      13
      15
      17
      16
      17
       8
      16
      10
      17
      16
      12
      10
      18
      14
       9
      16
      17
      15
      22
      16
      20
      15
      16
      15
       7
      14
      12
      14
      14
      16
      18
      12
       9
       9
      11
      17
      15
      11
      14
      13
       9
      14
      12
       9
      12
      23
      13
      12
      16
      15
      12
      20
      10
       8
      20
      23
      19
      11
      17
      16
       6
      13
       9
      13
      14
      18
      11
      12
      11
      14
      15
      17
      14
      19
      15
      16
      10
      13
      15
      22
      18
      16
      13
      15
      13
      12
      13
      18
      13
      11
      13
      13
      14
      16
      14
      14
      12
      10
      18
      17
      11
      17
      15
       6
      16
       9
      18
       9
      11
      12
      22
      24
      17
      13
      14
      13
      11
      14
      18
      15
      11
      16
      12
      15
      20
       8
      14
      13
      13
      16
       9
      14
      15
      16
      16
      11
      15
      14
      12
      13
      12
      20
      15
      17
      16
      19
      11
      18
      17
      12
      10
      19
      14
      17
      17
      12
      23
      11
      24
      21
      32
      34
      45
      76
     101
     121
     131
     135
     129
     105
      82
      50
      45
      26
       9
      18
      14
      12
      10
      16
       8
      13
      22
      15
      20
      16
      12
      16
      13
      15
      11
       9
      12
      18
      14
      13
      16
      20
      18
      13
       8
      17
      17
      13
      18
      17
      14
      13
       7
      11
       9
      12
      13
       9
      16
      18
       9
      17
      19
      15
      17
      16
      20
      16
      13
      14
       9
      18
      16
      12
      13
      12
      15
      20
      16
      17
      15
      23
      16
      13
      17
      15
       9
      15
       7
       5
      20
      12
      11
      11
       9
      18
      17
      26
      17
      14
      16
      12
      16
      13
       6
      15
      13
      11
      12
      14
      14
      12
      11
      20
      14
      12
      10
      21
      17
      18
      15
      16
      14
      13
      12
      20
      15
      16
      15
      14
      17
      13
      10
      11
      14
      23
      17
      16
      14
      13
      15
      12
      16
      12
      20
      12
      11
      10
      11
      19
      18
      11
      21
      14
      15
      11
      12
      14
      16
      14
      11
      24
      20
      19
      13
      18
      17
      16
      13
      11
      16
      16
      18
      12
      12
      11
      13
      17
      16
      15
      16
       4
      20
      16
      17
      18
       9
       8
       9
      15
      20
       7
      16
      18
      12
      11
      15
      14
      17
      13
      16
      14
      13
      13
      11
      13
      13
      16
      16
      12
      19
       9
      20
      11
      10
      16
      19
      11
      21
      13
      17
      14
      21
       9
      13
      16
      15
      21
      10
      12
      12
       8
      14
      17
      13
      16
      19
      15
      10
      23
      11
      16
      19
      15
      18
      15
      14
      12
      11
      12
      16
      11
      20
      33
      20
      27
      13
      17
      17
      26
      15
      15
      18
      11
      17
      12
      15
      13
      13
      12
      18
      18
      19
      13
      12
       9
      10
      14
      17
      24
      15
      20
       9
       8
       7
      18
      19
      13
      17
      13
      16
      13
      18
      11
      20
      13
      16
      20
      10
      11
      17
      18
      16
      23
      12
       8
      18
      18
      17
      21
      17
      14
      17
      13
      19
      10
      15
      11
      17
      12
      12
       8
      14
      17
      19
      16
      15
      20
      21
      21
      16
      27
      12
      18
      10
      15
      15
      13
      20
      12
      21
      22
      15
      11
      12
      11
      20
      14
      19
      16
      16
      17
      17
      17
      17
      13
      17
      18
      17
      15
      12
      16
      20
      13
      23
      14
      15
      12
      15
      24
      10
      22
      13
      12
      16
      23
      10
      20
      18
      18
      11
      11
      15
      23
      15
      12
      12
      22
      16
      17
      17
      13
      14
      15
       5
      14
      16
      19
      24
      15
      15
      16
      15
      17
      13
      10
      12
      19
      16
      17
      17
      10
      18
      20
      20
      15
      27
      18
      12
      17
      19
      13
      12
      14
      18
      18
      14
      11
      13
      13
      15
      20
      14
      18
      22
      12
      22
      14
      16
      17
      15
      11
       8
       7
      17
      18
      18
      24
      19
      25
      15
      13
      25
      22
      16
      18
      20
      16
      13
      21
      13
      13
      13
      15
      16
      20
      11
      21
       8
      19
      13
      16
      19
      14
      18
      15
      18
      18
      17
      21
      23
      18
      18
      21
      20
       9
      18
      19
      19
      16
      15
      12
      14
      19
      10
      14
      19
      24
      15
      12
      12
      12
       9
      21
      14
      20
      20
      15
      21
      12
      13
      24
       7
      13
      14
      14
      15
      11
      14
      11
      17
      10
      10
      11
      21
      11
      14
      12
      13
       9
      19
      12
      11
      10
      14
       7
      18
      17
       9
      18
      17
      12
      12
      12
      10
      11
      12
      11
      12
      11
      12
      13
      14
      14
      14
       9
      14
       9
      12
      12
      13
      15
       7
      14
      16
      10
       9
      10
      11
      15
       9
      14
       9
      14
      11
      12
      11
      12
      19
      13
      10
      15
      11
      13
      12
      18
      11
      12
       5
      16
      23
      14
      19
      18
      15
       9
      13
       9
       8
      13
      15
      10
      20
      11
      12
      13
      16
       6
       9
      13
      17
      11
      11
      11
      11
      15
      10
      18
       4
      20
       5
       8
      17
      15
       9
      13
      16
       7
      19
      13
       9
       9
      12
      19
      11
      13
       9
      10
      15
      12
       7
       7
      17
       5
      16
       4
      11
       6
      10
       3
       9
      15
      10
       5
      13
      12
      12
      16
      10
      11
      15
      12
       8
      18
      10
       9
       9
       5
       5
       8
      10
      14
      21
      15
      18
      17
      22
      29
      46
      32
      48
      44
      35
      34
      18
      24
      19
      13
       9
       9
      10
      12
       8
      12
      10
      12
      10
       9
      13
      15
       8
       8
      11
       6
      14
       9
      13
       9
       8
      13
      10
      11
      10
      11
       3
       6
       7
       7
       5
       9
      14
      10
       8
       6
       4
      11
      13
       6
      10
      14
       8
       6
       8
       6
       6
       8
       9
       6
       7
      11
       4
      12
       8
       7
       8
       4
       9
      11
       8
       7
       8
       9
       6
       7
       9
      11
      12
       3
      12
       8
       5
       6
      10
       8
       6
      11
       7
       8
       8
       4
       9
      11
       8
       8
       7
       8
       6
      11
      12
       5
      11
       9
       7
       5
      12
      10
       8
      10
       7
       8
      13
       6
       6
       9
       6
      10
       5
      12
       8
       5
       7
       6
       7
       4
       6
       6
       7
       6
       6
      12
       9
       7
       7
      10
       8
       4
       6
       7
       4
      11
       9
       4
       8
       3
       7
       4
       6
       7
      11
       5
       8
       7
       8
       9
       2
       7
       2
       9
       5
       4
       8
      13
       2
       7
      12
       6
       9
       5
       4
       6
       8
       7
       5
       6
       6
       4
       8
       2
       7
       0
       3
       6
      10
      10
       6
       7
      10
       7
      10
       5
       7
       5
       7
       4
       3
       6
       6
       8
       8
       7
       5
       7
       5
       6
       3
       5
       6
       8
       3
       7
       2
       3
       4
       6
       9
       6
       2
       4
       2
       6
       6
       9
       2
       3
       5
       2
       1
       5
      10
       4
       4
       9
       4
       6
      11
       6
       7
       4
       1
       7
       9
       2
       4
       4
       8
       8
       7
       4
       6
       8
       7
       3
       4
       9
       6
       2
       5
       5
       6
       9
       4
       3
       7
       4
       5
       5
       3
       1
       5
       6
       5
       4
       3
       9
       4
       5
       3
       6
      11
       8
       4
       4
       8
       6
       3
       8
       5
       5
       6
       6
       6
       3
       3
       3
       2
       6
       6
       3
       4
       1
       3
       5
       7
       3
       6
       5
       2
       5
       6
       3
       1
       6
       5
       8
       5
       5
      10
       2
       5
       2
       3
       4
       3
       7
       5
       5
       7
      12
       3
       7
       3
       5
       2
       5
       7
       2
       4
       6
       1
       4
      12
       4
       6
       6
       3
       4
       4
       6
       6
       7
       2
       7
       6
       5
       9
       7
       6
       9
       7
       1
       1
       8
       3
       3
       7
       3
       3
       7
       9
       4
       7
       4
       3
       8
       8
       7
       8
       5
       1
       4
       3
       4
       8
       3
       4
       3
       5
       4
       4
       6
       6
       8
       9
       7
       5
       4
       8
       3
       4
       6
       3
       4
       7
       9
       5
       5
      10
      10
       4
       2
       3
       1
       1
       4
       5
       5
       7
       4
       5
       0
       8
       7
       5
       6
      11
       3
       4
       7
       6
       7
       8
       8
       6
       6
       5
      13
       9
       9
       3
       4
       7
       2
       8
      11
       3
      12
      10
      22
      21
      37
      56
      99
     132
     202
     268
     374
     524
     593
     661
     699
     613
     505
     409
     283
     148
      89
      47
      14
       4
       5
       4
       8
       5
       8
       1
       6
       6
       2
       2
       1
       7
       3
       2
       3
       1
       2
       1
       5
       8
       5
       4
       1
       1
       2
       3
       3
       2
       6
       2
       7
       4
       3
       5
       3
       4
       4
       2
       5
       2
       1
       1
       5
       7
       5
       3
       2
       1
       4
       2
       1
       8
       1
       3
       3
       4
       3
       1
       2
       6
       1
       2
       3
       2
       3
       3
       5
       3
       3
       2
       8
       4
       3
       4
       4
       3
       3
       4
       3
       1
       3
       6
       2
       1
       2
       2
       5
       7
       3
       4
       7
       2
       1
       2
       2
       3
       5
       0
       2
       4
       3
       3
       2
       2
       1
       1
       8
       3
       6
       1
       2
       4
       1
       1
       4
       0
       2
       4
       2
       4
       5
       3
       4
       1
       4
       6
       5
       3
       5
       4
       2
       5
       8
       6
       2
       5
       2
       1
       3
       2
       3
       4
       1
       2
       2
       1
       2
       2
       5
       1
       2
       4
       4
       1
       1
       5
       1
       5
       2
       3
       0
       2
       1
       2
       6
       3
       2
       5
       1
       2
       1
       0
       3
       4
       3
       2
       2
       5
       1
       2
       4
       5
       7
       2
       2
       1
       6
       7
       6
       4
       2
       2
       1
       2
       6
       3
       4
       0
       3
       6
       6
       1
       3
       2
       3
       7
       3
       0
       1
       0
       4
       4
       4
      10
       2
       0
       1
       3
       3
       4
       2
       2
       5
       3
       1
       5
       4
       1
       4
       3
       7
       3
       4
       2
       0
       2
       1
       4
       0
       2
       2
       0
       0
       5
       1
       2
       4
       1
       5
       4
       2
       3
       5
       4
       1
       4
       1
       3
       3
       6
       2
       6
       3
       6
       5
       4
       5
       3
       2
       2
       3
       1
       3
       4
       2
       3
       6
       3
       1
       2
       1
       3
       1
       6
       3
       2
       7
       1
       3
       3
       5
       4
       1
       1
       4
       3
       0
       4
       3
       0
       3
       4
       1
       7
       3
       4
       2
       3
       1
       2
       4
       3
       3
       5
       3
       2
       3
       4
       3
       1
       4
       1
       1
       5
       3
       5
       2
       2
       5
       1
       2
       3
       3
       3
       4
       1
       4
       2
       4
       2
       1
       3
       4
       2
       2
       2
       4
       4
       1
       0
       2
       4
       3
       3
       5
       3
       2
       4
       1
       5
       3
       5
       3
       3
       1
       3
       5
       1
       2
       2
       4
       5
       1
       3
       3
       0
       4
       6
       0
       2
       4
       0
       3
       3
       2
       5
       3
       2
       7
       6
       5
       3
       1
       4
       7
       4
       1
       2
       7
       3
       4
       3
       1
       5
       5
       5
       3
       3
       3
       4
       1
       5
       6
       6
       2
       6
       1
       6
       3
       2
       4
       2
       5
       2
       4
       3
       0
       2
       2
       2
       3
       0
       3
       3
       1
       2
       2
       0
       3
       1
       2
       1
       0
       3
       3
       3
       5
       4
       3
       1
       1
       6
       2
       4
       3
       7
       1
       3
       5
       6
       1
       1
       2
       1
       1
       2
       7
       2
       4
       1
       4
       3
       3
       1
       5
       2
       5
       0
       3
       3
       1
       1
       3
       3
       1
       4
       5
       1
       3
       1
       3
       4
       7
       3
       6
       3
       4
       1
       0
       1
       3
       3
       7
       3
       1
       3
       1
       2
       1
       2
       2
       8
       1
       0
       3
       2
       4
       3
       4
       7
       1
       4
       2
       2
       3
       1
       2
       1
       3
       2
       2
       4
       2
       2
       3
       4
       0
       1
       3
       5
       2
       2
       6
       5
       2
       2
       3
       5
       2
       4
       1
       3
       1
       3
       3
       2
       3
       2
       3
       6
       0
       3
       3
       2
       1
       5
       2
       1
       2
       0
       4
       1
       6
       5
       4
       2
       0
       3
       5
       2
       3
       2
       2
       2
       1
       3
       3
       3
       2
       0
       6
       8
       2
       0
       1
       4
       2
       1
       3
       3
       4
       3
       5
       3
       2
       2
       1
       3
       2
       1
       4
       2
       1
       4
       2
       3
       3
       5
       6
       3
       3
       3
       1
       2
       1
       1
       1
       5
       4
       2
       2
       4
       3
       4
       4
       4
       5
       3
       4
       1
       0
       2
       4
       3
       1
       2
       1
       3
       1
       3
       5
       2
       3
       1
       2
       6
       1
       4
       1
       4
       1
       4
       2
       4
       2
       3
       8
       2
       0
       2
       1
       3
       4
       2
       4
       3
       0
       1
       2
       0
       0
       0
       0
       4
       3
       4
       2
       1
       5
       4
       2
       3
       2
       3
       2
       1
       6
       3
       0
       1
       3
       4
       3
       1
       3
       4
       1
       7
       4
       4
       2
       4
       3
       2
       3
       2
       2
       5
       3
       4
       1
       1
       6
       2
       1
       3
       3
       2
       4
       3
       4
       2
       0
       0
       3
       1
       0
       3
       3
       3
       4
       1
       1
       1
       4
       3
       3
       2
       4
       4
       4
       3
       6
       5
       3
       3
       1
       2
       3
       3
       1
       0
       0
       2
       3
       3
       2
       1
       3
       2
       2
       3
       2
       5
       2
       2
       3
       1
       4
       3
       3
       2
       4
       1
       0
       2
       4
       0
       3
       4
       3
       0
       4
       0
       3
       1
       1
       4
       2
       2
       2
       1
       4
       1
       4
       0
       1
       3
       2
       1
       1
       4
       1
     239
     496
     433
     498
     467
     471
     495
     437
     478
     447
     473
     491
     417
     480
     458
     490
     497
     492
     452
     470
     482
     456
     498
     449
     495
     485
     483
     461
     447
     461
     469
     460
     446
     423
     481
     470
     501
     486
     533
     522
     556
     549
     555
     741
    2735
   11845
   18442
   11744
    7183
    1568
     863
     734
     623
     563
     498
     422
     373
     335
     309
     307
     258
     259
     233
     222
     202
     219
     200
     206
     195
     147
     179
     143
     144
     135
     147
     145
     123
     125
     129
     100
     119
     113
     124
     109
     110
      48
      32
      18
      24
      24
      25
      22
      18
      21
      26
      24
      19
      22
      20
      19
      28
      18
      26
      26
      22
      21
      28
      28
      29
      30
      27
      20
      28
      21
      32
      21
      31
      23
      38
      20
      28
      23
      32
      30
      27
      17
      23
      30
      26
      39
      39
      38
      40
      37
      37
      46
      50
      41
      43
      47
      78
     164
     323
     189
      12
       3
       0
       1
       0
       0
       0
       0
       0
       0
       0
       0
       0
       0
       0
       0
       0
       0
       0
       0
       0
       1
       0
       0
       0
       0
       0
       0
       0
       0
       0
       0
       0
       0
       0
       0
       0
       0
       0
       0
       0
$ROI:
0
$PRESETS:
None
0
0
$ENER_FIT:
16.546301 0.358951
$MCA_CAL:
3
1.654630E+001 3.589510E-001 2.820340E-007 keV
$SHAPE_CAL:
3
2.043840E+000 1.584700E-003 -2.059380E-007
