$SPEC_ID:
bkgd
$SPEC_REM:
DET# 2
DETDESC# Rayleigh
AP# Maestro Version 7.01
$DATE_MEA:
07/17/2025 10:44:01
$MEAS_TIM:
346538 346655
$DATA:
0 8191
       0
       0
       0
       0
       0
       0
       0
       0
       0
       0
       0
       0
       0
       0
       0
       0
       0
       0
       0
       0
       0
       0
       0
       0
       0
       0
      14
     109
     480
    1756
    2407
    2341
    2358
    2257
    2407
    2235
    2260
    2245
    2212
    2209
    2293
    2265
    2239
    2217
    2273
    2251
    2218
    2243
    2162
    2204
    2271
    2225
    2179
    2119
    2129
    2193
    2109
    2091
    2039
    2198
    2077
    2286
    2171
    2138
    2167
    2281
    2376
    2203
    2109
    2094
    2065
    2070
    2006
    2198
    2113
    2073
    2028
    2133
    2133
    2109
    2142
    2187
    2183
    2180
    2149
    2122
    2161
    2118
    2122
    2245
    2156
    2275
    2197
    2255
    2263
    2281
    2305
    2307
    2435
    2361
    2478
    2447
    2441
    2438
    2552
    2904
    3309
    3022
    2511
    2411
    2545
    2593
    2630
    2583
    2672
    2644
    2730
    2595
    2708
    2784
    2798
    2739
    2789
    2790
    2874
    2900
    2941
    3081
    3533
    3788
    3404
    3713
    4876
    7539
    8066
    4840
    3560
    4518
    7653
   10407
    6711
    3195
    2511
    2650
    2850
    2735
    2530
    2689
    2783
    2820
    2472
    2620
    2675
    2763
    3135
    3581
    3966
    3742
    3251
    2827
    2860
    3529
    4770
    5789
    4813
    3204
    2656
    2895
    3551
    4643
    4314
    3156
    2522
    2719
    3442
    4995
    5901
    5277
    4418
    3072
    2671
    2595
    2427
    2291
    2262
    2269
    2303
    2306
    2470
    2611
    2660
    2680
    2840
    2504
    2456
    2357
    2268
    2315
    2312
    2303
    2299
    2383
    2342
    2418
    2609
    2789
    2837
    2976
    2572
    2403
    2316
    2359
    2376
    2533
    2694
    2676
    2497
    2483
    2387
    2522
    2432
    2486
    2532
    2587
    2637
    2521
    2460
    2457
    2541
    2738
    2674
    2488
    2357
    2346
    2258
    2347
    2303
    2439
    2292
    2277
    2382
    2451
    2440
    2376
    2428
    2363
    2484
    2458
    2372
    2457
    2524
    2425
    2536
    2515
    2545
    2612
    2504
    2563
    2612
    2586
    2747
    3051
    3730
    3813
    2905
    2572
    2625
    2511
    2695
    2729
    2636
    2507
    2561
    2545
    2390
    2546
    2565
    2527
    2500
    2466
    2524
    2602
    2440
    2479
    2607
    2488
    2446
    2501
    2571
    2589
    2578
    2550
    2513
    2508
    2621
    2675
    2681
    2990
    3019
    2779
    2548
    2553
    2573
    2522
    2510
    2549
    2501
    2464
    2508
    2417
    2498
    2534
    2522
    2487
    2498
    2472
    2465
    2525
    2484
    2549
    2494
    2970
    3049
    2787
    2446
    2431
    2349
    2409
    2459
    2385
    2365
    2534
    2418
    2407
    2405
    2359
    2462
    2427
    2369
    2387
    2430
    2402
    2392
    2476
    2574
    2540
    2297
    2297
    2344
    2282
    2223
    2422
    2352
    2396
    2283
    2173
    2322
    2248
    2347
    2222
    2283
    2327
    2262
    2269
    2212
    2294
    2292
    2327
    2246
    2292
    2270
    2338
    2291
    2272
    2290
    2281
    2379
    2300
    2272
    2198
    2296
    2255
    2298
    2273
    2295
    2280
    2308
    2344
    2267
    2183
    2309
    2303
    2304
    2346
    2390
    2898
    4051
    5771
    6192
    4555
    2874
    2219
    2168
    2183
    2286
    2235
    2224
    2222
    2142
    2158
    2250
    2196
    2190
    2231
    2129
    2089
    2175
    2184
    2247
    2185
    2163
    2166
    2211
    2242
    2166
    2204
    2232
    2224
    2249
    2315
    2227
    2253
    2078
    2070
    2070
    2138
    2169
    2186
    2165
    2072
    2168
    2212
    2232
    2263
    2305
    2272
    2089
    2014
    1977
    2016
    2151
    2494
    3507
    4457
    3706
    2440
    2062
    2091
    2056
    1969
    1914
    2020
    1985
    1954
    2105
    1937
    1980
    2089
    2076
    2141
    2076
    2039
    2033
    1978
    1917
    2071
    2009
    1983
    2044
    1940
    1994
    1971
    1992
    1996
    2055
    1984
    1943
    2046
    1981
    1964
    1985
    2041
    2001
    2006
    1959
    2008
    1945
    2038
    2013
    1945
    1938
    2051
    1912
    1980
    1966
    2059
    1902
    1919
    1947
    1962
    2055
    2006
    1982
    2012
    2039
    2055
    2288
    2337
    2139
    2247
    3945
    9552
   21800
   28705
   16922
    4973
    2301
    2766
    4264
    4849
    4919
    5144
    3563
    2059
    1616
    1601
    1593
    1588
    1593
    1564
    1584
    1570
    1616
    1508
    1550
    1588
    1495
    1521
    1600
    1547
    1582
    1589
    1541
    1560
    1554
    1607
    1724
    1590
    1525
    1550
    1571
    1516
    1567
    1585
    1665
    1683
    1595
    1542
    1476
    1686
    1650
    1692
    1567
    1468
    1473
    1544
    1479
    1471
    1456
    1522
    1464
    1529
    1470
    1522
    1463
    1521
    1384
    1424
    1444
    1447
    1460
    1467
    1505
    1458
    1587
    1753
    2231
    2814
    3306
    2592
    1912
    1582
    1456
    1381
    1390
    1408
    1494
    1405
    1504
    1487
    1428
    1407
    1450
    1625
    2204
    2534
    2101
    1616
    1499
    1436
    1451
    1349
    1339
    1383
    1334
    1379
    1370
    1351
    1351
    1397
    1414
    1303
    1415
    1301
    1406
    1356
    1434
    1417
    1310
    1555
    1497
    1507
    1304
    1331
    1366
    1300
    1288
    1279
    1241
    1257
    1310
    1342
    1274
    1382
    1586
    2718
    5320
    8702
    7437
    3635
    1649
    1292
    1230
    1327
    1242
    1315
    1477
    1735
    2500
    2964
    2388
    1578
    1236
    1271
    1260
    1278
    1214
    1229
    1224
    1257
    1231
    1184
    1155
    1201
    1260
    1196
    1234
    1228
    1211
    1177
    1222
    1195
    1190
    1253
    1248
    1209
    1253
    1198
    1175
    1184
    1221
    1204
    1161
    1161
    1196
    1157
    1152
    1177
    1102
    1177
    1142
    1138
    1173
    1189
    1167
    1183
    1139
    1189
    1237
    1297
    1248
    1272
    1172
    1215
    1208
    1279
    1249
    1147
    1174
    1169
    1208
    1196
    1285
    1452
    2055
    2531
    2297
    1533
    1248
    1211
    1227
    1208
    1117
    1196
    1230
    1275
    1332
    1218
    1184
    1086
    1160
    1197
    1123
    1178
    1122
    1097
    1202
    1815
    3228
    5699
    6274
    3806
    1696
    1210
    1166
    1194
    1217
    1195
    1102
    1055
    1153
    1054
    1132
    1022
    1072
    1079
    1019
    1019
    1107
    1116
    1056
    1101
    1128
    1095
    1217
    1166
    1110
    1178
    1328
    2202
    4954
   10190
   14041
    9982
    3882
    1340
    1057
    1018
    1004
     987
    1063
     984
    1026
    1026
     979
    1032
    1001
     991
     930
     989
     985
     930
     929
    1033
    1021
    1024
     979
     945
     965
     970
     966
     952
     947
     940
     951
    1034
     962
     937
     979
     953
     999
    1011
     948
     947
     979
    1024
     999
     932
     993
     937
     960
     956
    1035
     961
     965
     941
     994
     986
     917
     952
     928
     956
     943
     953
    1004
     922
     953
     973
     952
     909
     988
     946
     948
     947
     924
     892
     926
     908
     939
     946
     957
     962
     958
     950
    1012
    1029
    1029
    1029
     921
    1116
    1028
     964
     931
     973
     964
     927
     955
     954
     909
     932
     875
     914
     894
     932
     939
     902
     944
     960
     891
     915
     939
     927
     954
     900
     989
     878
     905
     863
     911
     993
     991
    1025
     936
     930
     900
     936
     948
     966
    1018
     947
     971
     935
     853
     928
     946
     926
    1033
    1193
    1516
    1581
    1263
    1025
     875
     957
     872
     855
     839
     893
     858
     854
     841
     853
     925
     899
     812
     916
     813
     897
     894
     867
     842
     848
     883
     881
     882
     863
     861
     841
     863
     849
     876
     835
     831
     802
     803
     790
     817
     833
     863
     858
     829
     867
     862
     835
     846
     850
     817
     822
     823
     862
     826
     854
     821
     768
     777
     848
     761
     836
     781
     773
     804
     735
     804
     835
     767
     762
     841
     863
     910
     884
     817
     795
     772
     831
     806
     796
     745
     775
     837
     765
     740
     779
     788
     799
     791
     812
     745
     728
     751
     795
     797
     748
     828
     797
     743
     760
     777
     768
     785
     763
     835
     912
     879
     833
     841
     775
     842
     839
     772
     785
     755
     753
     784
     735
     754
     729
     753
     752
     739
     730
     733
     757
     813
     995
    1287
    1951
    2190
    1712
    1102
     796
     717
     707
     739
     748
     725
     687
     752
     742
     737
     670
     719
     745
     780
     705
     757
     729
     731
     760
     678
     730
     712
     733
     757
     731
     723
     691
     721
     713
     699
     761
     803
     807
     783
     758
     694
     753
     732
     851
     777
     698
     728
     692
     711
     688
     744
     652
     730
     681
     699
     670
     706
     733
     758
     760
     755
     736
     734
     712
     641
     725
     664
     696
     669
     681
     708
     688
     695
     708
     683
     660
     653
     660
     702
     669
     703
     662
     639
     718
     683
     679
     664
     662
     665
     713
     705
     693
     687
     663
     725
     714
     728
     645
     775
     703
     721
     675
     649
     629
     673
     685
     698
     734
     782
     862
    1039
    1372
    1691
    2623
    3911
    4847
    4508
    3480
    2272
    1648
    1230
     917
     882
     717
     745
     638
     682
     645
     657
     654
     618
     637
     613
     646
     643
     615
     607
     656
     680
     685
     655
     682
     647
     707
     666
     613
     670
     645
     675
     600
     604
     684
     619
     616
     656
     636
     676
     601
     617
     611
     637
     624
     606
     614
     627
     634
     617
     612
     622
     643
     696
     686
     605
     642
     605
     602
     612
     618
     632
     568
     642
     567
     629
     614
     680
     647
     646
     617
     568
     588
     638
     606
     627
     587
     609
     641
     617
     596
     637
     622
     679
     632
     615
     604
     591
     614
     623
     670
     636
     593
     681
     616
     611
     587
     621
     628
     608
     578
     542
     586
     612
     587
     624
     590
     593
     586
     594
     644
     618
     627
     590
     555
     600
     619
     582
     632
     685
     806
     845
     853
     726
     636
     656
     611
     590
     646
     578
     597
     585
     581
     580
     599
     592
     622
     582
     621
     598
     662
     658
     649
     671
     626
     698
     636
     649
     603
     591
     575
     578
     599
     556
     606
     613
     625
     588
     636
     611
     601
     669
     657
     683
     678
     729
     749
    1247
    2844
    5813
    8493
    7853
    4603
    1794
     768
     561
     598
     577
     549
     570
     554
     593
     564
     529
     530
     540
     529
     541
     613
     575
     577
     568
     552
     594
     548
     562
     562
     586
     588
     578
     610
     585
     558
     595
     629
     577
     591
     544
     595
     619
     568
     615
     578
     576
     595
     585
     562
     573
     572
     566
     550
     557
     561
     582
     543
     595
     562
     621
     750
    1345
    2996
    6229
    9658
    9345
    5561
    2116
     827
     622
     561
     506
     538
     522
     505
     554
     525
     518
     550
     574
     542
     529
     533
     529
     562
     529
     512
     512
     552
     511
     565
     594
     546
     502
     498
     493
     466
     562
     544
     526
     496
     493
     524
     525
     515
     510
     544
     543
     538
     565
     519
     568
     532
     517
     503
     509
     507
     521
     499
     542
     465
     571
     510
     548
     479
     533
     513
     517
     509
     489
     493
     490
     521
     519
     506
     487
     483
     506
     525
     492
     500
     511
     478
     458
     515
     471
     517
     538
     517
     514
     501
     503
     485
     481
     546
     524
     497
     510
     561
     511
     541
     529
     533
     510
     514
     500
     502
     521
     463
     480
     482
     530
     521
     479
     495
     511
     474
     490
     527
     494
     535
     497
     534
     514
     551
     549
     611
     752
     923
     940
     819
     593
     553
     511
     504
     533
     595
     761
     789
     728
     598
     504
     491
     487
     519
     500
     482
     449
     539
     498
     502
     487
     482
     502
     498
     495
     504
     507
     538
     562
     532
     541
     513
     498
     528
     482
     500
     488
     505
     521
     496
     494
     456
     479
     487
     501
     521
     493
     526
     481
     513
     505
     503
     498
     468
     510
     474
     483
     487
     488
     474
     495
     482
     504
     499
     478
     463
     490
     507
     475
     461
     573
     500
     486
     478
     502
     503
     492
     518
     495
     491
     501
     496
     513
     471
     513
     491
     519
     517
     503
     573
     507
     514
     522
     551
     547
     594
     551
     571
     524
     525
     524
     471
     492
     453
     488
     502
     555
     547
     495
     536
     536
     484
     496
     465
     464
     492
     505
     467
     481
     445
     489
     528
     476
     472
     517
     435
     457
     465
     423
     472
     481
     485
     469
     482
     475
     528
     543
     533
     497
     473
     441
     483
     450
     504
     464
     468
     466
     457
     473
     498
     576
     926
    1404
    2063
    2134
    1559
     966
     586
     437
     463
     490
     430
     452
     433
     413
     461
     469
     464
     497
     457
     472
     462
     445
     448
     440
     453
     427
     482
     442
     430
     488
     488
     437
     445
     470
     465
     426
     464
     463
     476
     514
     484
     490
     460
     467
     447
     442
     427
     432
     457
     479
     430
     431
     432
     449
     457
     427
     441
     415
     428
     402
     438
     446
     458
     467
     417
     469
     443
     546
     625
     658
     636
     529
     499
     471
     392
     415
     438
     434
     456
     468
     442
     427
     453
     418
     453
     430
     476
     511
     595
     558
     489
     504
     457
     459
     502
     515
     542
     599
     743
    1022
    1263
    1202
     826
     553
     459
     417
     446
     483
     588
     720
     672
     585
     487
     461
     416
     409
     421
     395
     407
     425
     394
     424
     385
     377
     417
     368
     402
     406
     354
     434
     422
     436
     476
     507
     500
     463
     404
     395
     448
     553
     641
     757
     734
     689
     529
     414
     420
     414
     397
     366
     388
     391
     402
     385
     399
     382
     410
     418
     407
     443
     476
     666
     926
    1298
    1250
     851
     620
     458
     386
     367
     384
     382
     362
     395
     392
     368
     388
     396
     364
     368
     391
     366
     384
     373
     408
     374
     382
     374
     461
     516
     579
     540
     506
     432
     370
     364
     399
     391
     337
     369
     382
     354
     364
     380
     390
     392
     399
     348
     381
     376
     373
     374
     368
     355
     392
     413
     375
     367
     367
     384
     375
     354
     370
     362
     376
     413
     388
     411
     363
     374
     381
     363
     372
     359
     408
     405
     362
     378
     399
     382
     388
     374
     323
     345
     369
     400
     379
     454
     462
     451
     457
     418
     404
     362
     399
     342
     362
     379
     520
     623
     735
     713
     585
     425
     403
     388
     406
     469
     484
     509
     521
     547
     562
     466
     449
     376
     367
     343
     352
     392
     371
     394
     359
     356
     343
     348
     342
     374
     368
     355
     363
     380
     386
     384
     328
     344
     363
     378
     342
     354
     372
     353
     357
     381
     352
     359
     374
     364
     364
     368
     358
     386
     361
     364
     342
     366
     445
     678
    1042
    1247
    1238
     945
     591
     410
     348
     326
     329
     338
     353
     345
     350
     323
     355
     330
     363
     370
     347
     376
     341
     356
     370
     370
     344
     368
     306
     350
     344
     326
     338
     346
     356
     375
     386
     364
     347
     352
     333
     353
     361
     306
     342
     360
     305
     362
     369
     343
     333
     357
     363
     359
     357
     338
     332
     352
     338
     354
     353
     335
     366
     375
     365
     340
     369
     353
     315
     380
     342
     354
     381
     326
     353
     343
     354
     339
     360
     350
     382
     437
     420
     395
     382
     348
     364
     332
     344
     315
     387
     345
     368
     386
     354
     349
     378
     343
     327
     344
     353
     342
     362
     332
     370
     410
     448
     460
     488
     451
     365
     376
     379
     332
     358
     333
     354
     378
     422
     476
     818
    1652
    3263
    4995
    5629
    4386
    2371
     981
     465
     358
     336
     315
     316
     329
     360
     315
     316
     320
     302
     342
     335
     325
     333
     300
     323
     308
     336
     320
     313
     330
     301
     325
     321
     316
     317
     322
     382
     316
     313
     338
     312
     315
     297
     363
     304
     349
     348
     355
     355
     337
     335
     293
     343
     320
     380
     416
     530
     714
     765
     706
     534
     381
     347
     324
     310
     333
     307
     332
     314
     313
     328
     362
     311
     308
     307
     290
     302
     291
     318
     308
     298
     344
     329
     302
     316
     310
     317
     294
     327
     357
     359
     367
     371
     378
     410
     427
     378
     426
     427
     351
     379
     375
     340
     358
     309
     345
     333
     347
     325
     313
     310
     318
     335
     316
     336
     348
     359
     395
     380
     361
     313
     308
     355
     309
     343
     302
     330
     379
     596
     795
    1121
    1225
    1186
     798
     513
     398
     413
     561
     947
    1761
    2740
    3306
    3060
    1861
     942
     486
     385
     332
     340
     312
     318
     298
     329
     313
     319
     290
     281
     372
     329
     302
     320
     312
     279
     307
     315
     321
     311
     298
     323
     298
     318
     282
     311
     323
     287
     321
     304
     339
     315
     291
     310
     275
     295
     310
     292
     307
     331
     368
     328
     332
     328
     293
     317
     309
     306
     287
     306
     303
     320
     264
     312
     320
     283
     315
     322
     314
     331
     321
     316
     310
     280
     273
     296
     317
     360
     440
     467
     533
     505
     455
     364
     332
     318
     278
     320
     308
     302
     353
     309
     313
     277
     320
     302
     297
     320
     304
     307
     305
     296
     295
     340
     276
     305
     291
     330
     323
     271
     295
     285
     317
     280
     291
     280
     291
     284
     330
     310
     334
     316
     297
     285
     329
     315
     313
     346
     301
     322
     316
     325
     299
     276
     297
     310
     318
     277
     286
     315
     299
     303
     303
     277
     310
     330
     290
     316
     302
     282
     313
     321
     291
     341
     322
     322
     308
     293
     350
     311
     313
     306
     277
     277
     278
     293
     299
     298
     291
     280
     303
     306
     315
     318
     318
     323
     294
     313
     315
     281
     306
     313
     325
     325
     302
     308
     290
     322
     331
     305
     321
     287
     314
     304
     277
     296
     327
     335
     311
     311
     347
     360
     327
     315
     320
     301
     324
     282
     284
     341
     296
     284
     337
     296
     314
     322
     337
     316
     309
     295
     308
     290
     281
     315
     290
     313
     319
     281
     279
     345
     321
     336
     350
     358
     292
     305
     301
     304
     307
     299
     305
     328
     310
     314
     345
     353
     353
     317
     350
     328
     294
     300
     291
     307
     289
     317
     316
     307
     259
     274
     291
     331
     311
     348
     393
     402
     381
     328
     356
     315
     300
     289
     293
     311
     292
     330
     294
     321
     302
     295
     299
     298
     305
     307
     296
     297
     269
     291
     320
     303
     299
     344
     315
     277
     269
     302
     313
     328
     305
     294
     355
     375
     338
     397
     322
     335
     311
     333
     316
     360
     281
     308
     332
     270
     306
     316
     298
     339
     271
     326
     340
     330
     309
     336
     350
     331
     304
     312
     306
     297
     296
     322
     333
     326
     298
     324
     306
     318
     294
     349
     358
     391
     367
     347
     308
     325
     289
     317
     305
     325
     328
     335
     332
     296
     291
     321
     313
     342
     346
     391
     539
     957
    1457
    2088
    2292
    1952
    1196
     652
     408
     356
     318
     319
     277
     323
     270
     294
     308
     306
     337
     317
     341
     373
     318
     334
     303
     303
     281
     329
     295
     313
     328
     285
     330
     336
     332
     339
     317
     326
     333
     285
     298
     333
     301
     314
     324
     321
     373
     341
     304
     322
     359
     294
     323
     332
     302
     314
     294
     309
     356
     302
     305
     295
     365
     318
     321
     323
     296
     352
     338
     319
     313
     301
     311
     334
     350
     324
     332
     324
     319
     305
     326
     319
     345
     361
     438
     477
     505
     535
     511
     423
     340
     342
     343
     331
     325
     308
     334
     319
     363
     316
     320
     336
     312
     339
     313
     328
     323
     337
     377
     308
     364
     341
     351
     315
     304
     323
     366
     359
     311
     317
     360
     342
     333
     322
     353
     298
     360
     332
     341
     322
     339
     323
     347
     368
     366
     314
     332
     347
     345
     344
     306
     302
     336
     325
     337
     348
     304
     332
     338
     349
     335
     395
     347
     329
     336
     341
     331
     373
     284
     329
     340
     334
     335
     335
     339
     337
     346
     346
     372
     330
     352
     346
     321
     312
     373
     335
     349
     332
     318
     324
     334
     350
     360
     361
     347
     339
     341
     347
     392
     312
     302
     341
     322
     340
     353
     346
     358
     360
     364
     319
     348
     334
     341
     357
     352
     356
     329
     371
     338
     349
     361
     419
     363
     346
     367
     337
     330
     341
     359
     361
     351
     330
     356
     350
     340
     362
     344
     341
     339
     361
     350
     380
     360
     327
     360
     383
     349
     332
     345
     357
     366
     327
     349
     331
     363
     359
     367
     356
     361
     346
     355
     353
     343
     362
     360
     364
     373
     382
     370
     354
     349
     335
     352
     388
     313
     354
     357
     329
     349
     329
     349
     374
     357
     346
     408
     351
     361
     355
     358
     427
     482
     578
     815
     988
    1041
     970
     725
     500
     375
     348
     354
     351
     338
     313
     337
     297
     323
     355
     344
     327
     296
     324
     314
     356
     330
     316
     344
     346
     311
     296
     271
     277
     286
     286
     284
     281
     294
     291
     284
     289
     327
     307
     328
     277
     282
     311
     256
     270
     269
     269
     246
     256
     261
     270
     286
     283
     252
     233
     262
     232
     271
     294
     273
     259
     265
     245
     269
     281
     242
     257
     238
     255
     277
     258
     258
     266
     254
     271
     263
     263
     257
     233
     258
     266
     272
     237
     251
     228
     248
     280
     287
     242
     278
     268
     268
     239
     264
     263
     236
     252
     285
     263
     283
     305
     314
     369
     414
     378
     336
     269
     273
     235
     234
     233
     230
     259
     253
     249
     248
     262
     245
     282
     220
     272
     216
     247
     231
     231
     238
     229
     225
     254
     256
     249
     242
     237
     241
     237
     259
     217
     230
     230
     224
     213
     243
     213
     205
     233
     225
     228
     220
     216
     220
     245
     214
     254
     175
     227
     232
     251
     225
     237
     218
     237
     234
     209
     221
     214
     218
     213
     210
     218
     240
     215
     213
     225
     205
     207
     203
     211
     218
     207
     195
     210
     200
     211
     229
     207
     193
     195
     224
     209
     229
     201
     218
     219
     187
     191
     210
     174
     189
     200
     217
     198
     199
     160
     179
     196
     169
     200
     207
     202
     178
     197
     203
     191
     172
     196
     221
     204
     195
     184
     205
     190
     181
     171
     182
     203
     197
     195
     177
     190
     167
     202
     179
     197
     206
     146
     195
     188
     184
     190
     145
     201
     182
     198
     172
     158
     214
     181
     178
     159
     153
     146
     152
     130
     158
     167
     171
     176
     163
     195
     171
     158
     183
     181
     171
     160
     162
     169
     150
     173
     180
     173
     168
     175
     163
     173
     177
     151
     166
     173
     141
     146
     167
     162
     163
     136
     148
     172
     165
     163
     170
     139
     179
     173
     155
     148
     166
     149
     162
     151
     181
     159
     158
     151
     133
     145
     148
     158
     163
     154
     150
     182
     151
     159
     145
     155
     171
     141
     164
     162
     158
     138
     144
     135
     164
     183
     153
     167
     147
     207
     248
     379
     567
     610
     631
     517
     336
     247
     164
     126
     151
     141
     137
     157
     145
     134
     152
     141
     175
     181
     171
     213
     236
     225
     198
     174
     141
     138
     138
     136
     140
     146
     126
     152
     128
     138
     137
     136
     129
     147
     154
     123
     152
     158
     158
     147
     145
     113
     131
     139
     139
     133
     157
     151
     139
     152
     159
     167
     217
     271
     297
     268
     237
     185
     134
     141
     123
     120
     140
     141
     155
     176
     202
     285
     325
     395
     390
     318
     244
     175
     144
     123
     127
     127
     129
     124
     140
     135
     118
     120
     156
     131
     118
     134
     134
     136
     135
     151
     140
     120
     130
     143
     125
     123
     137
     123
     119
     123
     112
     129
     134
     149
     120
     136
     136
     149
     137
     138
     163
     132
     121
     126
     120
     135
     138
     124
     128
     122
     140
     146
     135
     141
     143
     143
     116
     133
     153
     155
     121
     133
     133
     141
     135
     138
     152
     158
     137
     130
     155
     133
     119
     117
     144
     133
     132
     132
     113
     148
     160
     113
     139
     143
     141
     152
     155
     130
     140
     137
     137
     159
     124
     133
     144
     146
     160
     150
     143
     168
     142
     155
     135
     149
     163
     152
     184
     137
     159
     152
     169
     190
     199
     194
     176
     251
     366
     760
    1587
    3266
    6631
   11313
   15326
   16845
   14381
    9310
    4794
    1840
     590
     226
      91
      87
      89
      99
      89
      79
     103
      92
      83
      76
     104
      89
      90
      96
     106
     103
      78
      88
     111
      98
     100
      98
      92
     109
      83
      94
      97
     111
      91
      84
     106
     105
     100
      87
     106
      82
      97
     106
     111
      86
      87
      90
      77
      89
      89
      95
      80
      67
      91
     101
      91
     101
      95
      89
      88
     104
      99
      93
     103
      95
      91
      77
     109
      86
      93
      91
      94
     107
      96
      96
      86
     101
     120
     123
     151
     203
     193
     217
     164
     126
     105
     108
      98
     100
      81
     100
     119
     121
     146
     170
     149
     125
     103
     100
     103
      85
      82
      93
      94
      99
      72
     107
     100
     120
     129
     208
     277
     302
     298
     279
     201
     130
     128
     103
     127
     123
     140
     136
     149
     112
      95
      79
     104
     109
     104
      88
     101
      87
      83
     101
     100
      92
      95
      99
      71
      90
     103
      97
     109
      94
      85
      97
      88
      85
      88
     104
      87
     106
      93
     105
     104
      84
      81
      88
      97
      80
      84
      86
      79
      94
     101
      80
      68
      86
      92
      92
      72
      85
      94
     102
     113
      80
     100
      97
      99
     136
     126
     133
     121
     132
     117
     100
      96
      79
      86
     108
      81
     129
     120
     135
     132
      96
      95
      90
      95
      81
      87
      80
      87
      75
      88
      91
      88
      90
      70
      72
      84
      93
      89
      78
      71
      75
      81
      75
      65
      85
      93
      85
      75
      96
      95
      99
     104
     109
      87
      74
      82
      72
      81
      77
      64
      91
      64
      68
      77
      82
      64
      74
      84
      77
      87
      63
      95
      78
      80
      85
      84
      70
      88
      95
      72
      83
      81
      55
      62
      68
      78
      96
      81
      80
      81
      86
      55
      97
      92
      81
      75
      87
      71
      77
      88
      77
      95
     106
     103
     138
     155
     148
     146
     127
     102
     128
     135
     151
     147
     127
      96
     113
      99
     120
     122
     190
     233
     352
     455
     442
     399
     259
     176
     110
      88
      92
     128
     173
     238
     262
     233
     248
     170
     131
     126
     108
      92
      84
      92
      84
      60
      80
     100
     101
      99
     104
     110
      97
      75
      68
      61
      81
      77
      71
      69
      66
      73
      74
      80
      75
      73
      85
      68
      77
      78
      69
      80
      62
      74
      93
      62
      86
      59
      87
      74
      62
      67
      65
      78
      73
      87
      67
      70
      70
      74
      82
      91
      85
      79
      89
      78
      92
     107
     142
     202
     228
     286
     268
     184
     135
     105
      63
      85
      98
      96
      88
     104
      95
      88
      77
      71
      77
     103
      82
      94
     116
     140
     199
     256
     264
     239
     219
     144
     106
      90
      77
      88
      74
      72
      75
      61
      80
      67
      79
      87
      94
      92
     127
     107
      89
      94
      65
      54
      61
      75
      45
      49
      63
      55
      65
      59
      67
      63
      76
      79
      69
      59
      62
      67
      79
      42
      72
      62
      52
      55
      54
      45
      59
      61
      58
      69
      61
      64
      49
      69
      55
      63
      69
      66
      72
      61
      67
      62
      81
      59
      55
      74
      69
      91
     132
     135
     158
     174
     151
     150
      93
      65
      61
      66
      58
      65
      81
      75
      70
      70
      79
      79
      81
      64
      70
      50
      69
      73
      67
      77
      66
      58
      58
      60
      58
      52
      53
      51
      69
      57
      60
      69
      64
      64
      60
      64
      75
      84
      73
      73
      90
      80
      66
      52
      59
      68
      57
      69
      75
      86
      85
      85
      94
      72
      74
      74
      60
      58
      58
      64
      53
      73
      51
      59
      57
      60
      67
      56
      57
      64
      81
      88
      72
      95
      99
      66
      81
      67
      63
      65
      63
      61
      60
      56
      79
      60
      65
      58
      53
      47
      74
      48
      50
      64
      53
      60
      72
      73
      64
      55
      51
      53
      72
      51
      67
      47
      66
      52
      55
      51
      61
      56
      52
      56
      59
      59
      71
      61
      56
      58
      58
      68
      57
      42
      49
      58
      59
      50
      45
      68
      51
      69
      53
      50
      62
      55
      53
      72
      55
      54
      54
      53
      70
      49
      77
      58
      72
      54
      75
      60
      63
      80
      62
      87
     122
     180
     207
     334
     368
     351
     268
     215
     133
      96
      70
      65
      51
      58
      50
      65
      48
      49
      46
      52
      54
      69
      63
      67
      49
      61
      66
      69
      41
      69
      47
      63
      64
      76
      55
      53
      54
      62
      64
      53
      62
      58
      59
      41
      55
      49
      53
      57
      56
      45
      50
      60
      65
      57
      53
      75
      61
      56
      59
      44
      67
      50
      52
      54
      50
      64
      64
      63
      53
      61
      64
      61
      73
      56
      62
      71
      52
      76
      56
      72
      95
     127
     256
     390
     709
    1122
    1458
    1578
    1479
    1046
     588
     280
     161
      95
      59
      59
      58
      49
      53
      63
      56
      54
      53
      46
      49
      57
      56
      56
      47
      65
      47
      51
      61
      58
      48
      55
      50
      62
      57
      66
      52
      60
      67
      57
      60
      63
      49
      49
      57
      67
      48
      63
      45
      59
      55
      59
      59
      58
      53
      60
      43
      51
      49
      59
      44
      56
      62
      41
      51
      48
      65
      53
      58
      54
      54
      38
      53
      64
      45
      53
      53
      54
      57
      47
      39
      59
      52
      70
      51
      46
      52
      60
      42
      51
      47
      53
      49
      53
      54
      50
      52
      52
      56
      60
      45
      71
      59
      74
      61
      55
      50
      37
      50
      37
      56
      59
      49
      49
      56
      50
      68
      43
      58
      58
      58
      52
      58
      45
      64
      49
      54
      60
      60
      57
      55
      59
      37
      45
      44
      52
      60
      59
      67
      43
      51
      61
      65
      69
      51
      51
      62
      53
      51
      55
      58
      49
      58
      51
      56
      52
      60
      60
      48
      70
      46
      52
      57
      59
      46
      42
      61
      68
      42
      48
      67
      53
      57
      72
      68
      76
      72
      85
      87
      85
      58
      76
      68
      58
      53
      54
      74
      53
      67
      63
      54
      58
      61
      62
      87
     118
     155
     203
     249
     251
     238
     174
     111
      74
      66
      52
      59
      56
      53
      65
      51
      56
      58
      47
      58
      46
      50
      48
      41
      50
      59
      46
      53
      51
      60
      59
      59
      52
      61
      52
      46
      53
      53
      42
      49
      51
      55
      60
      52
      50
      48
      54
      47
      47
      54
      61
      57
      54
      48
      50
      48
      58
      64
      40
      55
      61
      72
      75
      71
      71
      64
      73
      72
      68
      65
      64
      60
      58
      52
      60
      56
      46
      54
      54
      64
      42
      62
      43
      62
      51
      58
      47
      66
      69
      60
      59
      54
      48
      56
      57
      58
      54
      68
      66
      64
      56
      53
      56
      61
      72
      62
      81
      62
      61
      56
      54
      56
      65
      58
      43
      57
      74
      55
      70
      58
      64
      66
      57
      62
      52
      59
      65
      59
      54
      54
      50
      51
      51
      55
      56
      58
      62
      51
      56
      45
      61
      52
      42
      50
      60
      65
      47
      54
      54
      63
      57
      43
      46
      41
      46
      59
      46
      51
      46
      63
      42
      47
      44
      49
      64
      56
      67
      41
      49
      58
      69
      47
      57
      61
      63
      52
      48
      54
      52
      54
      45
      48
      48
      50
      51
      57
      47
      48
      45
      63
      52
      66
      57
      46
      47
      43
      48
      63
      52
      56
      53
      52
      51
      52
      53
      42
      54
      68
      50
      49
      56
      66
      67
      47
      79
      71
      69
      65
      55
      52
      57
      53
      62
      50
      64
      49
      55
      52
      67
      59
      60
      40
      51
      64
      51
      52
      52
      49
      46
      53
      57
      55
      51
      43
      64
      58
      60
      58
      52
      63
      48
      57
      63
      45
      65
      50
      51
      43
      47
      53
      47
      56
      58
      50
      55
      42
      55
      47
      67
      45
      49
      66
      50
      50
      49
      56
      53
      65
      56
      50
      60
      68
      55
      64
      52
      46
      52
      46
      60
      50
      55
      55
      42
      52
      37
      50
      43
      48
      55
      59
      47
      54
      55
      52
      51
      54
      71
      53
      37
      53
      51
      57
      45
      49
      56
      47
      60
      49
      53
      48
      46
      49
      46
      63
      43
      56
      57
      54
      46
      47
      43
      54
      47
      45
      50
      54
      52
      63
      44
      63
      48
      44
      51
      45
      55
      49
      42
      55
      55
      53
      52
      50
      38
      50
      55
      54
      56
      47
      59
      45
      43
      50
      67
      39
      59
      43
      42
      48
      48
      50
      43
      41
      41
      56
      46
      48
      54
      59
      52
      45
      44
      47
      42
      46
      33
      37
      47
      47
      56
      48
      53
      53
      52
      51
      45
      40
      53
      57
      48
      37
      45
      57
      55
      49
      65
      50
      54
      58
      46
      51
      45
      41
      49
      36
      50
      53
      55
      52
      46
      48
      39
      56
      34
      43
      54
      52
      50
      55
      38
      45
      44
      49
      44
      58
      45
      52
      45
      42
      43
      50
      62
      52
      45
      50
      49
      50
      55
      46
      31
      58
      51
      48
      49
      54
      36
      53
      50
      45
      50
      39
      48
      49
      45
      44
      51
      45
      47
      56
      37
      34
      53
      54
      54
      58
      44
      53
      52
      36
      35
      62
      47
      44
      62
      36
      47
      39
      52
      42
      61
      45
      41
      58
      38
      47
      40
      48
      49
      44
      36
      51
      48
      45
      32
      45
      50
      47
      40
      43
      48
      57
      50
      33
      50
      44
      54
      50
      45
      46
      33
      49
      50
      43
      59
      49
      49
      53
      67
      62
      46
      41
      40
      47
      35
      33
      34
      36
      42
      53
      45
      54
      44
      35
      47
      50
      46
      38
      42
      61
      40
      43
      46
      43
      49
      46
      48
      39
      48
      48
      54
      47
      47
      54
      37
      42
      41
      54
      52
      47
      53
      54
      49
      51
      52
      42
      54
      37
      44
      51
      43
      44
      39
      31
      46
      40
      55
      57
      42
      58
      41
      48
      48
      47
      45
      45
      53
      36
      49
      64
      59
      75
      87
      96
     133
     169
     242
     254
     317
     284
     279
     248
     227
     140
     120
      95
      72
      61
      59
      54
      52
      53
      44
      54
      61
      42
      59
      41
      54
      58
      47
      48
      59
      48
      53
      48
      43
      51
      56
      54
      77
      95
     108
     127
     142
     150
     132
     115
      78
      57
      54
      53
      54
      44
      35
      44
      43
      56
      42
      45
      50
      54
      42
      47
      48
      49
      49
      39
      54
      63
      48
      47
      38
      43
      53
      54
      42
      51
      43
      49
      34
      48
      55
      48
      45
      50
      29
      54
      53
      43
      45
      49
      42
      47
      60
      44
      43
      48
      53
      43
      44
      48
      39
      31
      42
      38
      50
      42
      53
      54
      46
      50
      52
      58
      56
      47
      32
      48
      55
      48
      54
      46
      36
      41
      63
      41
      41
      42
      49
      52
      49
      46
      45
      52
      35
      45
      50
      56
      51
      33
      42
      56
      48
      35
      54
      47
      45
      65
      51
      50
      61
      54
      46
      45
      48
      54
      46
      36
      39
      48
      45
      47
      53
      52
      43
      45
      66
      47
      55
      39
      56
      42
      47
      52
      48
      45
      44
      50
      51
      52
      54
      49
      46
      50
      39
      48
      44
      40
      54
      52
      62
      54
      50
      64
      45
      44
      56
      55
      50
      49
      51
      46
      51
      50
      48
      45
      40
      50
      40
      37
      64
      47
      48
      51
      57
      54
      50
      54
      52
      48
      49
      56
      43
      51
      50
      58
      56
      66
      50
      57
      61
      56
      47
      63
      40
      44
      65
      52
      66
      85
      74
     156
     212
     290
     382
     455
     418
     368
     295
     179
     102
      78
      61
      48
      45
      39
      54
      49
      43
      35
      56
      43
      43
      56
      49
      54
      53
      53
      47
      60
      53
      58
      49
      53
      44
      47
      58
      53
      47
      53
      54
      42
      38
      59
      49
      48
      44
      51
      41
      45
      52
      63
      57
      55
      47
      44
      53
      41
      44
      50
      40
      40
      49
      62
      47
      58
      52
      53
      61
      40
      44
      57
      43
      52
      42
      44
      45
      41
      38
      42
      58
      57
      54
      49
      61
      39
      45
      44
      45
      41
      36
      61
      45
      46
      48
      43
      52
      47
      54
      48
      38
      45
      61
      67
      55
      45
      46
      41
      41
      62
      43
      50
      39
      45
      46
      60
      56
      56
      40
      57
      40
      56
      42
      52
      48
      48
      44
      36
      48
      51
      60
      55
      50
      44
      57
      67
      50
      48
      48
      47
      59
      53
      42
      42
      45
      44
      27
      52
      54
      45
      46
      67
      54
      48
      60
      65
      53
      52
      64
      48
      56
      51
      52
      55
      38
      50
      55
      56
      37
      46
      43
      41
      52
      44
      50
      58
      47
      46
      58
      65
      62
      54
      55
      49
      41
      56
      59
      43
      61
      62
      46
      39
      48
      50
      54
      54
      60
      44
      54
      59
      72
      61
      55
      74
      59
      46
      54
      59
      59
      48
      53
      65
      58
      68
      86
      82
      66
      58
      72
      57
      52
      66
      57
      58
      69
      49
      59
      57
      65
      60
      68
      54
      43
      58
      56
      44
      56
      43
      54
      61
      55
      55
      45
      59
      50
      47
      49
      53
      55
      45
      54
      55
      41
      41
      34
      50
      56
      52
      55
      48
      53
      53
      66
      60
      45
      60
      59
      59
      64
      52
      58
      66
      58
      52
      59
      53
      59
      49
      64
      71
      54
      55
      65
      66
      41
      55
      52
      52
      43
      56
      53
      56
      47
      60
      74
      62
      48
      56
      57
      49
      45
      58
      60
      58
      55
      54
      53
      46
      51
      57
      55
      46
      53
      58
      49
      51
      77
      50
      69
      51
      52
      52
      71
      53
      55
      51
      63
      49
      58
      44
      51
      52
      64
      68
      61
      51
      57
      47
      61
      56
      55
      69
      45
      63
      46
      69
      66
      63
      65
      56
      56
      69
      47
      66
      62
      65
      51
      74
      58
      55
      82
      60
      50
      77
      63
      59
      74
      57
      60
      56
      45
      55
      66
      74
      55
      56
      67
      54
      59
      45
      54
      59
      64
      61
      61
      60
      62
      75
      50
      64
      66
      45
      62
      55
      61
      60
      57
      67
      56
      57
      65
      61
      59
      59
      59
      57
      58
      49
      65
      46
      32
      56
      53
      50
      59
      51
      64
      63
      50
      51
      43
      54
      53
      55
      57
      50
      52
      43
      39
      55
      50
      40
      52
      41
      41
      48
      50
      49
      51
      44
      52
      45
      43
      36
      54
      53
      39
      50
      52
      53
      55
      51
      46
      43
      44
      52
      57
      42
      49
      41
      42
      40
      39
      41
      43
      46
      37
      38
      31
      40
      39
      53
      38
      39
      50
      56
      55
      46
      49
      51
      34
      50
      45
      42
      57
      34
      51
      32
      48
      40
      32
      50
      48
      37
      37
      34
      40
      49
      39
      47
      42
      48
      35
      46
      40
      27
      39
      41
      36
      34
      49
      42
      41
      35
      52
      35
      44
      42
      36
      39
      43
      44
      55
      30
      42
      34
      37
      33
      51
      51
      37
      34
      39
      32
      35
      41
      41
      41
      33
      44
      44
      45
      38
      39
      41
      38
      46
      28
      32
      32
      29
      27
      35
      42
      48
      41
      44
      46
      35
      37
      43
      43
      30
      36
      33
      28
      38
      38
      33
      45
      45
      41
      51
      72
     101
     110
     126
     135
     131
     141
     113
      72
      58
      45
      41
      37
      38
      36
      34
      34
      32
      37
      25
      33
      36
      46
      37
      38
      35
      36
      32
      40
      32
      32
      39
      26
      33
      32
      37
      24
      33
      33
      37
      31
      29
      34
      31
      28
      30
      32
      26
      38
      27
      30
      32
      32
      39
      38
      27
      23
      23
      37
      24
      30
      33
      24
      32
      28
      34
      47
      31
      24
      34
      34
      31
      27
      37
      23
      23
      22
      29
      33
      35
      28
      27
      35
      33
      32
      32
      29
      44
      33
      23
      23
      24
      29
      26
      22
      24
      27
      23
      25
      19
      26
      23
      27
      28
      22
      23
      20
      21
      24
      34
      22
      24
      19
      25
      26
      21
      16
      27
      26
      31
      32
      31
      24
      22
      20
      23
      24
      22
      27
      22
      30
      24
      15
      21
      28
      24
      21
      17
      24
      31
      24
      18
      16
      14
      21
      31
      20
      28
      22
      14
      20
      26
      27
      19
      18
      22
      19
      19
      28
      29
      14
      25
      19
      17
      23
      13
      18
      15
      22
      22
      22
      23
      16
      18
      23
      18
      18
      25
      20
      16
      17
      20
      21
      19
      23
      14
      13
      23
      14
      23
      17
      18
      21
      14
      22
      17
      18
      20
      22
      16
      26
      29
      22
      19
      24
      19
      16
      18
      25
      11
      21
      20
      23
      17
      17
      17
      20
      17
      28
      19
      16
      23
      14
      14
      23
      14
       9
      19
      16
      18
      13
      24
      16
      21
      13
      21
      19
       6
      16
      12
      22
      20
      18
      17
       7
      21
      20
       4
      17
      19
      14
      14
       9
      19
      12
      21
      16
      18
      22
       6
      18
      24
      15
      21
      21
      16
      14
      17
      13
      18
      15
      21
      12
      23
      15
      18
      14
      19
      22
      16
      25
      24
      20
      15
      19
      13
      17
      14
      12
      12
      19
      16
       9
      21
      18
      17
      24
      16
      18
      15
      17
      14
      17
       9
      12
      12
      16
      19
      13
      14
      17
      20
      14
      16
      13
      16
      17
      19
      18
      12
      17
      15
      21
      16
      13
      10
      16
      24
      18
      14
      23
      18
      21
      10
      20
      32
      21
      24
      18
      17
      12
      21
      15
      15
      15
      16
      25
      13
      15
      22
      19
      27
      23
      16
      14
      13
      15
      24
      22
      16
      18
      27
      14
      13
      20
      19
      17
      17
      20
      18
      26
      22
      25
      14
      18
      28
      22
      27
      23
      26
      13
      24
      31
      33
      33
      42
      46
      70
      98
     170
     274
     475
     824
    1325
    1700
    2265
    2510
    2492
    2097
    1495
     944
     506
     225
      90
      43
      20
      13
      14
      12
       6
      14
      10
      18
      12
      15
      13
       9
      17
      16
      10
      14
      13
      11
      12
      10
      14
      14
      13
      11
       9
       9
      13
       9
      19
      10
       6
       9
      11
      11
      10
      12
       7
       4
      19
       9
      15
       9
       9
       9
      15
       9
       6
      12
       6
       7
      15
      11
      13
       6
      12
      13
       8
      13
      13
      18
      15
      11
       7
      13
       8
      12
      12
      16
       8
       6
      10
       8
       8
      13
      13
      12
       8
      20
      13
      11
      11
       8
      11
      17
      17
      11
       4
       4
      13
       8
      11
      15
       5
      11
      12
      12
      14
      10
      14
       9
      14
      12
      14
       6
      12
       9
      12
      10
       8
       7
       9
       9
      14
       7
       4
       9
      19
      12
      18
       7
       4
       6
      11
      13
       8
      16
       7
      13
      14
       9
       7
      16
      13
       4
       3
      12
      14
       6
      11
      11
       7
       7
      14
      14
      11
      14
      13
      12
       8
       9
      13
       9
       9
      15
      12
       9
      13
      12
      13
      12
      14
       9
      15
      14
      11
      13
      12
      14
      14
      10
      13
      11
      16
      17
       8
      14
      15
       8
      19
       7
       7
      15
      13
      11
      13
      10
      15
      12
      12
      13
      10
      13
      11
      11
      15
      16
      11
      15
      17
       7
      12
      11
      14
       9
       3
      18
       6
      12
       6
      12
      11
       5
       5
      10
       8
       9
      14
      14
       7
      15
      16
       7
       8
      16
      14
      10
      19
       4
      11
      12
       7
       9
      11
      13
       8
       7
      11
       8
      17
       9
      14
       8
       6
       4
       8
      18
      10
      12
       7
       7
      12
       8
      12
      14
       8
       8
      14
      14
      12
      11
       6
       9
       8
      13
      11
      11
      10
      10
       8
       4
      11
      14
      13
       6
       9
      10
      10
      12
       8
       7
       8
      10
       9
      12
       5
       8
      13
      12
      13
       6
      10
       9
       7
      11
       4
       9
      13
      11
      11
       9
      10
       7
      16
       6
       9
      18
      13
      11
      14
       8
      11
      11
      12
      12
       5
       6
       9
       8
       9
      12
      12
       7
       9
      13
       6
      13
      16
      12
      12
       8
       8
      11
       7
       7
       8
       9
       4
       8
       9
       8
      11
       9
      10
      11
      13
      11
      10
      16
       7
       7
      11
       6
      14
      13
       9
       9
       6
      10
      10
       6
       8
      11
       9
      10
       8
       5
      12
      10
      12
       3
      10
       7
      11
       7
       5
      12
       9
       7
      10
      16
       9
      12
       8
      10
       8
      15
       7
       8
      11
      10
      11
      10
      10
      12
       9
       5
      10
       9
       9
      17
      14
      12
       9
       8
       7
      12
      13
      13
       6
      20
       8
       8
       4
      13
      13
      12
       9
      14
      12
      10
      11
      15
       5
       9
      11
      10
      11
       6
      12
      10
      17
       9
      12
      13
       7
      10
      10
      10
      12
       5
       9
      13
      11
       7
      10
      14
      16
       7
       6
      15
      16
      16
      12
      10
       8
      13
       7
      18
       7
      12
      10
       7
      13
       9
       8
      11
      10
       9
      12
       8
       6
      12
       8
       7
      14
      14
      14
      13
       8
      14
      14
      14
      20
      12
       9
      10
       4
       8
       7
      13
      11
       8
       6
       7
      14
       9
      12
      15
       9
       9
      11
      10
      13
       7
      11
       9
       9
      13
       9
       7
       9
       6
      10
      10
      17
       6
       8
      18
      11
      11
       8
      10
       5
       9
      13
      10
       6
       6
       8
       9
       6
       4
       9
      11
       8
       5
      10
      11
      10
       6
       5
      13
       8
       4
       5
      10
      10
       7
      11
      18
      12
       7
       9
      10
      11
      11
       7
       4
       8
      11
      13
      11
       7
       4
      12
       8
      13
       4
       8
      13
      10
      10
      11
       7
       5
      12
      12
       6
       7
       6
      16
      16
      11
       6
      10
      14
      15
      15
      10
      15
       8
       6
      12
      13
       8
       9
      11
       7
      13
       9
       9
       6
       7
      14
       3
       8
       9
      10
      11
      11
       8
       7
      11
       9
       6
      11
      12
      11
       5
       7
       8
       9
       4
      13
      11
       7
       7
      14
      11
      11
       5
      15
       9
      11
       7
      11
      10
      14
      13
       5
      12
       9
      13
      18
      16
      10
       5
      12
      10
      12
      11
       9
      10
       8
      12
      12
       5
      10
      10
      14
      12
       7
       7
      12
       8
       8
      11
      11
      12
       5
      11
       6
       3
       8
       8
       3
       3
      12
      10
       5
       8
      11
       6
      10
      12
       9
       3
      10
       4
       6
      10
      10
      10
      10
      15
      14
       7
       6
      14
       9
      10
      10
       6
      10
       7
       5
      13
      11
       4
      10
       3
       7
      12
      13
      14
      12
       5
       6
      11
      10
       9
       7
       8
      13
       4
      15
      10
      10
       8
      12
       6
      12
       5
       6
       1
       9
       9
      10
       6
       4
       8
      12
       9
       7
       4
      11
       8
       8
       7
       5
       6
       6
       5
       8
       4
       9
       8
       5
      10
       6
      12
      11
       8
       4
       6
      16
       7
       5
      10
      10
       7
       8
       7
       8
      11
       6
      17
       8
       7
       4
       9
      11
       4
       9
      10
      14
      12
       6
       7
      10
      11
       7
      10
       8
       8
       6
      12
       6
       4
      10
      12
       9
       5
       7
      11
       9
       5
      12
       5
      10
      10
      13
       8
      12
       7
       5
      10
       6
      12
       9
       8
       5
       5
       6
       8
       5
       5
       4
       5
       8
       9
       8
      10
      14
       6
       6
       7
      13
      16
       7
      10
       8
       8
       4
       9
      13
      11
      11
      14
       5
      10
      13
      12
       7
       9
       4
       7
       8
      10
       6
       5
       9
       7
       4
      12
       7
       6
       5
      13
       9
       8
       6
      10
       4
       4
       9
      10
       5
      10
      10
      11
      11
      14
       6
       4
       8
       6
       5
       7
       7
      10
       3
       7
       5
       6
       6
      14
       5
      13
       4
       8
       7
      10
       8
       8
      11
       6
       8
       7
      10
       6
      13
       6
      14
      11
       8
       6
      11
       6
       7
      10
       7
       3
       7
       6
      17
       7
       9
      10
      11
      10
      10
      16
       7
       7
       5
       4
       9
       8
       8
       9
       7
       7
       9
       5
       8
       3
      11
       8
       5
      10
       9
       8
       6
      10
       7
       7
       6
       3
       7
      11
       6
       7
       4
      10
       9
      14
       6
       7
       4
       9
      10
       7
      11
      11
       2
       9
       8
       6
       6
       5
       7
       7
       6
      10
       8
       3
      11
       8
       7
      11
       9
       7
       9
       7
       5
      10
       8
       8
       9
      10
       7
       5
       9
       8
       4
      10
       7
       6
       5
      11
       6
       9
       6
      10
       6
       8
       3
      14
       7
      12
       5
       7
       7
      10
       8
      16
       9
      13
       3
       8
       8
       4
       8
       8
       7
       9
       3
       9
       9
       8
       2
       8
       8
       9
       7
       8
       6
       9
       6
       6
       7
      10
      11
       7
       8
       9
      10
       9
       5
       6
       9
       4
       8
       9
       7
       5
       6
      10
       4
       5
       7
       3
      10
       8
      10
       7
       3
       5
       7
       9
       4
       5
       7
       5
      11
       8
       5
      11
       5
       7
       6
       6
       5
      10
       2
       6
       7
       6
       8
       4
       7
       6
       2
      11
       6
       6
       8
      14
       8
      10
       9
       7
       6
       9
       8
       8
       6
       9
       9
       5
       2
       6
       4
       8
       9
       8
       4
       7
       8
       7
       6
       7
       8
       7
       7
       4
       3
       9
       7
       7
      11
       8
       8
       5
       7
       7
       4
       1
       5
       6
       4
       7
       1
       9
       4
       5
       8
      10
       6
       8
       5
       4
       6
       2
       5
       6
       3
       6
       6
       6
       4
      11
       8
       3
       2
       7
       1
       6
       5
       6
      12
       5
       4
      10
      12
      10
      13
      21
      15
      17
      14
      12
      11
       8
       7
       5
       6
      10
       5
       2
       9
       7
       3
       5
       5
       8
       4
       5
       7
      11
       5
       3
       4
       8
       6
       4
       8
       9
       3
      14
       6
       2
       5
       6
       6
       6
       6
       6
       6
       7
      11
       7
       5
       5
       4
       5
      10
       6
      14
       3
       1
       7
       9
       7
      10
       6
       6
       6
       7
       6
       7
      11
       7
       9
       7
       6
       7
      11
       4
       2
       8
       7
       8
       8
       6
       8
      10
       8
       2
       3
       8
       6
       5
       7
      10
       9
       3
       2
       8
       8
       3
       4
       6
       9
       8
       5
       1
       8
       8
       5
       4
       7
       7
       5
      10
       4
       8
      11
       6
       9
       6
       8
       9
       9
       7
       6
       6
      11
      11
       7
       5
       6
       7
      17
       5
       8
       8
       6
       3
       4
       5
       7
       6
       6
       7
      11
      14
       2
       6
       3
       7
       4
      10
       3
       6
       2
      12
      11
       8
       3
       6
       5
       7
       7
      10
       6
       7
       2
       7
      12
       5
       9
      15
      19
      27
      34
      35
      35
      36
      46
      36
      24
      10
       6
       7
      11
       5
       8
       6
      15
     250
    1520
    6161
   15516
   39685
   64219
   63736
   11212
    6772
    4582
    3526
    3118
    2743
    2385
    2187
    1877
    1632
    1407
    1189
    1060
     861
     794
     577
     458
     374
     391
     430
     517
     491
     499
     455
     428
     429
     415
     327
     324
     336
     295
     289
     279
     249
     241
     261
     233
     233
     229
     215
     201
     211
     197
     236
     206
     216
     204
     162
      86
      21
      15
       4
       6
       9
       6
       8
       9
       3
      12
      10
      11
       9
      18
      12
      12
      12
       9
      31
      16
      27
      30
      39
      45
      54
      67
      58
      58
      73
      72
      76
      89
      74
      89
      73
      79
      87
      85
      97
     102
     111
     106
     117
     110
     124
     127
     132
     146
     140
     143
     150
     169
     193
     191
     194
     194
     211
     238
     236
     256
     254
     240
     173
     121
      69
      44
      11
       8
       7
       6
       1
       1
       3
       2
       6
       1
       1
       2
       1
       1
       1
       0
       2
       1
       0
       0
       1
       0
       0
       0
       0
       0
       0
       0
       0
       0
       0
       0
       0
       0
       0
       0
       0
       0
       0
       0
       0
       0
       0
       0
       0
       0
       0
       0
       0
       0
       0
       0
       0
       0
       0
       0
       0
       0
       0
       0
       0
       0
       0
       0
       0
       0
       0
       0
       0
       0
       0
       0
       0
       0
       0
       0
       0
       0
       0
       0
       0
       0
       0
       0
       0
       0
       0
       0
       0
       0
       0
       0
       0
       0
       0
       0
       0
       0
       0
       0
       0
       0
       0
       0
       0
       0
       0
       0
       0
       0
       0
       0
       0
       0
       0
       0
       0
       0
       0
       0
       0
       0
       0
       0
       0
       0
       0
       0
       0
       0
       0
       0
       0
       0
       0
       0
       0
       0
       0
       0
       0
       0
       0
       0
       0
       0
       0
       0
       0
       0
       0
       0
       0
       0
       0
       0
       0
       0
       0
       0
       0
       0
       0
       0
       0
       0
       0
       0
       0
       0
       0
       0
       0
       0
       0
       0
       0
       0
       0
       0
       0
       0
       0
       0
       0
       0
       0
       0
       0
       0
       0
       0
       0
       0
       0
       0
       0
       0
       0
       0
       0
       0
       0
       0
       0
       0
       0
       0
       0
       0
       0
       0
       0
       0
       0
       0
       0
       0
       0
       0
       0
       0
       0
       0
       0
       0
       0
       0
       0
       0
       0
       0
       0
       0
       0
       0
       0
       0
       0
       0
       0
       0
       0
       0
       0
       0
       0
       0
       0
       0
       0
       0
       0
       0
       0
       0
       0
       0
       0
       0
       0
       0
       0
       0
       0
       0
       0
       0
       0
       0
       0
       0
       0
       0
       0
       0
       0
       0
       0
       0
       0
       0
       0
       0
       0
       0
       0
       0
       0
       0
       0
       0
       0
       0
       0
       0
       0
       0
       0
       0
       0
       0
       0
       0
       0
       0
       0
       0
       0
       0
       0
       0
       0
       0
       0
       0
       0
       0
       0
       0
       0
       0
       0
       0
       0
       0
       0
       0
       0
       0
       0
       0
       0
       0
       0
       0
       0
       0
       0
       0
       0
       0
       0
       0
       0
       0
       0
       0
       0
       0
       0
       0
       0
       0
       0
       0
       0
       0
       0
       0
       0
       0
       0
       0
       0
       0
       0
       0
       0
       0
       0
       0
       0
       0
       0
       0
       0
       0
       0
       0
       0
       0
       0
       0
       0
       0
       0
       0
       0
       0
       0
       0
       0
       0
       0
       0
       0
       0
       0
       0
       0
       0
       0
       0
       0
       0
       0
       0
       0
       0
       0
       0
       0
       0
       0
       0
       0
       0
       0
       0
       0
       0
       0
       0
       0
       0
       0
       0
       0
       0
       0
       0
       0
       0
       0
       0
       0
       0
       0
       0
       0
       0
       0
       0
       0
       0
       0
       0
       0
       0
       0
       0
       0
       0
       0
       0
       0
       0
       0
       0
       0
       0
       0
       0
       0
       0
       0
       0
       0
       0
       0
       0
       0
       0
       0
       0
       0
       0
       0
       0
       0
       0
       0
       0
       0
       0
       0
       0
       0
       0
       0
       0
       0
       0
       0
       0
       0
       0
       0
       0
       0
       0
       0
       0
       0
       0
       0
       0
       0
       0
       0
       0
       0
       0
       0
       0
       0
       0
       0
       0
       0
       0
       0
       0
       0
       0
       0
       0
       0
       0
       0
       0
       0
       0
       0
       0
       0
       0
       0
       0
       0
       0
       0
       0
       0
$ROI:
0
$PRESETS:
None
0
0
$ENER_FIT:
19.487907 0.420274
$MCA_CAL:
3
1.948791E+001 4.202737E-001 4.956080E-007 keV
$SHAPE_CAL:
3
2.607346E+000 7.693535E-004 -3.225620E-008
