$SPEC_ID:
bkgd
$SPEC_REM:
DET# 2
DETDESC# Rayleigh
AP# Maestro Version 7.01
$DATE_MEA:
07/07/2025 14:00:17
$MEAS_TIM:
77296 77341
$DATA:
0 8191
       0
       0
       0
       0
       0
       0
       0
       0
       0
       0
       0
       0
       0
       0
       0
       0
       0
       0
       0
       0
       0
       0
       0
       0
       0
       0
       3
      35
     196
     714
    1014
    1077
    1045
    1018
     973
    1030
    1082
    1043
    1005
    1037
    1013
    1050
    1005
     967
     975
    1010
     998
    1002
    1042
     974
    1005
     917
     961
     941
     963
     933
     992
     965
     957
     974
     942
     982
     907
     950
     929
     928
     990
     986
     925
     930
     993
     885
     875
     946
     904
     899
     980
     950
     924
     927
     964
     966
    1027
    1051
     941
     932
     929
    1025
     974
    1029
    1021
    1046
    1036
    1024
    1038
    1040
    1104
    1087
    1095
    1139
    1111
    1102
    1088
    1086
    1223
    1362
    1446
    1268
    1193
    1159
    1151
    1181
    1152
    1136
    1245
    1236
    1277
    1326
    1311
    1268
    1238
    1246
    1351
    1278
    1410
    1366
    1457
    1474
    1619
    1685
    1572
    1735
    2466
    3608
    3102
    1834
    1641
    2367
    4134
    4744
    2454
    1304
    1203
    1256
    1283
    1284
    1251
    1296
    1342
    1298
    1152
    1221
    1321
    1350
    1545
    1749
    1744
    1616
    1322
    1374
    1482
    1867
    2621
    2593
    1921
    1408
    1297
    1452
    1836
    2249
    1836
    1388
    1216
    1340
    1878
    2365
    2575
    2278
    1785
    1353
    1295
    1242
    1155
    1126
    1098
    1144
    1153
    1198
    1204
    1238
    1234
    1317
    1298
    1218
    1181
    1193
    1155
    1170
    1181
    1147
    1148
    1139
    1089
    1239
    1300
    1320
    1388
    1327
    1228
    1177
    1127
    1152
    1201
    1297
    1293
    1272
    1222
    1132
    1170
    1196
    1216
    1231
    1248
    1233
    1230
    1223
    1151
    1167
    1296
    1334
    1263
    1122
    1204
    1186
    1186
    1182
    1158
    1194
    1206
    1116
    1242
    1160
    1154
    1232
    1177
    1225
    1236
    1266
    1192
    1229
    1236
    1243
    1249
    1274
    1271
    1224
    1234
    1221
    1273
    1283
    1367
    1693
    1881
    1585
    1296
    1241
    1249
    1265
    1296
    1260
    1220
    1265
    1245
    1204
    1215
    1281
    1223
    1219
    1239
    1242
    1253
    1240
    1204
    1209
    1187
    1202
    1264
    1263
    1284
    1219
    1258
    1254
    1213
    1186
    1217
    1282
    1421
    1502
    1374
    1260
    1147
    1196
    1273
    1213
    1218
    1173
    1237
    1229
    1182
    1215
    1277
    1213
    1251
    1207
    1175
    1275
    1216
    1194
    1270
    1265
    1384
    1484
    1397
    1247
    1146
    1162
    1231
    1204
    1184
    1156
    1211
    1162
    1210
    1157
    1152
    1181
    1127
    1136
    1152
    1141
    1120
    1123
    1188
    1173
    1225
    1100
    1108
    1099
    1096
    1127
    1160
    1120
    1083
    1106
    1090
    1086
    1044
    1095
    1081
    1069
    1087
    1076
    1073
    1088
    1078
    1151
    1081
    1114
    1127
    1084
    1052
    1101
    1103
    1088
    1089
    1035
    1088
    1083
    1089
    1012
    1059
    1105
    1127
    1086
    1088
    1089
    1088
    1084
    1068
    1101
    1059
    1033
    1082
    1108
    1192
    1613
    2493
    2900
    2251
    1418
    1071
     937
    1031
    1027
    1007
    1055
    1064
    1026
    1022
    1024
    1063
    1058
    1064
    1036
     983
     977
    1029
    1006
     991
     986
    1043
    1049
     994
     978
    1005
    1011
    1046
     953
    1023
    1026
    1069
    1041
     935
     996
     991
    1011
     970
     970
     958
    1053
    1045
    1007
    1042
    1010
     973
     908
     916
     941
     915
    1019
    1130
    1555
    1915
    1680
    1088
     941
     951
     959
     974
     896
     927
     932
     923
     904
     908
     889
     946
     936
    1029
     970
     958
     872
     864
     877
     894
     905
     912
     901
     951
     917
     874
     853
     876
     910
     889
     898
     952
     900
     867
     881
     896
     894
     952
     851
     845
     921
     885
     935
     858
     806
     877
     862
     878
     867
     845
     883
     898
     811
     905
     887
     914
     860
     827
     895
     945
    1023
    1060
     963
    1033
    1702
    4524
   10518
   13029
    6970
    1954
     975
    1274
    2015
    2215
    2508
    2711
    1520
     825
     708
     726
     699
     655
     764
     672
     674
     684
     642
     700
     695
     678
     676
     662
     708
     657
     665
     678
     630
     651
     699
     734
     717
     679
     663
     643
     660
     667
     662
     641
     718
     733
     676
     664
     671
     740
     770
     720
     715
     642
     606
     598
     667
     619
     596
     610
     637
     602
     638
     640
     668
     620
     580
     610
     634
     546
     617
     596
     646
     631
     690
     813
     946
    1340
    1430
    1009
     775
     680
     607
     602
     586
     590
     622
     656
     647
     681
     629
     591
     630
     759
    1045
    1030
     836
     635
     599
     621
     597
     553
     586
     572
     564
     619
     547
     571
     546
     578
     607
     552
     575
     577
     539
     578
     576
     581
     589
     599
     646
     621
     547
     594
     528
     562
     575
     538
     549
     525
     575
     587
     582
     608
     840
    1671
    3629
    4742
    3028
    1203
     597
     484
     526
     511
     518
     534
     608
     871
    1194
    1285
     804
     538
     530
     525
     563
     524
     471
     510
     516
     495
     497
     522
     468
     509
     500
     467
     499
     496
     451
     505
     485
     514
     459
     532
     451
     500
     515
     463
     477
     500
     526
     499
     498
     515
     448
     465
     509
     469
     479
     476
     464
     455
     489
     444
     478
     470
     466
     529
     477
     475
     539
     507
     477
     517
     509
     522
     463
     495
     483
     460
     498
     505
     526
     698
    1024
    1086
     791
     546
     456
     503
     484
     456
     447
     482
     556
     547
     524
     459
     467
     444
     444
     459
     451
     452
     434
     470
     605
    1030
    2028
    2883
    2199
    1052
     508
     405
     501
     500
     512
     473
     416
     410
     430
     451
     435
     393
     383
     438
     456
     371
     425
     406
     453
     453
     407
     462
     460
     459
     454
     480
     736
    1809
    4340
    7353
    6335
    2783
     867
     388
     421
     400
     356
     412
     387
     383
     392
     368
     386
     366
     363
     393
     410
     402
     380
     396
     388
     359
     371
     359
     373
     400
     385
     422
     399
     363
     361
     380
     356
     404
     368
     371
     377
     368
     349
     367
     400
     384
     356
     340
     368
     380
     406
     390
     389
     363
     376
     373
     350
     374
     410
     353
     358
     356
     361
     378
     365
     397
     338
     394
     378
     360
     372
     375
     348
     374
     344
     357
     345
     385
     393
     368
     394
     398
     377
     355
     356
     407
     386
     402
     387
     369
     432
     425
     378
     363
     384
     396
     345
     354
     351
     359
     376
     359
     353
     416
     360
     382
     378
     333
     376
     337
     352
     366
     387
     330
     365
     354
     334
     356
     354
     396
     408
     420
     418
     374
     348
     373
     361
     334
     387
     380
     408
     357
     384
     339
     344
     345
     341
     374
     468
     630
     655
     524
     367
     337
     310
     325
     344
     343
     327
     309
     346
     326
     344
     320
     371
     357
     328
     300
     359
     347
     328
     368
     328
     330
     334
     332
     317
     322
     345
     300
     310
     307
     286
     328
     361
     335
     347
     311
     327
     299
     318
     317
     359
     321
     332
     292
     316
     326
     303
     308
     325
     332
     299
     345
     277
     311
     286
     329
     286
     304
     304
     302
     293
     308
     296
     284
     314
     300
     313
     335
     322
     305
     314
     294
     313
     287
     264
     326
     281
     286
     308
     316
     284
     313
     277
     292
     317
     305
     259
     293
     275
     281
     276
     294
     293
     303
     267
     268
     301
     297
     316
     318
     331
     351
     308
     268
     276
     327
     326
     280
     272
     270
     258
     291
     288
     285
     268
     271
     283
     277
     283
     295
     304
     322
     446
     601
     850
     877
     620
     361
     307
     270
     274
     276
     273
     271
     251
     285
     270
     275
     260
     288
     270
     283
     262
     282
     270
     265
     298
     289
     293
     278
     304
     245
     273
     253
     259
     292
     286
     263
     265
     271
     311
     265
     259
     269
     301
     297
     279
     300
     276
     250
     251
     225
     238
     263
     284
     260
     239
     258
     233
     289
     318
     321
     278
     270
     272
     275
     263
     266
     255
     237
     259
     279
     261
     249
     261
     261
     259
     250
     275
     273
     240
     231
     271
     225
     227
     260
     257
     246
     234
     249
     247
     266
     247
     236
     271
     233
     231
     248
     253
     253
     259
     291
     251
     255
     296
     247
     224
     235
     263
     268
     295
     291
     363
     384
     525
     629
    1010
    1507
    1629
    1345
     809
     609
     415
     307
     282
     290
     269
     246
     264
     220
     239
     260
     230
     230
     206
     268
     255
     253
     272
     233
     228
     245
     246
     228
     212
     257
     250
     265
     218
     241
     211
     237
     227
     224
     240
     240
     250
     227
     237
     235
     206
     237
     223
     193
     227
     223
     201
     251
     251
     249
     260
     252
     232
     254
     246
     281
     261
     219
     240
     222
     242
     239
     233
     219
     241
     247
     214
     228
     240
     222
     211
     224
     194
     234
     249
     243
     237
     241
     220
     246
     241
     211
     235
     251
     227
     251
     220
     238
     238
     240
     261
     221
     246
     225
     229
     199
     209
     195
     219
     214
     235
     206
     229
     228
     239
     235
     215
     242
     203
     225
     247
     215
     242
     250
     220
     215
     214
     229
     258
     294
     325
     322
     286
     255
     221
     210
     216
     249
     229
     233
     204
     218
     222
     227
     218
     236
     221
     243
     245
     234
     253
     233
     232
     217
     245
     270
     227
     212
     227
     240
     217
     213
     226
     212
     214
     246
     217
     242
     225
     212
     227
     260
     278
     251
     247
     252
     414
     946
    2124
    3644
    3583
    2125
     832
     333
     214
     194
     238
     229
     190
     209
     224
     206
     213
     179
     210
     221
     192
     200
     204
     218
     198
     211
     179
     209
     192
     214
     231
     228
     233
     215
     185
     214
     223
     183
     216
     227
     211
     213
     222
     208
     195
     224
     218
     211
     217
     195
     217
     212
     208
     217
     228
     199
     225
     191
     203
     215
     250
     243
     534
    1396
    3131
    4979
    4767
    2915
    1103
     368
     216
     199
     180
     168
     199
     193
     214
     188
     186
     207
     194
     199
     203
     199
     195
     165
     181
     195
     205
     229
     201
     196
     177
     188
     180
     193
     186
     210
     192
     190
     185
     187
     187
     149
     183
     186
     178
     191
     179
     197
     190
     187
     191
     218
     204
     190
     170
     186
     190
     196
     191
     194
     216
     206
     192
     192
     203
     179
     201
     208
     161
     203
     181
     174
     186
     195
     187
     184
     181
     172
     196
     191
     186
     165
     193
     163
     213
     159
     181
     157
     185
     193
     216
     183
     199
     205
     176
     196
     194
     169
     201
     182
     195
     220
     201
     179
     175
     172
     169
     169
     158
     172
     186
     187
     180
     195
     196
     179
     191
     201
     177
     216
     182
     194
     197
     188
     219
     285
     490
     636
     621
     450
     286
     194
     196
     204
     222
     217
     325
     302
     277
     236
     209
     170
     179
     194
     181
     183
     174
     169
     156
     175
     156
     189
     224
     194
     171
     169
     175
     183
     182
     170
     180
     190
     162
     183
     175
     168
     192
     199
     166
     175
     174
     168
     183
     174
     181
     187
     149
     190
     175
     194
     190
     165
     172
     180
     166
     168
     174
     210
     176
     181
     182
     177
     173
     184
     169
     178
     159
     187
     184
     160
     179
     173
     176
     177
     191
     168
     172
     185
     162
     172
     161
     178
     198
     187
     174
     203
     209
     175
     156
     171
     174
     197
     184
     174
     222
     228
     216
     214
     202
     186
     159
     173
     183
     173
     206
     183
     196
     184
     179
     177
     203
     193
     168
     186
     174
     176
     163
     176
     179
     181
     190
     185
     183
     147
     175
     167
     188
     190
     177
     170
     167
     182
     192
     156
     170
     182
     215
     183
     184
     184
     178
     173
     160
     194
     180
     145
     183
     161
     188
     213
     277
     518
     711
     875
     790
     487
     254
     188
     177
     176
     157
     144
     179
     162
     138
     165
     186
     155
     175
     142
     158
     161
     156
     165
     151
     136
     170
     157
     188
     147
     157
     144
     151
     157
     158
     170
     158
     171
     165
     184
     178
     167
     186
     145
     154
     157
     169
     162
     156
     174
     171
     171
     150
     173
     168
     167
     170
     158
     155
     164
     153
     171
     193
     176
     162
     165
     161
     171
     222
     235
     257
     216
     187
     192
     172
     151
     145
     162
     169
     160
     156
     146
     147
     162
     161
     188
     168
     169
     234
     208
     240
     168
     170
     166
     169
     202
     216
     242
     257
     430
     557
     533
     422
     255
     187
     165
     151
     159
     182
     262
     285
     277
     209
     155
     151
     150
     141
     126
     134
     137
     146
     149
     134
     131
     172
     161
     121
     132
     155
     130
     164
     174
     183
     205
     169
     179
     165
     134
     172
     185
     273
     295
     329
     286
     201
     171
     128
     155
     155
     138
     164
     138
     129
     130
     150
     127
     152
     138
     141
     142
     183
     234
     400
     543
     545
     388
     255
     164
     142
     129
     115
     135
     145
     155
     130
     141
     149
     143
     145
     130
     129
     128
     156
     133
     135
     146
     131
     153
     178
     204
     244
     211
     166
     146
     131
     126
     131
     129
     112
     141
     131
     133
     142
     141
     111
     140
     121
     132
     138
     119
     117
     123
     134
     148
     111
     126
     141
     136
     133
     113
     135
     130
     133
     157
     138
     146
     156
     133
     148
     146
     128
     118
     141
     129
     105
     135
     155
     132
     153
     144
     140
     138
     127
     127
     109
     154
     128
     197
     183
     173
     142
     168
     169
     134
     137
     140
     135
     156
     168
     243
     266
     239
     223
     175
     118
     123
     156
     164
     203
     210
     224
     213
     206
     175
     151
     148
     119
     109
     135
     119
     123
     123
     146
     137
     123
     128
     150
     133
     122
     137
     134
     116
     106
     130
     126
     137
     123
     125
     124
     137
     139
     134
     127
     121
     128
     128
     133
     135
     121
     132
     126
     142
     116
     127
     121
     136
     192
     287
     407
     511
     460
     330
     216
     149
     111
     128
     125
     131
     117
     116
     126
     111
     118
     115
     124
     117
     122
     128
     116
     131
     120
     141
     116
     139
     131
     125
     139
     143
     117
     115
     136
     139
     134
     142
     137
     142
     141
     126
     119
     133
     126
     131
     121
     108
     127
     116
     114
     119
     105
     116
     138
     132
     141
     125
     127
     138
     124
     118
     114
     127
     126
     121
     116
     116
     135
     135
     120
     123
     132
     120
     107
     114
     129
     131
     128
     130
     132
     149
     167
     153
     120
     143
     127
     117
     129
     130
     127
     126
     108
     139
     127
     122
     122
     126
     122
     124
     123
     143
     107
     120
     129
     166
     197
     186
     178
     132
     135
     129
     118
     120
     138
     144
     113
     126
     169
     208
     430
     971
    1744
    2373
    2211
    1402
     703
     276
     127
     119
     116
     111
     113
     117
     124
     138
     122
     129
     115
     126
      97
     115
     116
     108
     109
     112
     124
     117
     116
     123
     116
     129
     102
     124
     128
     110
     102
     107
     103
     124
     126
     112
     125
     124
     112
     109
     116
     117
     101
     110
     145
     129
     122
     123
     115
     200
     258
     334
     347
     284
     181
     141
     116
     112
     101
     131
     122
     109
     109
     115
     113
      99
      99
     108
     110
     117
     104
     130
     102
     116
     114
     114
     131
     106
     108
     118
     125
     110
      98
     104
     130
     127
     123
     152
     162
     144
     144
     143
     134
     147
     101
     111
     135
     111
     101
     111
     120
     119
     130
     119
     115
     107
      95
     119
     131
     123
     133
     124
     138
     129
     117
     107
     125
     110
     107
     116
     160
     189
     295
     413
     524
     545
     403
     215
     128
     148
     163
     345
     583
    1059
    1381
    1335
     902
     432
     228
     125
     100
     112
      93
     103
      97
     113
     105
      90
     117
     114
     129
     126
      83
     118
     116
      95
     112
     121
      94
      92
     115
     113
     123
     106
     120
      95
     110
     111
     100
     110
     115
     114
     107
      95
     112
     118
     128
     117
     121
     107
     140
     132
     119
     120
     126
     113
     105
     127
     119
     102
     105
     103
      94
      97
     102
     116
     100
      99
     107
     113
     101
     107
     112
     103
      98
     119
     107
     113
     161
     161
     204
     189
     152
     125
     102
     109
     101
     103
     120
     122
     111
     109
      86
     107
      97
     103
      96
     104
      90
     117
     118
     114
     129
     107
     105
     118
      92
     128
     107
     103
     104
     103
      99
      83
     105
     116
     103
     122
     111
     101
     114
     102
     113
     107
      89
     105
     106
     110
     106
     118
     103
     122
     117
     106
     105
     111
      82
     103
     100
     118
     104
     106
     105
     104
     118
     113
     113
     108
      98
     120
     104
     100
     100
     125
     113
     111
     115
     121
     138
     111
      96
     106
     106
      87
      96
     109
      91
      92
     118
     110
     109
     131
     119
     118
     108
      99
      97
     114
      98
     112
      85
     112
     103
      96
     106
      99
     119
     117
     106
     104
     117
     106
      92
     133
     119
     108
      83
     115
     110
     108
     115
     120
     101
     110
     113
     111
      88
     114
     101
     107
     103
      90
     127
     104
     101
     110
     105
      97
     107
      97
     123
      88
     109
     103
     107
      90
      98
     119
      99
     116
     107
     115
     123
     107
     124
     116
      99
     137
     121
     124
     109
     108
     104
     111
     146
     117
     125
     113
      92
     111
     110
      93
     122
     107
     109
      95
     111
      96
     111
     110
     102
     129
     118
     157
     134
     154
     122
     112
     122
     104
     108
      95
      94
      95
      96
     112
     108
     113
     114
     119
     104
     119
     127
     112
      81
      99
     109
      99
     111
     122
     123
     119
     111
     101
     115
     101
     108
      87
     112
     128
     140
     145
     140
     143
     139
     128
     142
     111
     109
     104
     102
     115
     101
      97
     108
     111
      97
     119
     124
     116
     126
     133
     121
     123
     137
     124
     149
     122
     102
     123
     134
      90
     119
     109
     119
     107
     121
      98
     134
     115
     131
     163
     122
     149
     135
     101
     117
     114
      81
     109
      90
     106
     106
     117
     109
     115
     115
      98
     136
     182
     291
     537
     861
     968
     980
     768
     412
     207
     145
     131
     110
     112
     114
      94
     108
     110
     124
     116
     106
     125
      96
     115
     100
     130
     111
     111
     101
     118
     117
     126
     117
     108
     107
     113
     116
     135
     122
     121
     147
     112
     114
     136
     102
     109
     114
      90
     119
     104
     109
     117
     145
     113
     114
     110
      98
     107
     113
     115
     120
     117
     113
      60
      93
     111
     127
     127
     128
     112
     130
     116
     130
     119
     115
      96
     128
     134
     122
     127
     122
     130
     115
     139
     126
     125
     164
     194
     253
     212
     184
     146
     123
     134
     104
     123
     127
     133
     125
     133
     128
     126
     114
     105
     105
     149
     116
     109
     110
     129
     128
     123
     119
     130
     128
     112
     119
      96
     122
     128
     127
     125
     114
     102
     105
     124
     120
     125
     124
     104
     116
     112
     108
     132
     139
     122
     146
     134
     132
     110
     116
     140
     124
     115
     129
     139
     111
     109
     122
     127
     119
     108
     125
     143
     133
     137
      81
     125
     118
     117
     111
     132
     118
     103
     122
     131
     122
     126
     124
     114
     125
     114
     131
     128
     127
     118
     133
     125
     124
     109
     118
     133
     135
     136
     109
     136
     113
     121
     103
     135
     122
     120
     117
     133
     135
     121
     142
     143
     115
     137
     108
     116
     110
     125
     127
     136
     134
     134
     132
     117
     135
     143
     131
     164
     149
     142
     138
     106
     132
     141
     146
     132
     141
     132
     149
     137
     135
     115
     133
     127
     144
     113
     134
     117
     134
     131
     135
     164
     153
     160
     126
     140
     136
     130
     134
     150
     138
     133
     135
     109
     105
     154
     138
     111
     130
     151
     151
     155
     116
     129
     142
     143
     149
     122
     130
     145
     113
     108
     130
     159
     137
     149
     114
     119
     136
     140
     160
     129
     136
     144
     136
     193
     230
     333
     434
     467
     414
     293
     202
     139
     123
     123
     131
     123
     119
     132
     125
     116
     111
     122
     142
     121
     135
     115
     121
     131
     164
     107
     147
     102
     119
     104
     100
     117
      87
     112
      95
     104
     106
     107
     101
     126
     113
     112
      97
      96
     102
     102
      89
      94
      99
      87
      92
     106
     109
      98
      99
      89
      85
      75
     122
     108
     100
      98
      93
      98
     123
     101
      98
      84
      81
     103
     110
      98
      83
     102
      98
      88
      92
      78
      84
     102
      90
      85
     106
     105
      87
      88
      76
     104
      99
      97
      95
      92
      85
      94
      76
      77
      93
      89
      95
      91
      91
      99
     134
     141
     168
     174
     160
     113
      97
      92
      93
      88
      79
     101
      98
      84
      88
      83
      83
      96
      88
      96
      77
      78
      95
      91
      93
      92
      92
      78
      78
      86
      70
      72
      99
      67
      84
      81
      85
      73
      88
      91
      85
      79
      71
      85
      62
      74
      86
      82
      86
      60
      74
      94
      78
      82
      75
      82
     100
      70
      80
      89
      84
      73
      91
      74
      80
      91
      71
      82
      68
      86
      79
      78
      80
      74
      71
      81
      88
      89
      80
      89
      87
      65
      72
      71
      71
      80
      63
      80
      82
      75
      92
      71
      82
      65
      66
      72
      78
      70
      70
      88
      58
      86
      68
      77
      72
      84
      66
      58
      55
      62
      78
      57
      59
      79
      66
      72
      73
      60
      72
      76
      73
      96
      60
      65
      58
      55
      76
      65
      65
      61
      74
      65
      59
      86
      64
      63
      70
      59
      64
      58
      61
      60
      62
      62
      76
      60
      80
      61
      64
      48
      55
      80
      48
      78
      61
      51
      67
      52
      56
      68
      57
      49
      68
      48
      46
      74
      56
      64
      65
      50
      57
      38
      70
      67
      55
      74
      46
      51
      57
      58
      51
      55
      54
      49
      62
      57
      55
      68
      56
      56
      60
      58
      66
      52
      47
      61
      54
      60
      55
      66
      63
      64
      47
      64
      47
      45
      70
      42
      55
      48
      43
      47
      49
      40
      59
      49
      51
      54
      59
      55
      58
      48
      65
      57
      68
      73
      53
      72
      89
     146
     214
     267
     269
     232
     160
     110
      61
      53
      52
      55
      38
      52
      49
      44
      51
      54
      48
      62
      50
     118
      93
     111
      71
      71
      50
      50
      52
      43
      43
      48
      37
      40
      41
      39
      49
      48
      47
      46
      42
      61
      44
      55
      46
      37
      57
      50
      41
      48
      51
      37
      39
      44
      42
      44
      64
      60
      66
      83
     111
     122
      82
      68
      47
      45
      49
      46
      56
      54
      60
      74
      77
     103
     131
     167
     186
     149
     122
      56
      56
      49
      57
      37
      51
      30
      51
      45
      50
      44
      44
      55
      51
      62
      49
      47
      55
      49
      39
      33
      44
      55
      43
      43
      44
      57
      31
      56
      49
      50
      53
      57
      40
      45
      38
      54
      42
      52
      47
      49
      43
      58
      43
      43
      42
      43
      47
      42
      55
      46
      44
      47
      44
      43
      44
      41
      43
      39
      53
      56
      44
      48
      48
      46
      52
      53
      37
      42
      41
      44
      52
      47
      51
      58
      46
      61
      43
      49
      51
      36
      54
      57
      44
      50
      42
      43
      45
      57
      52
      52
      45
      50
      44
      59
      40
      57
      51
      57
      56
      52
      57
      57
      44
      65
      52
      49
      41
      44
      65
      52
      58
      69
      76
      84
     165
     314
     702
    1577
    2910
    4689
    6427
    6575
    5316
    3150
    1483
     541
     182
      55
      26
      44
      30
      34
      36
      33
      41
      34
      27
      46
      40
      35
      34
      37
      32
      32
      31
      35
      35
      35
      30
      19
      29
      33
      46
      31
      31
      26
      33
      28
      29
      33
      30
      37
      23
      25
      37
      36
      38
      44
      37
      26
      26
      31
      35
      28
      23
      21
      40
      35
      22
      37
      26
      39
      32
      28
      35
      39
      23
      33
      29
      33
      36
      40
      19
      37
      18
      35
      27
      32
      41
      32
      42
      47
      65
      87
      85
      80
      46
      44
      35
      41
      35
      22
      37
      43
      42
      44
      63
      72
      58
      52
      42
      37
      32
      37
      41
      31
      43
      28
      29
      32
      43
      46
      54
      79
     105
     149
     136
     110
      58
      39
      49
      42
      31
      54
      58
      54
      46
      30
      37
      37
      39
      28
      32
      36
      24
      36
      25
      28
      36
      36
      26
      35
      35
      20
      34
      38
      35
      30
      42
      29
      37
      37
      25
      25
      32
      22
      31
      32
      29
      29
      23
      28
      34
      38
      26
      35
      32
      29
      22
      31
      32
      35
      40
      25
      31
      31
      28
      38
      35
      39
      38
      39
      46
      50
      53
      49
      50
      46
      29
      34
      27
      34
      32
      41
      52
      41
      48
      49
      44
      28
      32
      28
      24
      24
      30
      27
      35
      37
      34
      32
      29
      37
      21
      34
      28
      30
      24
      26
      29
      28
      20
      29
      20
      21
      23
      31
      27
      34
      36
      32
      34
      31
      21
      32
      25
      21
      21
      28
      25
      26
      32
      39
      31
      31
      36
      22
      28
      32
      21
      22
      33
      23
      20
      28
      28
      25
      18
      33
      28
      16
      27
      23
      22
      31
      30
      35
      23
      24
      29
      21
      19
      24
      23
      17
      28
      31
      20
      21
      21
      38
      43
      42
      48
      39
      63
      63
      42
      37
      44
      46
      48
      50
      49
      36
      40
      29
      37
      40
      48
      91
     148
     174
     176
     157
     113
      86
      46
      28
      37
      32
      61
      82
      89
     103
      66
      76
      36
      56
      32
      35
      32
      31
      27
      30
      27
      41
      26
      34
      49
      46
      36
      32
      24
      21
      28
      28
      24
      33
      30
      25
      24
      21
      24
      18
      25
      27
      23
      22
      28
      18
      31
      24
      28
      25
      27
      25
      27
      23
      21
      25
      30
      16
      32
      28
      18
      26
      15
      29
      23
      18
      26
      25
      28
      28
      28
      37
      54
      85
      89
      84
     102
      65
      56
      28
      20
      16
      36
      35
      41
      31
      32
      36
      35
      25
      25
      23
      23
      25
      39
      64
      74
     107
     105
      98
      72
      47
      29
      23
      30
      22
      30
      20
      29
      21
      25
      20
      22
      28
      45
      36
      36
      51
      45
      38
      27
      18
      26
      22
      23
      22
      17
      21
      27
      22
      25
      22
      26
      17
      20
      25
      21
      21
      15
      25
      16
      28
      35
      19
      17
      19
      18
      27
      24
      22
      21
      16
      22
      20
      14
      21
      18
      23
      21
      33
      26
      37
      21
      24
      16
      25
      22
      32
      54
      49
      65
      64
      71
      51
      40
      24
      17
      18
      15
      16
      25
      34
      25
      28
      38
      35
      24
      21
      16
      17
      15
      17
      23
      23
      19
      21
      22
      23
      18
      18
      11
      21
      14
      20
      25
      17
      20
      21
      19
      29
      25
      32
      23
      22
      25
      23
      26
      26
      23
      18
      17
      17
      27
      28
      33
      36
      26
      35
      25
      26
      24
      28
      20
      26
      23
      24
      12
      17
      24
      19
      17
      22
      23
      20
      25
      31
      27
      26
      33
      17
      26
      17
      15
      28
      19
      19
      18
      11
      19
      18
      13
      21
      30
      19
      29
      25
      33
      20
      15
      15
      27
      22
      18
      20
      24
      14
      15
      21
      22
      17
      24
      20
      25
      20
      23
      14
      13
      19
      22
      20
      26
      14
      12
      23
      21
      13
      18
      20
      22
      33
      19
      23
      22
      17
      25
      22
      14
      16
      20
      14
      15
      18
      15
      26
      25
      22
      27
      16
      29
      19
      20
      17
      18
      14
      13
      19
      25
      36
      50
      87
     116
     167
     177
     136
     108
      71
      47
      24
      29
      25
      21
       9
      20
      28
      18
      21
      13
      16
      14
      20
      20
      15
      20
      21
      18
      11
      22
      18
      16
      25
      11
      22
      23
      24
      29
      19
      14
      27
      14
      13
      18
      17
      22
      23
      16
      14
      22
      12
      15
      14
      28
      22
      20
      15
      17
      15
      24
      15
      27
      19
      15
      17
      19
      20
      15
      22
      27
      23
      18
      22
      20
      22
      21
      17
      22
      25
      23
      26
      50
      69
     159
     249
     416
     607
     711
     700
     509
     295
     154
      57
      29
      23
      18
      28
      14
      23
      16
      13
      16
      18
      18
      17
      10
      22
      14
      19
      21
      19
      13
      15
      11
       9
      11
      18
      11
      13
      10
      18
      20
      19
      18
      20
      13
      21
      12
      20
      21
      18
      26
      19
      10
      18
      12
      14
      18
      18
      24
      19
      17
      19
      15
      17
      25
      12
      17
      15
      15
      11
      22
      22
      12
      15
      18
      19
      16
      29
      16
      24
      21
      13
      23
      20
      16
      11
      18
      15
      16
      23
      14
      16
      26
      13
      12
      13
      25
      12
      16
      14
      18
      24
      18
      24
      28
      25
      12
      16
      15
      10
      16
      22
      24
      20
      17
      15
      19
      19
      23
      15
      29
      21
      20
      17
      17
      16
      22
      25
      24
      14
      17
      17
      22
      12
      22
      18
      21
      26
      18
      19
      18
       9
      18
      19
      11
      26
      16
      21
      17
      19
      14
      19
      11
      19
      10
      19
      20
      18
      21
      11
      18
      18
      16
      16
      19
      17
      15
      24
      21
      20
      12
      19
      25
      22
      26
      18
      25
      22
      32
      26
      24
      31
      21
      29
      21
      27
      14
      24
      22
      17
      19
      25
      15
      18
      21
      14
      24
      30
      36
      87
      99
     111
     109
      95
      60
      41
      23
      26
      21
      13
      22
      21
      23
      19
      18
      13
       9
      15
      13
      16
      17
      18
      12
      14
      21
       9
      17
      17
      17
      20
      20
      22
      20
      18
      25
      10
      12
      13
      13
      17
      29
      15
      11
      15
      17
      19
      22
      13
      26
      21
      11
      21
      19
      13
      21
      15
      17
      24
      21
      19
      16
      31
      23
      24
      23
      20
      24
      18
      18
      18
      10
      15
      14
      18
      19
      15
      14
      23
      21
      17
      17
      12
      17
      15
      15
      13
      13
      19
      12
      15
      14
      12
      17
      20
      16
      21
      23
      21
      12
      23
      22
      21
      26
      28
      20
      26
      17
      14
      27
      20
      16
      15
      25
      17
      18
      22
      31
      25
      19
      18
      12
      21
      17
      16
      16
      19
      20
      14
      20
      17
      17
      29
      14
      20
      16
      21
       8
      13
      23
      17
      15
      14
      18
      10
      19
      17
      12
      14
      13
      17
      21
      25
      23
      10
      17
      23
      16
      18
      15
      14
      21
      18
      25
      18
      22
      19
      21
      23
      12
      17
      21
      24
      27
      22
      14
      14
      17
      22
      12
      21
      22
      13
      14
      23
      15
      14
      17
      20
      30
      17
      21
      17
      22
      17
      22
      18
      13
      15
      20
      17
      16
      15
      19
      17
      19
      29
      15
      21
      25
      22
      28
      28
      14
      25
      19
      27
      25
      20
      14
      24
       8
      21
      22
      21
      24
      15
       9
      20
      17
      16
      11
      21
      13
      14
      14
      17
      23
      15
      20
      21
      14
      19
      12
      17
      18
      13
      18
      15
      19
      17
      21
      21
      24
      33
      27
      14
      14
      18
      22
      22
      10
      20
      24
       7
      23
      18
      14
      12
      18
      20
      20
      12
      25
      15
      16
      14
      24
      19
      26
      16
      18
      23
      28
      21
      23
      18
      17
      10
       9
      13
      21
      16
      24
      11
      25
      18
      18
      22
      16
      18
      17
      17
      14
      10
      22
      14
      15
      21
      17
      12
      22
      16
      12
      20
      14
      20
       9
      13
      18
      11
      21
       8
      12
      17
      14
      14
      17
      16
      18
      17
      20
      12
      13
      16
      22
      17
      15
      19
      12
      13
      12
      11
      26
      12
      13
      22
      21
      21
      16
      11
      20
      16
      16
      17
      20
      15
      15
      15
      20
      16
      14
      20
      17
      11
      17
      10
      22
      19
      16
      19
      22
       8
      15
      19
      16
      15
      16
      17
      17
      13
      13
      17
      19
      13
      18
      16
      21
      22
      22
      16
      21
       8
      17
      16
      15
      15
      11
      16
      12
      22
      15
      21
      28
      14
      15
      19
      19
       9
      17
      14
      14
      17
      13
      15
      22
      10
      14
      20
      13
      15
      18
      15
      13
      14
      22
      20
      17
      22
      18
      17
      12
      20
      17
      14
      14
       8
      18
      13
      16
      16
      13
      15
      20
      10
      14
      22
      13
      21
      17
      12
      17
      13
      11
      16
      10
      16
      18
      22
      16
      12
      11
      15
      16
      20
      11
      19
      12
      15
      10
      13
       7
      16
      18
      18
      13
      10
      15
      15
      14
      16
      18
      20
      22
      13
      15
      12
      16
      13
      13
      22
      10
      16
      13
      26
      18
      13
      18
      16
      13
      13
      19
      20
       9
      18
      16
      24
      20
      17
      18
      13
      16
      24
      12
       9
      13
      21
      23
      16
      19
      20
      21
      17
      17
      18
       5
      15
      14
      18
      15
      22
      17
       9
      25
      18
      27
      14
      12
      20
      13
      23
      13
      18
      23
      18
      13
      19
      22
      16
      16
      26
      20
      13
      15
      12
      16
      12
      12
      18
      13
      10
      14
      21
      17
      14
       8
      10
      13
      20
      11
      17
      11
      16
      18
      18
      20
      18
      10
      18
       9
      25
      14
      14
      19
      20
      19
      21
      13
      13
      12
      12
      16
      24
      12
      15
      21
      28
      19
      29
      43
      63
      66
      82
     113
     105
      92
      94
      96
      65
      45
      51
      35
      28
      19
      18
      11
      17
      23
      17
      22
      18
      15
      20
      17
      14
      14
      18
      14
      15
      12
      25
      17
      18
      20
      17
      21
      30
      52
      55
      59
      70
      64
      49
      40
      23
      22
      18
      30
      13
      17
      11
      13
      13
      18
      18
      12
      19
      20
      18
      11
      17
      20
      17
      13
      15
      12
      18
      13
      18
      11
      16
      16
      19
      16
      23
      14
      13
      13
      22
      14
      18
      18
      12
      16
      23
      15
      18
      16
      18
      20
      17
      13
      15
      14
      17
      17
      20
      17
      19
      12
      17
      20
      17
      14
      17
      17
      20
      20
      19
      16
      13
      13
      16
      13
      16
      15
      20
      14
      16
      13
      14
      10
      14
      16
      21
      16
      21
      12
      14
      23
      18
      20
      12
      12
      12
      28
      21
      17
      17
      16
      14
      13
      18
      17
      14
      18
      17
      15
       8
      16
       8
      13
      13
      21
      16
      15
      23
       8
      15
      20
      18
      17
      16
      24
      16
      22
      18
      23
      17
      18
      18
      20
      17
      21
      22
      21
      12
      15
      23
       9
      14
      15
      19
      23
      13
      10
      14
      22
      12
      13
      25
      17
      14
      15
      21
      12
      16
      22
      15
      10
      20
      15
      16
      22
      16
      18
      10
      12
      20
      20
      16
      14
      20
      17
      19
      17
      21
      16
      13
      19
      17
      18
      18
      14
      21
      20
      18
      25
      19
      17
      18
      22
      23
      26
      25
      35
      55
      75
     131
     171
     219
     192
     173
     112
      73
      46
      23
      30
      19
      13
      15
      24
      13
       9
       9
      16
      21
      14
      28
      16
      12
      18
      20
      20
      15
      20
      15
      18
      13
      16
      15
      19
      16
      19
      18
      12
      14
      12
       6
      23
      15
      14
      16
      19
      18
      17
      25
      22
      12
      19
      14
      14
      19
      22
      12
      13
      18
      14
      10
      15
      17
      11
      21
      19
      17
      29
      16
      13
      23
      10
      23
      13
      14
      10
      11
      20
      22
      16
      17
      23
      12
      15
      13
      13
      22
      17
      16
      17
      19
      23
      18
      20
      15
      30
      17
      17
      23
      19
      17
      14
      18
      20
      11
      16
      24
      16
      15
      24
      16
      24
      17
      13
      12
      16
      20
      18
      21
      17
      26
      15
       9
      19
      20
      12
      16
      15
      10
      20
      14
      22
      13
      17
      21
      12
      25
      16
      14
      12
      13
      16
      19
      15
      12
      18
      18
      15
      17
      17
      16
      12
      21
      21
      30
      21
      25
      22
      19
      14
      17
      19
      19
      22
      15
      23
      17
      16
      16
      25
      14
      21
      28
      12
      23
      20
      20
      17
      20
      16
      17
      19
      21
      20
      18
      13
      19
      19
      24
      31
      16
      26
      25
      16
      22
      22
      21
      21
      13
      18
      27
      17
      13
      18
      14
      23
      18
      12
      30
      21
      29
      24
      29
      26
      21
      20
      31
      18
      10
      13
      15
      26
      28
      22
      16
      22
      14
      20
      18
      19
      16
      18
      12
      11
      20
      24
      28
      26
      14
      10
      18
      20
      20
      16
      20
      16
      18
      13
      18
      22
      19
      20
      14
      17
      19
      24
      27
      17
      17
      25
      23
      20
      14
      22
      13
      19
      20
      10
      29
      25
      18
      19
      23
      17
      23
      18
      14
      18
      21
      23
      13
      14
      18
      25
      22
      16
      25
      12
      25
      18
      12
      11
      12
      28
      16
      20
      15
      27
      22
      15
      21
      13
      12
      27
      18
      15
      12
      17
      17
      22
      23
      14
      19
      17
      21
      25
      18
      20
      11
      17
      23
      22
       9
      18
      22
      13
      30
      14
      25
      19
      12
      21
      24
      26
      22
      19
      25
      28
      18
      25
      17
      30
      14
      18
      17
      18
      24
      14
      18
      19
      29
      16
      12
      12
      22
      14
      14
      16
      22
      15
      13
      20
      20
      24
      18
      17
      21
      23
      19
      22
      19
      22
      29
      23
      21
      21
      24
      14
      17
      23
      18
      27
      31
      21
      13
      26
      21
      26
      23
      10
      22
      24
      28
      19
      28
      29
      21
      19
      17
      16
      16
      15
      20
      28
      22
      19
      15
      22
      17
      25
      22
      16
      22
      22
      18
      13
      25
      23
      20
      16
      13
      19
      25
      17
      24
      18
      18
      22
      20
      17
      16
      21
      16
      19
      13
      11
      14
       9
      13
      18
      10
      11
      13
      14
      18
      14
       9
      21
      20
       8
      18
      22
      11
      10
      17
      15
      17
      17
      19
      10
      17
      23
       9
      21
      16
      19
      28
      19
      18
      15
      10
      14
      13
      18
      10
      16
      11
       8
      15
      11
      10
      17
      15
      11
      11
      13
      13
      13
      12
      19
      14
      12
      13
      11
      16
      22
      19
      22
      14
      16
      15
      11
      24
      16
      12
      15
      13
      11
       5
      16
      10
      14
      16
      13
      14
      15
      20
      12
      12
      17
      16
       8
       9
       8
      15
      17
      18
      11
      21
      11
      11
      18
      13
      20
      10
      12
      11
      11
      15
       9
      11
       9
       7
      15
      17
      15
      15
      14
      10
      12
      16
      14
      18
      14
      16
      10
      10
      13
      20
      12
      21
      10
      12
      13
      12
      17
      13
      20
      21
      28
      41
      49
      56
      68
      72
      44
      58
      36
      18
      13
       8
      15
      17
      19
      16
      14
       7
      17
      12
      14
      12
      14
      14
       7
       9
      11
      11
      11
       9
       8
       8
      15
       4
       7
      12
      11
      13
       8
      20
       6
      14
      13
       9
      13
      11
       8
      13
      19
       9
      17
      13
      11
       8
      10
      10
      10
      10
       8
      14
       5
      16
      11
      13
      10
      12
      15
      11
      11
       8
       9
      12
       5
      11
       9
      13
      11
       7
       9
      13
      12
       6
      12
      10
       9
      11
       9
       9
      13
      10
      14
      14
      13
      15
      14
       7
       5
      11
      12
       8
       2
       5
       8
       8
       8
       8
       6
       7
       7
       4
       8
      11
       7
       8
      15
       9
      11
       6
       7
       8
       8
       8
       3
       8
       4
      10
       8
       9
      12
       9
       8
       8
       7
       7
       8
       7
       8
       9
      10
      11
       5
      10
       7
       9
       7
       8
      13
       7
       7
       7
       9
       8
       6
       5
       6
       8
      12
      10
      10
       9
       2
       5
       5
       3
      10
       2
       2
       5
       6
       8
       4
       5
       4
       5
       3
       5
       4
       4
       8
       6
       6
       5
      13
       8
       5
       8
       3
       3
       3
       9
       5
       7
       7
       5
       4
       4
       5
       4
       2
       7
       7
      11
       5
       4
       3
       7
       3
       4
       9
       8
       4
       5
       5
       3
       1
       5
      10
       8
       5
       3
       4
       2
       3
       8
       5
       7
       5
       4
       7
       3
       6
       2
      10
       5
       6
       6
       4
      11
       2
       2
       6
       6
       1
       2
       5
       8
       7
       4
       6
       3
       9
       6
       0
       6
       5
       5
       7
       5
       7
       8
       5
       6
       6
       6
       8
       5
      10
       6
       3
       8
       5
       9
       4
       5
       5
       5
       7
       4
       3
       4
       3
       3
       6
       6
       5
       1
       2
       6
       4
       4
       3
       9
       7
       3
       1
       7
      11
       3
       6
       4
       5
      10
       3
       3
       9
       7
       3
       5
       5
       3
       4
       3
       4
       4
       4
       3
       7
       7
       7
       5
       3
       8
       4
       2
       4
       5
       4
       4
       6
       5
       4
       9
       7
       7
       3
       5
       8
       7
       3
       7
       2
       5
       6
       3
       4
       4
       4
       5
       6
      10
       4
       4
       3
       3
       7
       7
       6
       1
       5
       6
       9
       4
       4
       4
      13
       3
       8
      12
       7
       9
      13
       3
       5
       6
       5
      15
       2
      11
       7
       9
       6
       4
       6
      11
      13
      16
      27
      34
      59
      89
     154
     268
     426
     587
     821
     907
     898
     840
     582
     388
     214
     108
      38
      18
       7
       0
       1
       2
       4
       9
       5
       2
       4
       5
       3
       6
       4
       4
       3
       5
       7
       2
       2
       6
       2
       3
       2
       5
       4
       5
       1
       3
       5
       4
       4
       3
       3
       3
       3
       2
       3
       4
       4
       4
       3
       5
       1
       5
       3
       7
       6
       1
       3
       4
       3
       2
       2
       6
       6
       3
       2
       4
       6
       1
       2
       3
       1
       1
       7
       6
       1
       6
       3
       3
       2
       3
       4
       6
       8
       3
       3
       5
       4
       8
       4
       1
       2
       4
       7
       3
       5
       5
       2
       6
       7
       5
       2
       2
       4
       2
       3
       5
       7
       4
       2
       2
       2
       0
       3
       1
       5
       3
       6
       2
       4
       3
       2
       3
       3
       2
       3
       6
       3
       6
       1
       2
       3
       5
       3
       3
       4
       4
       3
       3
       4
       2
       1
       3
       2
       2
       4
       2
       6
       6
       2
       3
       4
       5
       5
       0
       3
       5
       2
       2
       2
       4
       2
       3
       4
       6
       5
       7
       9
       4
       5
       4
       8
       6
       6
       3
       4
       5
       3
       2
       3
       7
       3
       3
       1
       3
       7
       6
       2
       3
       5
       3
       5
       5
       6
       3
       4
       3
       6
       2
       3
       5
       2
       2
       5
       6
       0
       3
       2
       3
       5
       2
       3
       2
       6
       6
       3
       1
       5
       3
       2
       4
       2
       4
       5
       3
       2
       6
       8
       4
       5
       4
       3
       3
       0
       6
       1
       5
       3
       3
       0
       5
       3
       2
       9
       5
       3
       1
       2
       3
       3
       5
       9
       3
       9
       4
       4
       3
       2
       2
       2
       7
       4
       3
       2
       2
       4
       3
       2
       2
       3
       2
       1
       5
       5
       3
       2
       2
       7
       1
       6
       2
       6
       3
       5
       5
       3
       2
       6
       4
       5
       5
       2
       2
       1
       4
       1
       1
       3
       4
       8
       2
       3
       3
       2
       4
       2
       3
       1
       4
       6
       3
       2
       4
       1
       4
       0
       7
       8
       3
       3
       7
       1
       3
       1
       6
       2
       3
       4
       6
       5
       5
       1
       6
       5
       1
       0
       1
       5
       4
       6
       2
       1
       3
       3
       3
       4
       7
       4
       1
       1
       2
       1
       3
       2
       0
       3
       4
       1
       5
       1
       4
       5
       2
       3
       4
       6
       7
       4
       4
       1
       3
       5
       3
       4
       3
       3
       2
       6
       3
       6
       3
       3
       4
       3
       3
       5
       1
       2
       5
       5
       3
       0
       4
       4
       2
       4
       1
       2
       3
       5
       4
       6
       5
       5
       1
       5
       5
       2
       3
       2
       2
       5
       2
       3
       4
       2
       5
       3
       1
       3
       4
       3
       4
       5
       6
       4
       1
       1
      10
       0
       4
       4
       6
       2
       2
       5
       5
       2
       8
       5
       4
       1
       4
       2
       6
       5
       2
       3
       2
       1
       3
       3
       3
       3
       1
       1
       2
       7
       2
       4
       5
       2
       2
       4
       5
       4
       2
       4
       4
       4
       2
       3
       1
       2
       3
       3
       2
       2
       3
       2
       3
       6
       2
       7
       4
       3
       5
       2
       3
       3
       3
       6
       2
       5
       3
       1
       2
       3
       5
       3
       4
       4
       2
       6
       3
       0
       6
       4
       5
       1
       4
       4
       7
       3
       5
       1
       3
       3
       5
       5
       4
       5
       3
       5
       4
       3
       2
       2
       6
       4
       3
       2
       1
       4
       2
       2
       1
       3
       2
       2
       1
       0
       4
       4
       5
       3
       5
       3
       5
       6
       1
       1
       3
       1
       2
       5
       2
       3
       4
       3
       1
       2
       5
       3
       4
       1
       3
       2
       1
       3
       1
       4
       0
       1
       3
       7
       2
       4
       1
       4
       3
       0
       7
       4
       5
       2
       3
       1
       4
       0
       4
       1
       2
       1
       0
       2
       2
       3
       2
       5
       1
       3
       2
       3
       4
       0
       3
       2
       0
       6
       3
       3
       0
       4
       5
       2
       1
       1
       3
       2
       1
       2
       2
       1
       1
       2
       3
       3
       3
      10
       5
       4
       1
       3
       4
       2
       3
       2
       2
       3
       3
       4
       4
       3
       5
       2
       2
       2
       3
       6
       4
       8
       3
       7
       3
       6
       2
       1
       3
       4
       2
       4
       3
       3
       2
       1
       0
       1
       3
       3
       1
       3
       1
       3
       1
       3
       3
       5
       1
       2
       2
       2
       5
       1
       2
       6
       0
       1
       2
       4
       1
       2
       1
       2
       6
       3
       2
       0
       1
       1
       4
       4
       3
       2
       3
       2
       5
       3
       0
       3
       3
       8
       1
       1
       2
       3
       2
       4
       4
       4
       1
       2
       4
       3
       2
       3
       1
       4
       2
       0
       4
       1
       1
       3
       1
       2
       9
       6
       2
       0
       1
       3
       2
       6
       5
       4
       4
       1
       6
       2
       4
       4
       2
       2
       3
       4
       3
       4
       3
       3
       1
       1
       4
       4
       0
       4
       4
       2
       2
       2
       3
       3
       7
       4
       2
       3
       4
       0
       1
       2
       3
       3
       3
       2
       1
       1
       4
       3
       1
       4
       4
       2
       3
       3
       2
       4
       2
       2
       3
       1
       1
       2
       3
       3
       0
       0
       6
       2
       2
       5
       2
       1
       6
       1
       4
       2
       3
       7
       0
       3
       2
       0
       4
       3
       4
       3
       3
       1
       0
       1
       5
       4
       0
       1
       3
       2
       1
       0
       0
       2
       1
       0
       2
       3
       2
       2
       2
       3
       5
       5
       3
       2
       1
       4
       0
       1
       3
       4
       2
       1
       4
       5
       4
       3
       2
       6
       0
       0
       5
       1
       4
       3
       3
       1
       5
       4
       1
       6
       3
       1
       1
       4
       3
       4
       0
       0
       2
       4
       2
       2
       3
       3
       2
       2
       2
       2
       7
       3
       2
       1
       5
       0
       2
       2
       1
       3
       2
       3
       1
       3
       3
       2
       2
       5
       3
       3
       3
       1
       1
       3
       3
       4
       2
       3
       1
       1
       3
       0
       3
       3
       4
       1
       4
       1
       4
       5
       1
       1
       2
       6
       1
       2
       3
       1
       3
       3
       3
       2
       2
       1
       1
       2
       2
       2
       4
       0
       2
       3
       6
       4
       2
       0
       1
       0
       1
       3
       1
       3
       2
       6
       2
       5
       0
       2
       3
       3
       1
       1
       0
       4
       1
       2
       3
       1
       2
       3
       3
       0
       5
       2
       2
       3
       1
       0
       2
       3
       4
       1
       0
       2
       2
       1
       1
       3
       0
       1
       0
       2
       0
       4
       5
       1
       0
       3
       1
       1
       2
       1
       3
       2
       1
       0
       3
       1
       2
       2
       3
       2
       0
       3
       2
       1
       0
       1
       1
       0
       1
       1
       0
       3
       3
       1
       1
       2
       1
       3
       3
       2
       2
       1
       2
       2
       3
       2
       0
       3
       1
       0
       2
       1
       2
       4
       2
       0
       1
       3
       2
       3
       0
       1
       2
       0
       1
       1
       3
       2
       4
       1
       3
       2
       2
       1
       0
       2
       0
       0
       1
       2
       1
       2
       3
       1
       2
       2
       3
       0
       1
       5
       2
       0
       2
       1
       1
       0
       0
       2
       3
       1
       1
       1
       0
       3
       2
       0
       1
       3
       1
       2
       1
       2
       1
       4
       1
       1
       3
       4
       1
       2
       3
       2
       1
       4
       2
       0
       1
       1
       0
       2
       3
       4
       2
       1
       2
       2
       2
       2
       1
       2
       3
       2
       1
       1
       4
       3
       1
       3
       5
       3
       2
       4
       1
       2
       0
       1
       2
       3
       3
       2
       1
       3
       1
       2
       3
       4
       3
       4
       1
       2
       1
       0
       0
       5
       4
       2
       1
       1
       1
       1
       2
       0
       1
       4
       6
       4
       4
       5
       8
       3
       5
       4
       3
       1
       0
       4
       3
       0
       2
       1
       0
       0
       0
       2
       0
       1
       2
       3
       1
       1
       2
       1
       1
       3
       1
       3
       0
       2
       2
       1
       0
       2
       0
       1
       0
       2
       3
       1
       2
       2
       3
       0
       1
       1
       1
       2
       1
       0
       1
       2
       2
       3
       0
       3
       0
       1
       3
       1
       4
       2
       0
       0
       1
       1
       2
       1
       0
       0
       6
       2
       1
       1
       1
       2
       2
       2
       0
       4
       2
       4
       0
       4
       0
       1
       1
       2
       2
       1
       1
       2
       1
       4
       1
       2
       1
       2
       0
       1
       1
       0
       0
       2
       3
       1
       3
       0
       1
       3
       3
       1
       0
       0
       1
       0
       3
       0
       3
       3
       0
       0
       0
       1
       2
       1
       3
       0
       5
       2
       1
       0
       2
       2
       2
       2
       3
       2
       0
       0
       2
       2
       0
       0
       2
       3
       2
       2
       1
       1
       3
       5
       0
       1
       0
       0
       1
       2
       2
       4
       3
       2
       1
       5
       7
       6
      16
      14
      17
      30
      14
      18
      15
      10
       6
       2
       0
       1
       2
       2
       2
       2
       4
       2
       0
       1
       2
       2
       5
       2
       0
       1
       0
       1
       2
       0
       2
       1
       1
      43
     271
    2184
    2837
    2303
    3228
    6124
   10873
   12900
    5070
    1048
     900
     729
     663
     557
     521
     441
     428
     371
     287
     276
     236
     177
     170
     135
     110
      77
      76
      83
     103
     102
     110
     106
      86
      82
      85
      78
      75
      75
      68
      56
      55
      69
      63
      58
      43
      53
      51
      53
      43
      50
      42
      55
      43
      50
      36
      37
      22
      11
       3
       0
       4
       2
       1
       1
       2
       5
       2
       0
       2
       2
       4
       1
       3
       7
       6
       5
      10
       3
      12
      13
       6
       6
      12
      10
      13
      12
      20
      20
      13
      15
      12
      20
      19
      20
      21
      16
      22
      16
      19
      22
      25
      21
      26
      31
      23
      36
      35
      35
      37
      46
      44
      46
      46
      39
      44
      56
      55
      55
      60
      40
      29
      28
       8
       8
       3
       0
       1
       1
       0
       1
       1
       0
       1
       0
       0
       0
       1
       0
       0
       0
       1
       1
       0
       0
       0
       0
       0
       0
       0
       0
       0
       0
       0
       0
       0
       0
       0
       0
       0
       0
       0
       0
       0
       0
       0
       0
       0
       0
       0
       0
       0
       0
       0
       0
       0
       0
       0
       0
       0
       0
       0
       0
       0
       0
       0
       0
       0
       0
       0
       0
       0
       0
       0
       0
       0
       0
       0
       0
       0
       0
       0
       0
       0
       0
       0
       0
       0
       0
       0
       0
       0
       0
       0
       0
       0
       0
       0
       0
       0
       0
       0
       0
       0
       0
       0
       0
       0
       0
       0
       0
       0
       0
       0
       0
       0
       0
       0
       0
       0
       0
       0
       0
       0
       0
       0
       0
       0
       0
       0
       0
       0
       0
       0
       0
       0
       0
       0
       0
       0
       0
       0
       0
       0
       0
       0
       0
       0
       0
       0
       0
       0
       0
       0
       0
       0
       0
       0
       0
       0
       0
       0
       0
       0
       0
       0
       0
       0
       0
       0
       0
       0
       0
       0
       0
       0
       0
       0
       0
       0
       0
       0
       0
       0
       0
       0
       0
       0
       0
       0
       0
       0
       0
       0
       0
       0
       0
       0
       0
       0
       0
       0
       0
       0
       0
       0
       0
       0
       0
       0
       0
       0
       0
       0
       0
       0
       0
       0
       0
       0
       0
       0
       0
       0
       0
       0
       0
       0
       0
       0
       0
       0
       0
       0
       0
       0
       0
       0
       0
       0
       0
       0
       0
       0
       0
       0
       0
       0
       0
       0
       0
       0
       0
       0
       0
       0
       0
       0
       0
       0
       0
       0
       0
       0
       0
       0
       0
       0
       0
       0
       0
       0
       0
       0
       0
       0
       0
       0
       0
       0
       0
       0
       0
       0
       0
       0
       0
       0
       0
       0
       0
       0
       0
       0
       0
       0
       0
       0
       0
       0
       0
       0
       0
       0
       0
       0
       0
       0
       0
       0
       0
       0
       0
       0
       0
       0
       0
       0
       0
       0
       0
       0
       0
       0
       0
       0
       0
       0
       0
       0
       0
       0
       0
       0
       0
       0
       0
       0
       0
       0
       0
       0
       0
       0
       0
       0
       0
       0
       0
       0
       0
       0
       0
       0
       0
       0
       0
       0
       0
       0
       0
       0
       0
       0
       0
       0
       0
       0
       0
       0
       0
       0
       0
       0
       0
       0
       0
       0
       0
       0
       0
       0
       0
       0
       0
       0
       0
       0
       0
       0
       0
       0
       0
       0
       0
       0
       0
       0
       0
       0
       0
       0
       0
       0
       0
       0
       0
       0
       0
       0
       0
       0
       0
       0
       0
       0
       0
       0
       0
       0
       0
       0
       0
       0
       0
       0
       0
       0
       0
       0
       0
       0
       0
       0
       0
       0
       0
       0
       0
       0
       0
       0
       0
       0
       0
       0
       0
       0
       0
       0
       0
       0
       0
       0
       0
       0
       0
       0
       0
       0
       0
       0
       0
       0
       0
       0
       0
       0
       0
       0
       0
       0
       0
       0
       0
       0
       0
       0
       0
       0
       0
       0
       0
       0
       0
       0
       0
       0
       0
       0
       0
       0
       0
       0
       0
       0
       0
       0
       0
       0
       0
       0
       0
       0
       0
       0
       0
       0
       0
       0
       0
       0
       0
       0
       0
       0
       0
       0
       0
       0
       0
       0
       0
       0
       0
       0
       0
       0
       0
       0
       0
       0
       0
       0
       0
       0
       0
       0
       0
       0
       0
       0
       0
       0
       0
$ROI:
0
$PRESETS:
None
0
0
$ENER_FIT:
19.487907 0.420274
$MCA_CAL:
3
1.948791E+001 4.202737E-001 4.956080E-007 keV
$SHAPE_CAL:
3
2.607346E+000 7.693535E-004 -3.225620E-008
