$SPEC_ID:
Background_Lab7
$SPEC_REM:
DET# 1
DETDESC# Rayleigh
AP# Maestro-PRO Version 9, 0, 2, 0
$DATE_MEA:
10/01/2025 11:59:16
$MEAS_TIM:
436829.64 436893.44
$DATA:
0 8191
       0
       0
       0
       0
       0
       0
       0
       0
       0
       0
       0
       0
       0
       0
       0
       0
       0
       0
       0
       0
       0
       0
       0
       0
       0
       0
      15
     114
     255
     654
     794
     881
     893
     902
     872
     870
     875
     875
     925
     874
     842
     875
     834
     866
     897
     877
     844
     853
     823
     831
     863
     834
     861
     834
     841
     772
     846
     882
     824
     812
     856
     810
     801
     823
     801
     806
     716
     820
     853
     794
     827
     787
     805
     807
     805
     759
     858
     798
     814
     871
     838
     775
     807
     885
     861
     955
     910
     783
     751
     808
     750
     766
     750
     782
     787
     744
     694
     726
     726
     792
     770
     805
     827
     808
     814
     815
     789
     774
     791
     778
     727
     780
     750
     753
     758
     713
     777
     777
     798
     819
     744
     773
     836
     775
     822
     800
     790
     736
     864
     822
     960
    1045
    1184
    1150
     856
     818
     749
     763
     828
     844
     853
     876
     827
     846
     778
     718
     771
     787
     859
     799
     831
     813
     848
     825
     854
     871
     884
     989
    1165
    1220
    1090
    1001
    1052
    1248
    1498
    1688
    1300
     930
     937
     993
    1087
    1153
     973
     802
     775
     797
     726
     844
     826
     791
     752
     829
     778
     812
     772
     853
     829
     863
     856
     978
    1109
    1188
    1299
    1176
    1041
     845
     879
     967
    1001
    1103
    1011
     888
     876
     817
     830
     898
     850
     897
     860
     783
     883
    1068
    1255
    1733
    1974
    1719
    1197
     930
     844
     820
     813
     776
     795
     847
     823
     790
     769
     892
     865
     829
     864
     897
     847
     857
     853
     759
     809
     798
     799
     837
     827
     859
     802
     818
     839
     814
     824
     842
     849
     853
     834
     928
     834
     857
     825
     821
     845
     828
     843
     893
     863
     905
     923
     849
     865
     852
     870
     841
     864
     930
     993
     919
     911
     914
     869
     948
     838
     910
     913
     892
     887
     876
     922
     882
     903
     914
     895
     881
     837
     915
     892
     917
     874
     997
     870
     957
     884
     887
     892
     913
     937
     930
     895
     884
     918
     889
     917
     900
     920
     878
     979
     943
     937
     960
     958
     941
     968
     951
     965
     896
     894
     903
     928
     978
     962
     966
     965
     935
     936
     962
     922
     942
     926
     966
     977
     916
     941
     939
     892
     929
     850
     970
     952
     962
     974
     942
     958
     990
     986
     900
     953
     968
     924
     950
    1016
    1008
    1131
    1133
    1060
     959
     976
     957
     939
     959
    1000
     905
     960
     950
     923
     907
     929
     922
     932
     924
     960
     931
     913
     945
     990
     928
     993
     952
     970
    1023
     974
    1044
    1017
     939
     924
     933
     959
     914
     962
     924
     959
     936
     970
     955
    1049
     980
     991
     936
     966
     927
     948
     952
     885
    1008
     910
     955
     976
    1005
     974
     961
     965
     966
     947
     926
     905
     938
     949
     873
     957
     957
     939
     946
     964
     986
     964
     947
     937
     974
     864
     939
     998
     973
     906
     944
     949
     948
     955
     963
     966
     956
     944
     952
     948
     950
     927
     924
     928
     940
     969
     950
     884
     888
     909
     855
     947
     913
     920
     929
     931
     937
     949
    1002
     935
     969
     922
     941
     999
    1048
    1312
    1670
    1920
    1737
    1226
    1011
     945
     935
     921
     912
     889
     938
     923
     940
     933
     922
     907
     959
     940
     920
     925
     885
     969
     922
     899
     939
     898
     916
     974
     874
     929
     889
     873
     890
     958
     948
     907
     938
     947
     943
     896
     908
     895
     846
     881
     951
     913
     880
     954
     947
     876
     894
     907
     961
     891
     950
     980
     945
     904
     906
     875
     863
     923
     854
     886
     882
     915
    1001
     954
     887
     902
     865
     861
     920
     892
     827
     879
     827
     832
     849
     896
     828
     933
     858
     827
     856
     908
     832
     885
     913
     818
     852
     919
     857
     882
     885
     900
     869
     861
     886
     820
     883
     828
     860
     908
     860
     855
     835
     825
     854
     841
     861
     831
     873
     827
     841
     777
     853
     833
     822
     871
     879
     797
     815
     869
     841
     831
     820
     843
     817
     846
     852
     831
     835
     782
     848
     840
     795
     802
     833
     798
     847
     793
     782
     848
     864
     891
    1079
    1394
    1791
    1881
    1456
     938
     897
     917
     824
     962
     915
     982
     988
     927
     838
     781
     783
     792
     794
     819
     780
     738
     782
     783
     822
     848
     764
     830
     790
     809
     767
     768
     719
     737
     772
     787
     776
     784
     789
     798
     838
     809
     791
     794
     804
     793
     810
     749
     750
     767
     754
     773
     711
     753
     740
     762
     819
     756
     742
     803
     796
     739
     717
     762
     729
     752
     718
     723
     733
     732
     795
     706
     727
     746
     725
     741
     764
     703
     760
     699
     746
     758
     692
     710
     800
     737
     719
     720
     783
     789
     775
     800
     739
     698
     728
     744
     708
     738
     751
     711
     703
     744
     690
     730
     665
     733
     697
     722
     699
     756
     738
     737
     790
     728
     729
     706
     732
     672
     713
     659
     659
     685
     704
     686
     711
     685
     741
     690
     686
     707
     688
     736
     698
     720
     708
     702
     698
     670
     705
     729
     679
     693
     679
     705
     696
     659
     628
     707
     694
     694
     707
     696
     674
     661
     671
     657
     692
     747
     762
     876
    1043
    1001
     921
     771
     699
     673
     668
     668
     641
     685
     651
     686
     707
     726
     746
     727
     692
     634
     683
     667
     633
     656
     696
     659
     612
     659
     644
     616
     653
     683
     657
     643
     632
     668
     622
     659
     634
     673
     658
     683
     635
     619
     593
     646
     671
     629
     631
     639
     651
     609
     683
     613
     612
     584
     705
     650
     638
     620
     619
     652
     627
     625
     586
     635
     643
     622
     629
     616
     629
     616
     615
     621
     591
     650
     655
     608
     691
     606
     594
     627
     614
     600
     640
     628
     656
     606
     642
     638
     572
     657
     614
     651
     636
     674
     654
     571
     589
     678
     614
     651
     638
     609
     599
     615
     662
     613
     599
     606
     605
     638
     569
     603
     613
     568
     606
     568
     600
     617
     670
     702
     794
     793
     791
     645
     602
     605
     587
     578
     608
     561
     598
     574
     583
     596
     589
     587
     571
     566
     589
     572
     598
     556
     579
     585
     539
     534
     566
     578
     549
     602
     592
     520
     531
     603
     588
     635
     794
     963
    1262
    1361
    1124
     800
     639
     545
     556
     540
     546
     515
     568
     549
     564
     541
     575
     558
     564
     537
     539
     496
     507
     548
     544
     511
     547
     544
     514
     562
     498
     563
     529
     525
     507
     506
     519
     534
     542
     540
     575
     560
     531
     513
     541
     543
     536
     551
     535
     543
     520
     513
     498
     560
     530
     544
     514
     555
     516
     517
     523
     502
     533
     536
     536
     533
     466
     517
     493
     548
     494
     501
     551
     502
     552
     541
     544
     513
     562
     562
     491
     525
     513
     510
     502
     501
     489
     519
     506
     516
     483
     497
     508
     533
     492
     496
     521
     493
     510
     513
     546
     520
     520
     485
     547
     548
     508
     473
     477
     500
     530
     485
     517
     498
     497
     498
     506
     537
     491
     504
     486
     498
     508
     519
     521
     469
     449
     480
     506
     507
     494
     513
     495
     419
     451
     510
     492
     497
     486
     473
     506
     508
     507
     522
     472
     481
     480
     523
     479
     529
     473
     462
     506
     491
     525
     471
     509
     456
     518
     514
     511
     450
     538
     496
     502
     529
     473
     463
     490
     493
     481
     499
     474
     459
     412
     477
     516
     467
     469
     458
     497
     459
     473
     484
     519
     460
     462
     462
     463
     496
     480
     452
     493
     525
     508
     451
     436
     488
     483
     460
     465
     444
     485
     461
     468
     458
     478
     483
     440
     471
     469
     455
     471
     490
     446
     427
     459
     466
     500
     489
     488
     454
     476
     475
     439
     469
     451
     448
     440
     492
     445
     454
     445
     443
     462
     468
     425
     430
     441
     421
     490
     513
     425
     463
     428
     488
     460
     470
     464
     475
     435
     410
     465
     482
     452
     435
     478
     441
     414
     422
     436
     442
     439
     460
     436
     435
     435
     449
     483
     437
     504
     442
     393
     438
     428
     441
     425
     429
     434
     430
     465
     415
     452
     436
     442
     428
     419
     417
     425
     480
     436
     443
     433
     435
     424
     448
     444
     432
     405
     412
     417
     430
     411
     466
     434
     434
     446
     397
     434
     468
     467
     517
     499
     499
     497
     463
     452
     433
     407
     415
     426
     434
     406
     420
     385
     426
     417
     378
     409
     404
     419
     418
     397
     430
     401
     410
     415
     390
     391
     390
     404
     370
     415
     422
     387
     428
     390
     438
     447
     393
     411
     453
     374
     451
     412
     420
     394
     417
     459
     406
     449
     398
     403
     386
     413
     391
     399
     387
     418
     448
     413
     435
     393
     363
     370
     404
     396
     379
     434
     390
     400
     392
     419
     359
     428
     436
     383
     398
     413
     395
     440
     414
     409
     371
     389
     437
     395
     381
     370
     380
     359
     397
     426
     415
     363
     366
     392
     404
     371
     374
     388
     384
     396
     408
     373
     403
     414
     410
     360
     420
     366
     396
     366
     418
     404
     383
     399
     392
     390
     385
     411
     429
     422
     398
     443
     409
     442
     458
     538
     642
     716
     877
    1168
    1517
    1985
    2236
    2337
    2391
    2159
    1874
    1452
    1124
     825
     667
     563
     456
     461
     438
     395
     355
     387
     383
     378
     365
     355
     337
     363
     377
     348
     360
     354
     346
     387
     363
     365
     349
     345
     377
     337
     381
     396
     383
     349
     343
     340
     355
     372
     352
     350
     372
     361
     379
     393
     342
     327
     359
     330
     317
     343
     351
     352
     335
     340
     357
     364
     349
     385
     357
     367
     354
     341
     367
     335
     341
     346
     335
     353
     341
     371
     340
     367
     351
     341
     336
     348
     330
     351
     345
     331
     336
     350
     356
     329
     341
     319
     352
     341
     335
     353
     364
     312
     342
     359
     336
     332
     323
     330
     332
     372
     365
     339
     365
     333
     324
     334
     361
     355
     324
     358
     301
     350
     365
     336
     340
     352
     342
     328
     331
     330
     348
     334
     342
     329
     361
     326
     359
     325
     348
     303
     296
     359
     315
     338
     326
     318
     343
     333
     327
     370
     361
     380
     362
     375
     346
     325
     329
     314
     359
     354
     335
     326
     324
     343
     332
     327
     342
     329
     328
     356
     352
     341
     319
     350
     371
     353
     339
     357
     355
     308
     360
     342
     332
     335
     335
     340
     364
     350
     346
     339
     330
     329
     301
     311
     330
     321
     327
     338
     328
     329
     341
     340
     322
     347
     371
     429
     542
     752
     899
    1076
     968
     695
     537
     376
     313
     304
     335
     304
     318
     316
     342
     329
     297
     351
     321
     307
     319
     297
     342
     335
     300
     337
     292
     315
     361
     302
     306
     293
     329
     331
     323
     311
     346
     335
     374
     318
     368
     330
     330
     328
     326
     312
     270
     295
     309
     349
     348
     330
     316
     320
     314
     302
     312
     331
     321
     315
     302
     317
     331
     335
     291
     305
     319
     312
     359
     315
     346
     406
     485
     768
    1057
    1419
    1540
    1249
     994
     613
     409
     334
     321
     306
     294
     298
     307
     298
     280
     316
     322
     295
     272
     310
     288
     303
     283
     312
     319
     283
     321
     280
     305
     304
     289
     333
     312
     243
     311
     286
     265
     294
     290
     257
     282
     313
     296
     285
     272
     299
     287
     290
     303
     300
     330
     278
     275
     282
     301
     301
     311
     256
     287
     262
     297
     286
     271
     302
     279
     310
     281
     297
     281
     302
     287
     278
     286
     278
     287
     279
     277
     262
     272
     302
     290
     272
     278
     251
     303
     269
     272
     265
     274
     294
     290
     264
     284
     292
     285
     264
     272
     292
     286
     306
     256
     261
     297
     269
     306
     294
     293
     271
     278
     293
     263
     284
     300
     304
     263
     269
     288
     257
     259
     300
     300
     286
     267
     264
     247
     293
     288
     276
     263
     294
     299
     279
     266
     281
     260
     288
     266
     297
     317
     258
     305
     280
     282
     298
     285
     250
     309
     274
     296
     292
     299
     270
     267
     259
     290
     271
     272
     291
     297
     328
     296
     292
     291
     269
     274
     249
     282
     258
     295
     267
     277
     285
     296
     287
     273
     261
     280
     247
     245
     282
     263
     273
     298
     265
     268
     261
     271
     246
     273
     245
     267
     276
     274
     271
     272
     242
     303
     261
     269
     264
     256
     254
     252
     267
     302
     269
     283
     282
     254
     267
     241
     269
     270
     249
     235
     267
     256
     262
     276
     263
     260
     300
     245
     245
     282
     279
     278
     262
     249
     260
     251
     273
     264
     263
     275
     276
     269
     277
     245
     265
     247
     264
     240
     249
     270
     263
     281
     223
     245
     300
     248
     260
     280
     276
     271
     253
     248
     248
     253
     264
     289
     270
     264
     262
     275
     262
     231
     284
     287
     277
     255
     256
     281
     273
     252
     254
     261
     309
     284
     265
     282
     239
     264
     271
     246
     278
     288
     259
     247
     265
     268
     276
     255
     264
     258
     285
     250
     235
     229
     243
     252
     202
     258
     246
     227
     272
     238
     253
     235
     237
     272
     259
     253
     266
     256
     262
     222
     261
     232
     254
     264
     276
     257
     256
     279
     247
     250
     284
     359
     320
     380
     460
     361
     372
     315
     297
     285
     251
     237
     260
     234
     261
     240
     222
     247
     250
     263
     223
     243
     245
     263
     222
     249
     247
     268
     243
     229
     242
     224
     250
     239
     255
     253
     225
     252
     241
     237
     224
     265
     275
     255
     273
     257
     255
     251
     277
     235
     259
     257
     252
     252
     253
     228
     256
     256
     252
     242
     236
     220
     208
     224
     212
     229
     238
     230
     259
     234
     221
     229
     226
     253
     243
     251
     225
     271
     249
     212
     270
     236
     272
     257
     271
     242
     275
     241
     264
     241
     248
     237
     237
     243
     269
     248
     226
     225
     225
     230
     239
     233
     234
     259
     257
     257
     248
     278
     226
     228
     258
     241
     270
     273
     276
     310
     310
     327
     350
     345
     387
     314
     252
     235
     220
     238
     229
     254
     283
     279
     234
     259
     236
     268
     258
     256
     212
     239
     231
     230
     201
     214
     218
     226
     226
     233
     237
     229
     231
     218
     252
     224
     228
     229
     218
     214
     254
     252
     205
     231
     238
     214
     226
     263
     267
     247
     282
     269
     274
     246
     239
     241
     219
     231
     212
     193
     198
     233
     222
     200
     209
     211
     240
     232
     205
     213
     205
     201
     227
     234
     232
     274
     298
     332
     310
     305
     251
     227
     213
     240
     190
     229
     209
     226
     198
     221
     222
     208
     210
     203
     209
     212
     207
     243
     193
     222
     245
     225
     210
     211
     245
     232
     208
     247
     242
     251
     247
     227
     230
     226
     231
     228
     205
     206
     201
     215
     204
     218
     230
     222
     201
     216
     222
     213
     232
     210
     218
     195
     219
     213
     189
     228
     205
     235
     209
     201
     216
     215
     217
     218
     216
     203
     193
     217
     232
     223
     241
     234
     201
     189
     196
     184
     194
     166
     185
     210
     191
     194
     218
     214
     192
     214
     217
     203
     208
     200
     196
     208
     191
     199
     228
     226
     230
     225
     229
     225
     212
     184
     214
     224
     220
     220
     206
     225
     227
     235
     270
     233
     244
     239
     209
     212
     193
     209
     195
     217
     216
     230
     231
     219
     219
     217
     218
     212
     200
     230
     222
     207
     191
     209
     197
     219
     195
     221
     227
     185
     207
     210
     235
     192
     201
     187
     198
     228
     202
     175
     192
     191
     209
     164
     203
     195
     195
     190
     180
     189
     222
     216
     199
     187
     202
     214
     187
     233
     204
     206
     202
     193
     209
     204
     211
     210
     247
     234
     280
     305
     315
     331
     294
     240
     242
     182
     189
     206
     199
     206
     190
     201
     207
     194
     239
     202
     219
     188
     192
     198
     194
     202
     202
     186
     200
     183
     217
     195
     173
     165
     199
     180
     194
     198
     190
     194
     193
     203
     192
     178
     177
     191
     174
     203
     216
     196
     192
     189
     204
     180
     167
     170
     181
     202
     203
     225
     187
     201
     175
     226
     197
     200
     218
     191
     213
     178
     216
     211
     180
     160
     204
     178
     184
     199
     176
     186
     217
     202
     194
     184
     157
     181
     170
     210
     168
     188
     196
     185
     208
     176
     186
     207
     206
     214
     195
     189
     204
     194
     201
     205
     197
     206
     203
     183
     198
     189
     167
     197
     174
     181
     195
     175
     180
     183
     179
     185
     190
     199
     187
     196
     216
     215
     212
     202
     185
     216
     197
     204
     181
     210
     189
     188
     196
     179
     222
     180
     226
     289
     387
     504
     657
     780
     852
     812
     610
     444
     303
     255
     186
     173
     165
     192
     169
     178
     170
     171
     182
     183
     182
     203
     191
     178
     188
     176
     191
     163
     173
     158
     184
     185
     184
     167
     174
     187
     179
     206
     182
     201
     171
     171
     194
     190
     178
     180
     180
     172
     178
     189
     188
     177
     196
     193
     220
     174
     176
     177
     155
     189
     184
     175
     184
     205
     183
     215
     241
     268
     258
     238
     231
     227
     181
     185
     179
     185
     174
     186
     169
     191
     172
     182
     172
     205
     158
     164
     164
     177
     151
     165
     184
     159
     144
     167
     183
     195
     176
     178
     185
     185
     178
     175
     144
     181
     189
     180
     176
     182
     176
     178
     186
     194
     186
     160
     170
     175
     184
     176
     191
     181
     181
     172
     185
     189
     169
     181
     200
     153
     165
     174
     178
     164
     156
     177
     183
     171
     172
     169
     170
     190
     182
     159
     176
     173
     196
     176
     159
     169
     190
     223
     250
     277
     291
     311
     284
     273
     228
     210
     178
     204
     224
     262
     326
     431
     552
     621
     539
     448
     392
     266
     214
     170
     168
     167
     167
     181
     161
     183
     171
     163
     166
     161
     164
     186
     153
     167
     146
     173
     175
     145
     183
     187
     154
     172
     170
     166
     142
     152
     136
     164
     178
     153
     170
     169
     160
     166
     165
     145
     152
     167
     155
     169
     155
     168
     153
     176
     169
     149
     163
     177
     175
     167
     168
     163
     151
     170
     155
     180
     164
     167
     149
     174
     161
     168
     171
     156
     176
     164
     137
     136
     169
     173
     178
     167
     164
     175
     168
     157
     144
     154
     195
     184
     217
     248
     233
     244
     258
     217
     183
     179
     163
     154
     162
     135
     154
     160
     163
     154
     155
     171
     126
     158
     177
     159
     195
     150
     153
     159
     160
     158
     169
     147
     160
     140
     167
     141
     152
     158
     173
     156
     147
     118
     156
     164
     155
     157
     178
     183
     158
     177
     160
     141
     138
     164
     153
     163
     187
     161
     159
     170
     143
     145
     151
     134
     149
     153
     165
     180
     151
     164
     148
     156
     165
     158
     164
     140
     156
     164
     158
     148
     153
     135
     146
     157
     151
     152
     158
     169
     140
     143
     150
     172
     157
     175
     155
     158
     168
     163
     140
     138
     151
     144
     161
     156
     165
     165
     157
     142
     149
     147
     154
     169
     141
     144
     173
     178
     144
     155
     156
     160
     153
     135
     125
     133
     168
     149
     150
     149
     164
     138
     175
     160
     167
     152
     169
     142
     157
     162
     149
     167
     155
     136
     166
     160
     158
     180
     151
     170
     159
     164
     147
     158
     143
     141
     146
     147
     141
     175
     137
     132
     147
     161
     155
     148
     140
     148
     137
     184
     141
     144
     147
     158
     158
     159
     150
     144
     150
     150
     156
     155
     130
     159
     138
     143
     160
     156
     139
     136
     161
     150
     128
     156
     136
     155
     172
     169
     157
     140
     160
     156
     147
     146
     140
     151
     147
     152
     170
     148
     169
     161
     163
     138
     140
     148
     144
     129
     133
     132
     141
     151
     138
     161
     156
     169
     147
     157
     127
     167
     135
     139
     106
     153
     159
     138
     142
     148
     142
     149
     133
     151
     143
     132
     134
     148
     145
     149
     160
     132
     160
     139
     138
     137
     150
     132
     151
     145
     152
     139
     145
     161
     136
     148
     153
     151
     140
     152
     158
     170
     135
     136
     136
     162
     159
     143
     159
     138
     125
     153
     172
     171
     157
     148
     160
     132
     128
     148
     139
     148
     146
     137
     151
     148
     146
     147
     154
     174
     154
     132
     131
     167
     161
     125
     156
     157
     138
     158
     132
     153
     153
     139
     148
     170
     136
     132
     140
     143
     131
     163
     131
     143
     156
     142
     150
     144
     136
     133
     160
     138
     155
     125
     157
     179
     186
     238
     359
     443
     512
     548
     585
     513
     429
     326
     263
     205
     166
     134
     149
     138
     143
     146
     138
     123
     134
     136
     140
     123
     134
     121
     145
     118
     149
     158
     130
     125
     126
     135
     153
     144
     140
     136
     139
     150
     124
     137
     162
     159
     148
     137
     149
     113
     133
     139
     125
     156
     150
     114
     133
     121
     164
     140
     127
     157
     150
     143
     136
     142
     155
     138
     139
     145
     111
     144
     127
     142
     163
     157
     141
     130
     139
     126
     149
     115
     121
     142
     128
     146
     147
     144
     148
     153
     138
     137
     139
     159
     141
     110
     123
     139
     139
     140
     159
     160
     170
     183
     207
     222
     192
     179
     158
     150
     140
     149
     146
     148
     144
     133
     132
     125
     121
     144
     141
     124
     113
     162
     149
     116
     134
     135
     147
     121
     153
     128
     137
     145
     145
     119
     132
     147
     163
     147
     148
     124
     154
     130
     129
     156
     148
     146
     151
     159
     140
     126
     143
     140
     155
     136
     149
     132
     118
     170
     125
     143
     130
     122
     151
     123
     129
     135
     154
     137
     135
     148
     148
     143
     139
     139
     132
     142
     150
     142
     147
     143
     134
     145
     146
     134
     138
     126
     123
     121
     149
     125
     142
     139
     138
     146
     113
     150
     125
     118
     142
     133
     142
     119
     140
     125
     135
     143
     125
     163
     124
     153
     126
     133
     160
     150
     144
     143
     111
     134
     164
     151
     142
     133
     138
     124
     124
     137
     127
     148
     128
     124
     159
     112
     141
     139
     125
     135
     131
     124
     134
     138
     143
     135
     128
     119
     144
     144
     143
     154
     153
     140
     129
     153
     159
     138
     146
     140
     130
     131
     140
     146
     138
     117
     148
     125
     147
     118
     133
     169
     139
     148
     154
     113
     128
     121
     111
     155
     133
     141
     143
     140
     137
     147
     134
     116
     143
     127
     147
     129
     128
     158
     135
     142
     123
     117
     119
     143
     115
     117
     133
     134
     152
     126
     150
     142
     146
     124
     129
     139
     161
     135
     133
     122
     140
     134
     124
     118
     150
     143
     141
     116
     133
     127
     138
     143
     141
     153
     142
     136
     130
     161
     159
     217
     271
     278
     272
     334
     276
     255
     217
     185
     147
     140
     141
     125
     128
     123
     123
     131
     124
     117
     125
     124
     136
     141
     126
     172
     131
     133
     127
     127
     133
     119
     125
     124
     130
     132
     133
     115
     128
     120
     118
     145
     113
     133
     146
     114
     124
     132
     128
     137
     129
     104
     118
     122
     100
     118
     112
     117
     115
     110
     120
      93
     123
     114
     107
     123
     110
     130
     115
     113
     110
     126
     118
     107
     113
      89
     115
     117
     107
     128
      99
      99
     111
     103
      96
     118
     112
     125
     128
     123
     105
     112
     105
     113
     127
     114
     119
     130
     120
     147
     120
     100
     109
     120
     114
     107
     122
     105
     119
     103
     125
     105
     114
      91
     124
     114
     108
      97
     101
      91
     134
     140
     136
     150
     166
     141
     160
     123
     129
     120
      91
     113
     109
     120
     108
     101
     104
     134
      99
     114
     113
      97
      92
     116
     112
     112
     118
     105
      88
     113
     115
     131
     116
     120
     104
     118
     106
     102
     107
      94
      98
     101
     106
      89
     115
     105
     114
     106
     107
     103
      94
      81
     101
     103
     116
      84
     106
     124
     110
      99
     101
      93
     125
     108
     114
     117
     110
     136
     114
      93
      98
      93
     125
     106
      98
      95
      86
     122
     100
      91
     106
      96
     107
      92
      99
      99
     112
      93
     107
      91
      91
     105
     100
     107
     115
      99
      88
     126
     100
     119
     108
     105
      78
      92
      94
      93
      95
      98
      87
     106
      97
      83
     109
      93
     103
     101
     109
     105
     108
      94
      94
      96
     106
     100
     101
     118
      94
     100
      95
      84
      85
      88
     104
     110
      99
     110
     119
     110
      91
     110
      92
      98
      82
     104
      91
     101
      74
      90
      76
     112
     103
      96
      83
      98
      92
     102
      94
     112
     102
      97
      97
      94
      98
      96
      91
      94
      79
      90
     102
     105
      78
      92
      86
      91
      95
      92
     102
     110
      92
      66
     101
     100
      84
      88
     104
     103
      78
     109
      88
      88
      79
      77
      75
      78
      88
      92
      92
      82
      93
      75
      80
      99
      90
     104
      92
     106
      78
      84
      85
      90
      93
     106
      86
      76
     101
      91
     110
      90
      90
      99
      89
      90
      83
     107
      81
      77
      81
      77
      73
     107
      97
     100
      66
      98
      96
      90
      78
      90
      99
      80
      70
      76
      84
     100
     101
      99
      93
      78
      88
      74
      86
      91
      93
      73
      90
      92
     103
      71
      83
      81
      94
      81
      80
     101
     100
      67
      89
      98
     114
     128
     143
     164
     163
     205
     188
     199
     198
     152
     140
     102
      78
      95
      86
      95
      79
      63
      69
      69
      84
      80
      85
      74
     103
     109
     104
     104
     132
     118
     104
      79
     105
      90
      83
      81
      86
      83
      83
      82
      89
      88
      93
      74
      85
      84
      88
      71
      69
      88
      82
     102
      87
      58
      91
      76
      65
      65
      75
      89
     107
      92
      67
      84
      91
      73
      92
      89
      89
      96
     117
     116
     126
     131
     118
     100
     110
      89
     120
      97
      76
      79
      92
      93
      93
      81
      99
     114
     122
     138
     146
     156
     132
     141
     129
     105
      88
      84
     104
      76
      86
      65
      93
      81
      97
      78
      87
      70
      76
      70
      98
      78
      70
      84
      73
      75
      71
      63
      78
      89
      80
      84
      87
      72
      89
      80
      72
      73
      83
      85
      86
      68
      94
      62
      84
      65
      72
      76
      84
      84
      73
      70
      76
      73
      90
      77
      92
      77
      77
      76
      69
      69
      69
      99
      77
      78
      81
      92
      84
      76
      69
      61
      80
      70
      90
      86
      83
      82
      85
      66
      72
      80
      70
      87
      80
      84
      80
      81
      74
      88
      76
      74
      65
      71
      74
      85
      75
      70
      62
      82
      77
      75
      63
      78
      76
      88
      61
      73
      67
      79
     104
      94
      94
      75
      77
      83
      75
      98
      76
      69
      77
      88
      65
      82
      85
      89
      71
      76
      92
      89
      82
      85
      81
      82
      77
      81
      91
      85
     107
      91
     151
     185
     312
     465
     719
    1056
    1281
    1667
    1971
    2071
    2001
    1786
    1455
    1073
     624
     363
     225
     140
      91
      70
      56
      65
      59
      52
      59
      58
      53
      72
      69
      58
      75
      61
      59
      66
      68
      70
      39
      64
      52
      63
      54
      59
      56
      65
      49
      58
      55
      62
      58
      69
      75
      80
      77
      67
      72
      57
      72
      58
      65
      60
      63
      63
      75
      58
      56
      74
      70
      64
      62
      70
      54
      60
      65
      61
      66
      69
      48
      60
      58
      72
      56
      68
      61
      66
      39
      55
      69
      59
      72
      51
      66
      56
      53
      56
      60
      45
      66
      66
      75
      66
      68
      75
      59
      66
      83
      68
      85
      77
      88
      69
      56
      75
      75
      66
      52
      46
      63
      51
      54
      77
      66
      75
      61
      78
      75
      67
      74
      63
      68
      61
      58
      60
      63
      61
      66
      80
      66
      77
      66
      78
      87
     108
     106
     108
     126
     116
     114
     121
      87
      86
      78
      62
      70
      81
      54
      62
      60
      56
      61
      61
      65
      53
      67
      68
      52
      63
      55
      48
      59
      53
      60
      71
      58
      71
      61
      75
      55
      59
      47
      80
      46
      58
      73
      63
      64
      49
      56
      56
      64
      60
      56
      54
      61
      50
      65
      56
      59
      65
      61
      73
      51
      55
      69
      54
      48
      67
      63
      74
      47
      61
      69
      55
      56
      56
      57
      64
      70
      50
      66
      66
      76
      47
      60
      65
      98
      80
      79
      62
      57
      74
      71
      72
      58
      63
      53
      56
      81
      63
      68
      50
      60
      59
      61
      58
      57
      53
      59
      63
      67
      55
      54
      63
      53
      61
      66
      59
      55
      50
      44
      53
      58
      41
      54
      52
      54
      43
      45
      63
      59
      61
      66
      58
      56
      51
      64
      56
      58
      55
      54
      66
      65
      63
      59
      62
      57
      56
      75
      39
      53
      59
      61
      51
      62
      54
      69
      52
      60
      46
      61
      56
      45
      43
      59
      53
      55
      53
      48
      51
      53
      54
      43
      57
      62
      53
      50
      57
      47
      53
      57
      51
      66
      64
      51
      53
      64
      57
      43
      49
      50
      40
      49
      38
      59
      64
      45
      53
      54
      56
      60
      57
      64
      74
      64
      78
      72
      68
      59
      69
      68
      59
      84
      70
      77
      68
      69
      70
      57
      59
      66
      66
      96
      99
     120
     121
     120
     128
     125
     104
     106
      98
      77
      84
      68
      86
      90
      97
     123
     116
     108
     104
      96
      65
      69
      58
      64
      66
      71
      55
      45
      64
      48
      48
      46
      58
      60
      59
      60
      64
      62
      51
      46
      50
      57
      62
      41
      43
      46
      44
      48
      59
      51
      46
      45
      58
      51
      63
      55
      64
      59
      52
      64
      41
      51
      47
      61
      62
      47
      49
      43
      54
      38
      58
      51
      52
      48
      68
      50
      40
      47
      66
      42
      52
      50
      42
      54
      61
      50
      70
      60
      49
      64
      72
      90
      93
      95
      83
      77
      66
      72
      70
      55
      68
      46
      71
      53
      62
      45
      51
      66
      51
      42
      42
      40
      50
      51
      51
      60
      59
      77
      78
      93
      83
      70
      88
      95
      79
      74
      64
      56
      55
      47
      50
      51
      49
      55
      56
      38
      47
      55
      50
      48
      60
      59
      58
      53
      52
      59
      51
      48
      65
      49
      52
      41
      47
      52
      41
      48
      41
      45
      49
      45
      41
      43
      38
      37
      48
      38
      33
      46
      55
      53
      50
      59
      44
      46
      47
      53
      34
      39
      59
      58
      45
      54
      62
      43
      51
      39
      36
      37
      45
      46
      54
      43
      60
      40
      42
      42
      40
      56
      46
      55
      39
      57
      56
      47
      57
      49
      68
      83
      47
      57
      63
      52
      51
      46
      53
      62
      47
      47
      51
      42
      45
      46
      57
      47
      50
      39
      48
      35
      42
      40
      38
      48
      36
      48
      44
      45
      37
      55
      46
      45
      38
      54
      35
      42
      47
      49
      36
      48
      44
      47
      45
      40
      47
      46
      44
      59
      41
      42
      46
      46
      52
      45
      49
      40
      53
      41
      50
      50
      39
      42
      52
      52
      57
      48
      40
      43
      45
      49
      42
      51
      53
      48
      43
      40
      50
      44
      48
      49
      38
      43
      48
      57
      34
      50
      45
      48
      52
      51
      51
      50
      55
      45
      44
      43
      38
      42
      41
      51
      45
      41
      40
      45
      27
      40
      42
      41
      43
      40
      49
      41
      37
      34
      43
      39
      43
      55
      45
      37
      42
      45
      44
      54
      39
      43
      42
      32
      37
      30
      40
      39
      50
      45
      41
      46
      46
      45
      50
      36
      33
      36
      34
      38
      49
      51
      32
      43
      30
      45
      37
      45
      45
      44
      43
      38
      41
      42
      46
      37
      40
      45
      33
      47
      46
      29
      43
      38
      40
      50
      53
      40
      47
      36
      45
      49
      38
      52
      38
      49
      47
      70
      75
      81
      94
     107
     123
     120
     128
     108
     119
     101
      77
      69
      55
      40
      37
      41
      46
      35
      42
      42
      44
      37
      34
      43
      41
      49
      46
      39
      39
      41
      48
      42
      42
      44
      31
      50
      38
      29
      49
      39
      39
      52
      45
      44
      31
      40
      40
      48
      34
      24
      45
      37
      41
      33
      29
      30
      45
      59
      41
      37
      40
      36
      36
      62
      37
      32
      52
      35
      52
      56
      45
      43
      37
      35
      40
      35
      41
      50
      33
      41
      35
      42
      44
      46
      39
      55
      44
      45
      40
      49
      35
      58
      39
      73
      84
     119
     149
     212
     270
     348
     365
     452
     458
     425
     436
     365
     304
     252
     162
     108
      76
      56
      45
      44
      41
      36
      28
      48
      31
      40
      31
      40
      39
      40
      34
      33
      34
      34
      32
      28
      24
      43
      42
      33
      32
      44
      40
      40
      49
      28
      31
      41
      44
      47
      42
      37
      44
      30
      41
      43
      35
      39
      40
      43
      42
      43
      42
      44
      41
      23
      31
      36
      40
      41
      34
      37
      34
      42
      42
      30
      27
      41
      23
      37
      38
      37
      44
      40
      31
      34
      40
      36
      38
      44
      40
      33
      32
      31
      50
      36
      42
      29
      36
      49
      34
      39
      31
      36
      41
      34
      42
      30
      43
      40
      35
      48
      37
      37
      40
      31
      40
      32
      48
      30
      33
      36
      30
      34
      46
      38
      44
      45
      43
      41
      53
      40
      31
      39
      49
      38
      39
      37
      30
      31
      42
      33
      36
      43
      41
      30
      39
      43
      27
      36
      37
      35
      42
      53
      38
      37
      35
      41
      36
      27
      42
      45
      39
      43
      30
      40
      42
      35
      36
      31
      41
      47
      33
      39
      38
      32
      35
      30
      32
      42
      33
      28
      39
      37
      52
      32
      40
      30
      36
      27
      41
      28
      35
      48
      37
      36
      29
      31
      49
      40
      32
      30
      31
      46
      50
      44
      50
      36
      31
      39
      52
      34
      50
      46
      59
      35
      64
      33
      32
      26
      38
      41
      37
      34
      44
      32
      41
      42
      28
      45
      44
      52
      38
      47
      55
      74
     100
      87
      91
      86
      93
      88
      65
      61
      52
      50
      30
      44
      37
      42
      41
      35
      30
      49
      43
      38
      37
      32
      40
      30
      31
      26
      31
      40
      36
      28
      43
      43
      35
      34
      32
      33
      39
      36
      28
      37
      26
      45
      24
      31
      26
      36
      32
      36
      39
      47
      43
      40
      31
      30
      40
      46
      29
      47
      44
      32
      36
      49
      40
      33
      44
      25
      39
      30
      32
      35
      47
      44
      35
      24
      36
      29
      38
      41
      35
      44
      48
      35
      38
      37
      37
      32
      36
      37
      40
      28
      33
      35
      39
      38
      37
      25
      38
      30
      39
      27
      25
      39
      42
      44
      30
      33
      29
      36
      38
      30
      35
      43
      30
      36
      31
      39
      34
      45
      36
      33
      33
      28
      33
      31
      38
      21
      39
      36
      40
      35
      42
      37
      45
      41
      39
      43
      35
      42
      34
      30
      29
      30
      35
      34
      40
      39
      39
      25
      51
      35
      33
      27
      36
      30
      37
      33
      41
      44
      40
      30
      34
      28
      33
      40
      41
      33
      26
      32
      38
      31
      34
      43
      35
      33
      42
      38
      40
      35
      43
      30
      38
      36
      39
      36
      32
      24
      48
      47
      37
      38
      37
      35
      31
      40
      33
      35
      41
      31
      38
      36
      30
      25
      37
      42
      25
      29
      42
      36
      34
      44
      33
      32
      30
      46
      44
      43
      30
      35
      43
      32
      39
      40
      22
      25
      27
      33
      42
      47
      26
      39
      26
      34
      31
      30
      36
      26
      35
      33
      34
      39
      34
      36
      38
      34
      30
      50
      33
      42
      49
      39
      35
      39
      36
      37
      40
      42
      42
      23
      28
      42
      35
      32
      23
      33
      37
      40
      35
      40
      37
      18
      29
      30
      44
      45
      42
      32
      35
      36
      24
      32
      33
      29
      42
      23
      37
      30
      42
      39
      44
      35
      35
      26
      32
      33
      33
      38
      34
      26
      31
      34
      40
      41
      28
      23
      32
      26
      41
      35
      46
      36
      31
      32
      36
      29
      31
      38
      35
      33
      33
      31
      25
      31
      45
      35
      28
      29
      33
      39
      36
      27
      25
      43
      29
      41
      32
      36
      35
      33
      35
      37
      35
      37
      23
      41
      35
      40
      36
      41
      31
      39
      33
      34
      33
      29
      21
      15
      26
      42
      33
      30
      32
      36
      30
      30
      25
      29
      33
      32
      30
      20
      46
      38
      36
      45
      25
      35
      42
      39
      32
      31
      37
      41
      39
      42
      36
      36
      39
      33
      32
      38
      26
      32
      28
      28
      23
      32
      31
      43
      34
      27
      31
      28
      28
      26
      31
      38
      30
      22
      31
      39
      38
      31
      33
      25
      21
      34
      29
      32
      41
      27
      43
      32
      33
      28
      35
      23
      24
      33
      30
      31
      29
      28
      47
      37
      39
      36
      34
      35
      26
      31
      35
      36
      34
      28
      34
      34
      27
      32
      37
      32
      37
      36
      28
      19
      46
      30
      49
      34
      38
      30
      35
      32
      26
      36
      35
      31
      33
      41
      23
      26
      34
      31
      40
      32
      38
      30
      22
      28
      36
      39
      31
      33
      25
      41
      27
      34
      38
      36
      40
      25
      36
      24
      36
      48
      31
      35
      29
      41
      30
      22
      30
      35
      36
      36
      41
      29
      33
      44
      45
      25
      27
      34
      25
      35
      30
      30
      32
      34
      21
      36
      29
      27
      27
      32
      22
      25
      33
      35
      30
      22
      32
      27
      32
      29
      37
      24
      23
      33
      33
      22
      34
      28
      28
      18
      37
      33
      28
      36
      35
      33
      37
      28
      31
      27
      31
      28
      33
      28
      22
      26
      31
      26
      29
      23
      28
      26
      36
      34
      25
      44
      32
      27
      31
      27
      30
      31
      33
      24
      30
      25
      28
      28
      26
      32
      28
      25
      32
      33
      29
      35
      31
      27
      33
      26
      33
      31
      26
      28
      37
      23
      29
      19
      32
      35
      23
      32
      22
      38
      39
      26
      21
      28
      26
      29
      29
      19
      36
      32
      40
      39
      31
      32
      38
      28
      31
      26
      26
      27
      18
      33
      35
      39
      34
      36
      25
      29
      29
      31
      29
      26
      29
      34
      32
      34
      30
      26
      35
      32
      29
      32
      32
      27
      28
      29
      30
      40
      29
      27
      29
      35
      37
      26
      35
      24
      28
      38
      32
      35
      26
      26
      35
      29
      34
      25
      33
      43
      31
      28
      32
      28
      24
      31
      30
      31
      42
      33
      34
      23
      41
      33
      28
      29
      23
      28
      31
      38
      31
      39
      37
      29
      65
      39
      36
      60
      59
      76
      68
      85
      87
     103
      97
     101
     104
     103
      96
      91
     102
      71
      70
      46
      59
      37
      38
      29
      46
      33
      39
      34
      36
      26
      28
      33
      35
      38
      20
      35
      22
      29
      38
      27
      30
      27
      32
      33
      41
      32
      43
      59
      54
      36
      56
      50
      45
      49
      57
      58
      40
      67
      41
      25
      42
      32
      32
      26
      29
      25
      35
      29
      31
      29
      32
      33
      34
      31
      22
      25
      38
      39
      32
      27
      19
      29
      29
      30
      25
      30
      35
      27
      31
      34
      26
      34
      29
      35
      34
      32
      26
      30
      30
      27
      25
      27
      25
      32
      32
      28
      28
      23
      40
      32
      35
      27
      37
      29
      29
      22
      26
      25
      37
      25
      23
      30
      24
      22
      39
      38
      29
      29
      37
      35
      32
      28
      32
      31
      26
      31
      36
      28
      33
      31
      34
      27
      22
      31
      29
      30
      33
      30
      23
      33
      23
      32
      25
      26
      30
      35
      34
      35
      27
      27
      31
      24
      33
      39
      38
      30
      37
      34
      22
      27
      23
      28
      24
      23
      21
      23
      40
      32
      29
      33
      30
      29
      35
      23
      28
      25
      24
      32
      41
      31
      40
      28
      30
      27
      28
      23
      21
      32
      36
      33
      34
      27
      34
      30
      34
      22
      32
      31
      34
      39
      44
      20
      31
      31
      28
      27
      28
      33
      40
      34
      20
      31
      31
      31
      28
      22
      27
      34
      31
      31
      21
      29
      17
      20
      22
      35
      29
      38
      35
      30
      22
      24
      42
      24
      30
      38
      42
      30
      36
      32
      32
      27
      26
      34
      29
      34
      27
      37
      27
      40
      27
      30
      29
      42
      48
      24
      32
      32
      34
      33
      40
      30
      32
      31
      36
      30
      30
      40
      34
      36
      60
      34
      65
      49
      84
      93
     129
     158
     129
     161
     157
     156
     124
     114
      97
      63
      46
      57
      54
      33
      36
      43
      32
      29
      40
      18
      28
      34
      26
      27
      30
      29
      27
      38
      29
      27
      27
      20
      25
      30
      26
      25
      20
      32
      42
      22
      31
      32
      28
      36
      30
      24
      25
      28
      28
      28
      29
      26
      29
      25
      26
      28
      43
      33
      19
      34
      41
      35
      30
      33
      35
      50
      33
      38
      33
      25
      32
      28
      28
      27
      28
      38
      21
      27
      31
      31
      33
      22
      26
      37
      23
      26
      27
      29
      25
      21
      31
      28
      34
      20
      31
      22
      29
      27
      34
      23
      23
      22
      21
      28
      40
      32
      23
      28
      30
      25
      28
      33
      35
      30
      30
      25
      22
      17
      29
      27
      32
      23
      32
      24
      21
      33
      29
      30
      27
      29
      26
      32
      28
      28
      25
      26
      23
      31
      28
      31
      39
      29
      25
      30
      32
      34
      34
      32
      24
      20
      20
      27
      40
      28
      25
      38
      40
      37
      22
      33
      37
      37
      28
      20
      27
      32
      31
      25
      23
      34
      32
      32
      25
      24
      35
      35
      33
      42
      35
      22
      30
      20
      31
      31
      26
      27
      25
      32
      26
      26
      36
      31
      22
      23
      30
      26
      33
      25
      28
      29
      24
      28
      22
      24
      22
      30
      27
      27
      28
      34
      37
      30
      31
      41
      30
      30
      27
      28
      27
      37
      36
      19
      27
      28
      34
      26
      23
      24
      47
      28
      31
      28
      27
      20
      32
      21
      31
      36
      27
      27
      38
      31
      31
      35
      34
      34
      27
      39
      48
      38
      32
      42
      32
      30
      41
      28
      33
      25
      28
      23
      31
      34
      40
      25
      26
      31
      27
      27
      23
      32
      34
      30
      38
      34
      32
      28
      28
      25
      33
      38
      24
      40
      29
      28
      35
      31
      46
      29
      33
      39
      34
      28
      30
      37
      33
      25
      37
      27
      22
      33
      29
      27
      25
      34
      38
      18
      32
      27
      34
      30
      34
      31
      29
      32
      45
      27
      40
      26
      24
      35
      31
      27
      36
      38
      36
      26
      33
      28
      34
      30
      29
      30
      31
      34
      35
      23
      33
      32
      33
      27
      37
      25
      24
      32
      31
      37
      28
      22
      24
      31
      38
      29
      33
      30
      23
      25
      32
      28
      18
      27
      30
      27
      23
      26
      29
      25
      30
      22
      32
      29
      28
      28
      34
      39
      33
      25
      27
      29
      35
      27
      26
      40
      30
      36
      21
      27
      32
      27
      40
      31
      27
      43
      25
      26
      26
      31
      27
      38
      33
      44
      38
      27
      27
      32
      24
      43
      31
      38
      22
      32
      31
      19
      31
      35
      31
      31
      39
      38
      40
      33
      30
      37
      30
      32
      36
      27
      31
      36
      32
      21
      28
      22
      28
      36
      29
      31
      29
      30
      26
      35
      40
      28
      29
      32
      23
      28
      30
      31
      36
      33
      33
      26
      25
      23
      38
      35
      41
      29
      25
      31
      22
      22
      34
      28
      26
      28
      25
      28
      36
      36
      34
      23
      31
      27
      24
      29
      45
      21
      24
      40
      36
      36
      26
      36
      33
      31
      39
      37
      29
      24
      29
      25
      28
      29
      31
      29
      35
      21
      28
      23
      35
      31
      27
      27
      23
      18
      32
      20
      33
      23
      23
      32
      28
      28
      20
      16
      24
      20
      24
      20
      32
      23
      23
      22
      35
      26
      21
      27
      18
      21
      21
      21
      26
      23
      29
      25
      39
      15
      18
      37
      25
      24
      20
      33
      19
      26
      28
      27
      23
      20
      23
      17
      28
      26
      25
      29
      21
      23
      35
      32
      18
      23
      25
      19
      26
      26
      18
      22
      21
      27
      22
      25
      27
      31
      25
      23
      14
      18
      22
      23
      25
      37
      27
      19
      19
      33
      27
      35
      21
      28
      28
      22
      20
      21
      22
      27
      20
      24
      17
      24
      20
      22
      20
      25
      23
      17
      21
      25
      20
      14
      14
      19
      25
      20
      18
      13
      29
      23
      17
      19
      24
      33
      24
      25
      19
      27
      27
      21
      22
      23
      22
      23
      21
      26
      21
      21
      26
      33
      20
      21
      24
      23
      21
      19
      20
      17
      22
      30
      19
      19
      18
      21
      27
      17
      14
      19
      20
      26
      20
      16
      16
      15
      16
      16
      22
      28
      26
      18
      37
      27
      28
      42
      42
      37
      55
      65
      82
      49
      50
      53
      54
      48
      38
      36
      25
      34
      31
      32
      27
      19
      13
      20
      21
      17
      22
      25
      24
      19
      24
      22
      20
      25
      16
      24
      19
      18
      10
      20
      18
      16
      14
      23
      15
      18
      19
      19
      31
      15
      21
       8
      15
      13
      22
      21
      12
      18
      16
      15
      17
      20
      19
      16
      19
      25
      21
      10
      28
      12
      21
      17
      19
      20
      19
      19
      19
      22
      25
      17
      22
      29
      21
      24
      23
      17
      15
      21
      19
      16
      14
      17
      15
      27
      25
      12
      11
      21
      18
      20
      19
      17
      19
      19
      18
      16
      16
      13
       8
      12
      24
      10
      12
      19
      18
      23
      16
      17
      13
      12
      11
      15
      12
      13
      19
      15
      19
      10
      19
      20
      22
      14
      13
      19
      14
      17
      19
      15
      14
      17
      20
      14
      16
      11
      13
      11
      10
      10
      21
      14
      21
      19
      22
      13
      18
      11
      21
      20
      22
      11
      11
      18
      16
      18
      11
      10
      15
      14
      14
      19
      25
      17
      20
      13
      10
       9
      15
      18
      10
      16
      15
      16
      20
      25
      12
      12
      10
      20
      13
      16
      14
      13
      14
      10
       9
      14
      16
      12
      13
      14
      13
      15
       7
       5
      11
      16
      15
      10
      15
      10
      15
       8
      12
      13
      14
      14
      16
      12
      15
      13
      17
      13
      10
      14
      15
      16
      14
       8
      12
      12
      12
      10
      15
      10
      13
      13
      11
      17
      12
      14
      10
      16
      13
      12
      12
      16
      16
      14
      10
      14
      10
      13
      10
      13
      11
      10
      13
      13
      11
      10
      18
      11
       9
      16
      13
      11
      14
      13
      14
      20
       7
      15
      14
      10
      15
      12
      11
      10
      15
      13
      10
      15
      15
       8
      20
      14
       8
       9
       7
      11
      11
       9
      16
      10
      13
      16
      12
      15
      11
      17
      13
       9
       8
      10
       8
      16
      17
      12
      12
       8
      11
       8
       9
      12
      24
      16
      11
      11
       9
      10
       8
      12
      13
      12
      17
      12
      13
      13
       8
       9
      17
      13
      13
      17
      12
      10
      12
      10
       8
      13
      10
      13
      13
      14
       5
      10
      20
      14
      14
      18
      11
      11
       9
      12
       9
      18
      16
      20
      13
      12
      15
       9
      13
      13
      23
      12
      16
      16
      18
      19
      14
      11
      13
       7
      12
      12
       8
      15
       6
      17
      17
      11
      12
      10
      14
      12
      17
      10
      16
      14
      17
      18
      18
      20
      24
      10
       6
      17
      13
      14
       6
      13
       7
      12
      19
      10
      10
      11
      17
       9
      13
       7
      19
      14
      11
      17
      15
      17
      14
      16
       9
       6
      16
       8
      21
      14
      16
       8
      15
      14
      18
      15
      10
      17
      12
      15
      20
      15
      13
      20
      17
      11
      18
      13
      10
      15
      20
      14
      13
       6
      15
      10
      19
      18
      15
      25
      28
      39
      58
      61
     107
     161
     237
     262
     328
     399
     450
     548
     606
     659
     669
     738
     691
     611
     544
     479
     324
     210
     203
     117
     102
      64
      36
      25
      14
      11
      15
       6
       5
      11
      11
       8
       7
       8
       6
       8
       4
       7
       3
      16
       7
      15
       9
       8
       2
       5
      12
       7
      16
       9
       8
       9
       6
       4
       6
      10
       7
      12
      12
       4
       7
      11
      12
      12
       6
      10
       5
      10
      12
      11
      12
       8
      11
       4
      10
       7
       6
       6
      11
      13
       7
       9
       9
      10
       9
       9
       5
      13
       8
      11
      12
       8
       7
      15
       5
      10
      10
       9
      13
       8
       9
       7
      15
      12
      12
       9
       7
      12
       8
       6
       8
      10
       7
       5
       3
      10
       9
       8
       9
       9
       5
      14
      11
       5
      12
       4
      10
      13
       8
       9
       7
       9
       8
       4
      12
       7
      15
       7
       9
       8
       9
      10
       8
      10
       9
       9
       3
       8
       9
       1
      11
       8
       9
       3
      13
       9
       7
       8
       5
       7
       8
      11
       5
      10
       8
       5
       4
      10
       9
       7
       6
       3
       3
      10
       9
       6
      10
       9
       4
       7
       7
      10
       7
      12
       6
       8
      10
      10
       9
       6
      11
      11
      11
       6
       6
       8
      17
       6
       7
      10
      10
      15
      16
      12
      12
       9
       8
       6
       7
       6
      11
      15
       7
      11
       4
       3
      13
      11
      11
       6
      11
      10
      10
       7
       4
      13
       7
       7
      10
      12
       8
      11
      20
       6
       9
       9
      10
      10
       6
       5
      10
      13
      11
      13
       4
      11
       7
       7
      12
       6
      10
       7
       5
       5
      13
      12
      11
       6
       9
       9
       9
       5
      10
       5
      12
       4
      11
       5
       7
       6
       6
      13
       8
       5
       6
      16
       5
      10
       7
      12
      10
       8
       8
      11
       9
      12
       7
       7
       4
       4
      10
      10
      13
       5
      13
       8
       9
      10
       6
       6
      10
      10
       5
       6
       5
       9
       6
       6
      12
       8
      10
      10
       6
       3
       8
      12
       4
       9
       7
      10
      13
       2
      10
       6
      12
       4
      11
       7
       8
       6
      12
       4
       6
       7
       9
      14
       7
      10
       6
       8
       6
      15
      16
       5
       7
       5
       8
       7
       8
       8
       9
       9
       8
      10
       4
      11
       8
       9
       3
      10
       7
      12
      11
       7
       4
      12
       5
       5
       3
      10
      11
       5
      10
      11
       7
       9
       3
      10
       6
       5
       6
      10
       7
      10
       8
       8
      10
      13
      15
       6
       8
       9
       6
       9
       7
       9
       8
       4
       4
       6
       9
      10
      17
       7
       7
      12
       6
       8
       9
       5
       7
       5
       4
       8
       4
      13
       8
      13
       9
      11
       8
       5
       7
       8
       6
      13
       9
       4
       4
      11
       7
       8
       5
       8
      14
       7
      14
      10
       3
      11
       9
       5
       3
       9
      13
       8
       8
      12
       3
       6
       7
       5
      12
       5
       8
       3
       4
      11
      11
      11
       7
       7
       8
      10
      11
       9
       3
       4
       3
       9
      10
      10
       8
       7
       7
       4
       7
       3
      12
       9
       9
       4
       9
       6
      15
       9
      10
       9
       7
      13
       6
      11
       7
      11
       7
       4
       5
      11
       8
       3
       9
       4
       8
       5
       6
      11
       5
       4
       5
       8
       4
       7
       8
       7
       7
       4
      10
      12
      11
       5
       9
      10
      10
       6
       6
       8
       6
       3
       3
       4
       0
       5
       7
       9
       5
       4
       6
      13
      11
      14
       6
       2
       9
       8
       8
      11
      10
       8
       7
       9
       7
       6
       5
      10
       4
       7
      10
       6
       9
       7
       9
      13
       9
       9
       7
       1
       8
       8
       2
       8
      11
       9
       6
       8
       6
      13
      11
       5
       5
       4
       6
       9
      11
       9
       8
       9
       4
       8
       4
       6
       3
      10
       5
       3
      11
       5
      10
       3
       5
       9
       8
       9
       6
       9
       8
       8
       6
       8
       9
       5
       5
       7
       6
       5
       8
      10
       2
       6
      10
       6
       7
       8
       5
      12
       6
       5
       9
       5
       6
       9
       4
       4
       8
       9
       7
       9
       7
       3
       6
      10
       8
       4
       5
       4
       9
       6
       9
       5
      11
       8
       3
      14
      10
      14
       7
       7
       5
       5
       9
       7
       5
       7
       4
       6
       8
      10
       7
      10
       5
       6
       9
      10
       4
       7
       6
       9
       4
       6
       9
       5
       8
       7
       7
       6
      11
       6
       8
       7
       9
      11
      11
       9
      11
       8
       5
       4
      12
      14
       6
       6
       5
       8
       9
       8
      10
      13
       9
       7
       7
       5
       5
       7
      10
       9
       7
       8
       8
       5
       5
       8
       6
       7
       8
      10
       6
       6
       4
       5
       7
       5
       4
       6
       7
      12
      10
       6
       8
       5
      12
      11
       8
       8
       4
       9
       8
       5
       9
       3
       7
      10
      10
       8
       3
      13
       6
       8
       7
       7
       4
       9
      12
       9
       4
       5
      10
       9
       7
      11
      12
       8
       9
       9
      12
       7
      10
       6
       6
       6
       4
      14
       7
       9
       5
       7
      12
       9
       6
     933
    1827
    1868
    1751
    1773
    1743
    1716
    1787
    1719
    1738
    1830
    1801
    1798
    1753
    1805
    1736
    1767
    1795
    1739
    1832
    1797
    1833
    1828
    1761
    1771
    1804
    1724
    1774
    1786
    1838
    1837
    1739
    1784
    1808
    1861
    1771
    1817
    1826
    1806
    1779
    1746
    1822
    1761
    1802
    1832
    1866
    1884
    1837
    2023
    2776
    7439
   18951
   26611
   41339
   46575
   39833
   14364
    4513
    2794
    2357
    2026
    1821
    1629
    1456
    1307
    1214
    1051
    1019
     999
     852
     796
     785
     773
     721
     692
     653
     600
     602
     540
     539
     553
     533
     504
     493
     454
     435
     377
     359
     344
     324
     362
     383
     393
     376
     375
     338
     290
     276
     270
     123
     102
      75
      79
      88
      72
      84
      81
      71
      86
      76
      66
      74
      69
      60
      82
      81
      69
     101
      69
      63
      82
      84
      70
      64
      68
      79
      65
      68
      76
      75
      71
      79
      78
      78
      57
      69
      62
      87
      73
      89
      93
      91
      90
      93
     115
     122
     115
      97
     122
     122
     137
     145
     223
     380
     588
     332
      17
       0
       1
       1
       0
       1
       0
       0
       0
       0
       0
       0
       0
       0
       0
       0
       0
       0
       0
       0
       0
       0
       0
       0
       0
       0
       0
       0
       0
$ROI:
8
716 740
790 813
936 966
1004 1056
1758 1840
3204 3261
3625 3738
7213 7240
$PRESETS:
None
0
0
$ENER_FIT:
16.926600 0.356339
$MCA_CAL:
3
1.692660E+001 3.563390E-001 4.233990E-007 keV
$SHAPE_CAL:
3
4.543900E+000 0.000000E+000 0.000000E+000
