$SPEC_ID:
bkgd
$SPEC_REM:
DET# 1
DETDESC# DESKTOP-I9R95QV 926
AP# Maestro Version 7.01
$DATE_MEA:
04/23/2025 18:14:14
$MEAS_TIM:
161162 161187
$DATA:
0 8191
       0
       0
       0
       0
       0
       0
       0
       0
       0
       0
       0
       0
       0
       0
       0
       0
       0
       0
       0
       0
       0
       0
       0
       0
       0
       1
       8
      48
     124
     309
     395
     378
     390
     380
     351
     366
     343
     382
     367
     365
     309
     377
     391
     308
     367
     345
     357
     324
     318
     358
     374
     335
     375
     344
     388
     366
     371
     386
     339
     371
     312
     360
     414
     370
     392
     407
     413
     361
     340
     313
     366
     298
     372
     327
     352
     342
     319
     343
     299
     379
     366
     387
     362
     384
     346
     327
     325
     312
     326
     336
     326
     342
     356
     339
     359
     369
     346
     339
     389
     353
     352
     346
     367
     386
     445
     453
     495
     432
     355
     357
     339
     367
     395
     356
     383
     382
     344
     355
     387
     352
     364
     369
     375
     381
     393
     389
     447
     553
     509
     502
     487
     539
     668
     671
     639
     474
     444
     420
     481
     456
     404
     399
     326
     363
     361
     349
     380
     353
     396
     364
     368
     408
     362
     391
     435
     545
     537
     486
     479
     420
     407
     437
     445
     425
     426
     400
     382
     406
     417
     422
     400
     381
     421
     552
     692
     792
     663
     506
     409
     361
     349
     353
     365
     347
     380
     321
     350
     368
     366
     363
     362
     371
     377
     346
     330
     356
     382
     360
     359
     328
     352
     351
     393
     347
     388
     379
     392
     390
     386
     340
     337
     357
     402
     366
     389
     377
     389
     376
     389
     367
     402
     386
     427
     413
     406
     397
     389
     394
     381
     419
     360
     358
     380
     357
     385
     355
     349
     385
     394
     384
     398
     389
     439
     407
     357
     397
     390
     427
     410
     398
     391
     423
     428
     388
     411
     370
     385
     392
     416
     414
     416
     405
     459
     408
     454
     414
     423
     427
     404
     403
     424
     424
     395
     377
     408
     418
     418
     421
     433
     411
     420
     413
     403
     405
     394
     417
     440
     436
     425
     411
     417
     390
     406
     431
     436
     469
     468
     432
     419
     415
     376
     378
     427
     407
     411
     382
     422
     361
     406
     414
     435
     386
     423
     429
     435
     422
     446
     415
     399
     435
     429
     408
     410
     425
     459
     405
     407
     403
     432
     414
     427
     407
     419
     427
     419
     432
     434
     427
     438
     433
     409
     463
     426
     444
     420
     439
     409
     377
     387
     416
     395
     411
     383
     428
     396
     391
     430
     388
     445
     398
     424
     400
     400
     387
     441
     433
     378
     370
     391
     414
     423
     419
     404
     419
     416
     398
     422
     405
     410
     386
     431
     401
     380
     413
     406
     373
     376
     438
     413
     397
     423
     403
     399
     520
     581
     693
     703
     668
     485
     437
     426
     392
     375
     410
     427
     418
     400
     409
     424
     401
     412
     382
     420
     405
     390
     383
     390
     403
     363
     422
     372
     412
     402
     441
     395
     399
     401
     398
     372
     409
     408
     366
     415
     400
     392
     392
     429
     428
     407
     438
     435
     390
     409
     378
     377
     389
     402
     403
     384
     399
     421
     456
     429
     375
     365
     386
     369
     369
     408
     390
     385
     358
     361
     372
     400
     376
     371
     363
     374
     406
     393
     405
     375
     383
     386
     339
     376
     383
     381
     394
     365
     392
     339
     391
     377
     367
     366
     339
     369
     393
     380
     371
     368
     389
     391
     361
     366
     377
     373
     361
     359
     382
     392
     355
     372
     357
     386
     400
     375
     369
     350
     353
     376
     359
     408
     375
     362
     374
     422
     511
     628
     699
     655
     508
     386
     403
     375
     381
     422
     423
     367
     341
     342
     343
     315
     344
     362
     324
     326
     364
     342
     354
     348
     321
     316
     360
     365
     313
     327
     323
     326
     377
     316
     364
     346
     320
     351
     364
     321
     343
     316
     329
     357
     340
     343
     362
     325
     332
     349
     339
     324
     297
     319
     323
     282
     327
     331
     324
     315
     327
     327
     319
     328
     315
     325
     331
     313
     332
     291
     321
     329
     298
     291
     323
     344
     337
     357
     327
     330
     353
     318
     297
     332
     366
     312
     308
     288
     300
     304
     324
     344
     287
     339
     320
     357
     328
     332
     294
     287
     268
     327
     315
     302
     294
     322
     316
     291
     342
     286
     330
     324
     326
     322
     334
     296
     299
     315
     311
     320
     294
     287
     307
     293
     303
     288
     303
     323
     298
     307
     275
     314
     326
     311
     316
     349
     413
     374
     353
     276
     301
     270
     295
     263
     263
     310
     293
     324
     291
     294
     300
     261
     283
     322
     285
     300
     305
     290
     297
     301
     272
     303
     300
     267
     268
     284
     284
     320
     277
     291
     273
     296
     280
     279
     282
     256
     270
     249
     297
     286
     267
     291
     253
     286
     283
     295
     303
     279
     282
     240
     275
     282
     309
     294
     319
     285
     281
     298
     266
     283
     276
     282
     287
     258
     300
     298
     259
     249
     279
     334
     291
     266
     278
     292
     290
     327
     317
     280
     260
     307
     256
     279
     325
     275
     290
     254
     279
     260
     278
     277
     247
     251
     263
     248
     256
     298
     281
     329
     350
     335
     341
     288
     262
     300
     257
     250
     241
     277
     274
     262
     255
     260
     267
     273
     268
     232
     250
     274
     241
     279
     253
     248
     261
     241
     246
     249
     283
     279
     343
     424
     501
     516
     398
     312
     272
     253
     254
     246
     242
     229
     236
     243
     234
     278
     222
     213
     242
     238
     220
     246
     241
     255
     232
     214
     256
     259
     250
     214
     257
     223
     254
     215
     267
     230
     226
     227
     218
     228
     241
     246
     232
     234
     263
     245
     250
     266
     222
     230
     251
     237
     232
     240
     232
     213
     227
     236
     234
     261
     239
     261
     228
     210
     255
     216
     199
     254
     236
     239
     247
     219
     222
     253
     221
     213
     202
     227
     236
     220
     235
     227
     249
     249
     223
     179
     226
     241
     227
     235
     244
     224
     225
     199
     223
     237
     252
     220
     208
     216
     247
     211
     205
     243
     205
     221
     219
     207
     239
     195
     229
     207
     226
     237
     211
     237
     203
     206
     203
     224
     231
     201
     223
     218
     224
     189
     217
     225
     231
     212
     219
     234
     206
     229
     189
     247
     209
     199
     250
     198
     223
     215
     214
     227
     228
     233
     195
     237
     223
     216
     185
     226
     206
     217
     204
     213
     226
     202
     216
     198
     198
     217
     215
     218
     213
     192
     234
     199
     223
     196
     203
     190
     199
     202
     177
     202
     221
     203
     216
     195
     251
     190
     245
     192
     206
     203
     199
     220
     215
     217
     222
     204
     195
     197
     218
     206
     189
     193
     216
     204
     235
     190
     179
     199
     220
     199
     201
     218
     212
     190
     208
     190
     196
     188
     208
     212
     235
     198
     197
     185
     221
     185
     203
     216
     194
     190
     211
     207
     239
     199
     208
     209
     184
     200
     191
     182
     174
     197
     194
     177
     194
     188
     197
     216
     174
     193
     203
     200
     188
     196
     199
     183
     211
     194
     182
     194
     199
     188
     198
     187
     198
     168
     185
     196
     208
     238
     249
     193
     219
     209
     194
     178
     186
     182
     174
     160
     187
     173
     190
     176
     181
     199
     200
     168
     192
     169
     178
     175
     193
     188
     189
     170
     190
     186
     199
     174
     183
     215
     182
     172
     176
     186
     174
     181
     188
     198
     195
     199
     200
     222
     217
     192
     177
     173
     189
     172
     193
     177
     202
     175
     194
     156
     174
     191
     194
     186
     197
     166
     157
     159
     167
     186
     186
     194
     161
     187
     209
     176
     173
     194
     165
     152
     174
     158
     171
     183
     161
     183
     165
     207
     209
     185
     180
     157
     203
     173
     183
     185
     191
     190
     197
     183
     194
     194
     205
     191
     176
     156
     169
     201
     204
     219
     252
     265
     349
     484
     651
     886
     984
    1100
    1100
     897
     751
     482
     377
     326
     247
     218
     184
     181
     186
     189
     158
     157
     146
     154
     175
     157
     181
     156
     146
     149
     162
     157
     154
     165
     162
     175
     189
     147
     160
     196
     127
     183
     168
     160
     175
     137
     163
     156
     166
     138
     179
     156
     150
     163
     149
     150
     152
     122
     158
     162
     174
     159
     173
     179
     154
     150
     161
     159
     157
     144
     176
     146
     148
     146
     147
     173
     168
     157
     149
     171
     153
     172
     154
     132
     193
     170
     142
     152
     175
     181
     158
     183
     177
     180
     167
     175
     169
     146
     183
     162
     153
     153
     172
     184
     155
     160
     154
     156
     143
     154
     152
     147
     169
     149
     140
     170
     161
     159
     146
     168
     145
     162
     143
     174
     160
     156
     137
     155
     156
     149
     160
     175
     165
     133
     151
     139
     151
     167
     158
     156
     184
     160
     162
     171
     160
     170
     146
     153
     154
     169
     166
     162
     153
     156
     141
     152
     141
     161
     169
     130
     146
     142
     173
     158
     168
     146
     140
     168
     154
     179
     163
     157
     142
     166
     156
     207
     286
     354
     465
     447
     353
     249
     176
     135
     139
     154
     134
     151
     142
     139
     165
     142
     139
     127
     141
     166
     141
     145
     149
     139
     147
     128
     150
     144
     158
     138
     157
     167
     150
     157
     150
     156
     127
     136
     143
     144
     145
     151
     161
     152
     140
     141
     160
     144
     160
     155
     161
     150
     133
     140
     161
     148
     168
     141
     169
     131
     193
     259
     376
     539
     649
     625
     407
     296
     189
     140
     143
     145
     152
     129
     147
     121
     144
     141
     128
     130
     135
     127
     131
     168
     121
     136
     130
     119
     138
     148
     117
     130
     118
     121
     130
     139
     115
     135
     114
     116
     145
     135
     139
     154
     120
     139
     124
     134
     142
     127
     137
     114
     117
     148
     125
     118
     126
     147
     144
     127
     142
     148
     109
     139
     137
     121
     122
     149
     139
     143
     127
     120
     130
     126
     132
     117
     143
     134
     129
     128
     128
     136
     136
     126
     123
     143
     124
     148
     133
     137
     125
     136
     127
     122
     103
     131
     131
     141
     111
     126
     144
     146
     118
     144
     127
     135
     137
     115
     122
     134
     127
     115
     130
     117
     134
     123
     123
     129
     129
     114
     127
     130
     126
     122
     108
     116
     130
     143
     118
     173
     133
     142
     158
     131
     119
     136
     126
     154
     148
     137
     136
     121
     130
     130
     111
     129
     133
     125
     143
     115
     121
     105
     117
     132
     124
     120
     115
     138
     128
     115
     109
     128
     133
     129
     123
     139
     126
     120
     128
     101
     130
     122
     107
     114
     114
     123
     128
     126
     109
     112
     112
     102
     113
     128
     143
     115
     120
     126
     126
     130
     130
     121
     104
     147
      95
     122
     106
     119
     114
     127
     125
     114
     123
     121
     139
     114
     121
     109
     121
     106
     123
     115
     125
     113
     137
     124
     113
     123
     103
     129
     119
     126
     128
     129
     141
     109
     119
     132
     112
     123
     125
     124
     114
     138
     100
     105
     108
     111
     156
     111
     112
     127
     120
     103
     113
     108
     101
     122
     120
     120
     142
     105
     100
     117
     127
     107
     121
     108
     128
     121
     117
     127
     111
     104
     115
     113
     127
     117
     110
     134
     114
     123
      94
     120
     100
     115
     120
     108
     110
     123
     131
     138
     173
     165
     183
     181
     169
     136
     111
     113
     102
     110
     103
     100
     119
     108
     123
     111
     133
     111
     115
      98
     123
     103
     113
     116
     110
     112
      99
     108
     117
     113
     108
     110
     112
      98
     138
     109
     115
     111
     128
     118
     117
     116
     113
      95
      97
     104
     121
     109
     119
     108
     114
      91
     113
     121
     115
     107
     101
     101
     110
     109
     115
     115
     110
     115
     122
      99
     130
     116
     118
     122
     126
      97
      91
      98
     106
     118
     109
      94
     110
     109
     108
     108
     116
      96
     144
     121
     110
     103
     130
     128
     126
     110
     123
     140
     122
     120
     112
     151
     164
     180
     155
     150
     130
     109
     118
     129
     114
     105
     138
     122
     110
     104
     107
      90
     102
     100
     112
      90
      97
     114
     102
      98
      88
     100
     115
     105
      85
     106
      99
     103
      87
     110
     133
     130
     101
      97
     113
      97
     121
     133
     120
     108
     121
     103
     110
      91
     116
      99
      91
     105
     110
      97
     103
      98
     108
      92
     104
      93
      95
     123
     118
     143
     142
     158
     144
     127
     100
     111
      96
     101
      89
      95
     111
      92
     101
      92
     113
     113
     109
     115
     100
     116
     101
     111
     103
      96
     100
     106
     103
     120
     117
     103
     101
      85
     111
      96
     106
     103
      96
      94
     102
     100
      87
     102
     112
     107
     104
     100
      86
      92
     106
      79
     108
      96
      87
      77
      85
      96
      99
     101
      98
     109
      95
      99
      98
      92
     100
      90
      97
      99
      81
     104
     116
     106
      88
      77
     106
      99
      98
      95
      83
      97
     111
      98
     114
      99
     103
     104
      91
     107
     104
     108
     104
     112
      98
      94
     108
     112
     102
     111
     111
     100
      89
      98
     110
      95
     124
     107
     118
     102
     112
     100
      95
      89
     105
      85
      93
      96
      82
      96
     100
      81
      68
      82
      87
      83
     102
     110
      94
     108
      90
     108
      85
     114
      99
     108
      77
     106
      80
      89
      90
      83
      99
      80
     104
     105
      86
      76
      91
      93
      94
      89
      96
      93
     106
     109
     114
     156
     148
     137
     127
      89
      93
      88
     104
      86
      80
     113
      95
      93
     115
      94
      85
      83
      96
      95
      96
     102
      89
      93
      84
      66
      93
      89
      86
      84
      85
      73
      98
      87
      86
      94
      81
      82
      88
      91
     107
      92
      91
      93
      81
      95
      87
      93
     100
      92
      97
      91
      82
      89
      83
      87
      98
     111
     101
      83
     102
      82
      87
      97
      94
      94
     101
      88
      93
      84
      95
      96
      92
     115
      85
      80
     104
      88
      84
      88
     100
      71
      88
      79
      93
      95
      88
      80
      74
      93
     105
      90
     100
      76
     101
      84
      84
     108
      89
      80
      91
     102
      86
      86
      92
      86
      94
      84
      84
      97
      89
     114
      84
      88
      68
      88
      99
     106
     134
     220
     295
     378
     435
     323
     227
     167
     123
      93
      95
      88
      92
      80
      95
      95
      97
      72
     101
      76
      71
      74
      71
      76
      97
      87
      92
      73
      93
      87
      80
      73
      78
      84
      72
      83
      85
      74
      85
      90
      86
      57
      68
      81
      88
      71
      81
      71
      87
      75
      80
      81
      88
      85
      83
      92
     113
     107
     130
     103
     114
      78
      88
     102
      81
      78
      93
      83
      76
      89
      88
      72
      78
      99
      64
      91
      68
      84
      81
      98
      87
      72
      75
      80
      78
      74
      82
      86
      82
      75
      71
      82
      83
      88
      76
      99
      76
     102
      78
      87
      89
      83
      64
      76
      64
      77
      77
      80
      76
      92
      88
      83
      83
      76
      76
      89
      72
      94
      87
      88
      90
      84
      91
      89
     103
      79
      73
      78
      98
     141
     145
     165
     137
     124
      91
      94
      84
     117
     150
     236
     292
     286
     228
     179
     136
      87
      72
      89
      67
      81
      69
      89
      69
      68
      72
      70
      66
      73
      85
      64
      55
      76
      86
      77
      76
      76
      74
      73
      81
      71
      78
      66
      68
      86
      70
      85
      86
      72
      62
      62
      70
      78
      78
      75
      88
      87
      87
      68
      74
      77
      83
      78
      65
      65
      59
      79
      81
      78
      72
      83
      73
      69
      78
      55
      57
      73
      78
      75
      67
      73
      71
      73
      77
      94
     107
     119
     104
     117
     106
     110
      86
      76
      70
      74
      74
      73
      87
      76
      80
      68
      69
      74
      73
      75
      74
      69
      72
      74
      86
      60
      56
      59
      76
      70
      82
      68
      82
      74
      81
      63
      76
      66
      87
      80
      76
      62
      72
      79
      60
      66
      77
      72
      86
      79
      78
      67
      81
      74
      81
      62
      73
      74
      89
      84
      70
      67
      54
      87
      81
      72
      67
      62
      74
      82
      71
      69
      74
      67
      71
      72
      72
      79
      77
      76
      56
      81
      78
      69
      50
      64
      77
      83
      67
      86
      77
      66
      70
      68
      73
      59
      63
      70
      60
      68
      58
      80
      69
      61
      68
      74
      73
      77
      65
      82
      60
      71
      60
      55
      66
      69
      68
      66
      61
      77
      58
      62
      81
      70
      73
      72
      67
      72
      69
      68
      73
      70
      76
      65
      70
      73
      67
      77
      73
      71
      63
      66
      65
      62
      81
      78
      79
      72
      71
      65
      69
      72
      74
      77
      78
      62
      85
      71
      64
      76
      73
      72
      67
      77
      62
      66
      75
      72
      86
      83
      74
      75
      66
      66
      74
      58
      72
      59
      71
      63
      58
      68
      70
      58
      78
      64
      56
      82
      74
      68
      70
      76
      76
      61
      62
      65
      71
      80
      59
      69
      70
      59
      53
      64
      64
      70
      69
      69
      79
      81
      77
      60
      78
      57
      80
      67
      63
      60
      61
      74
      73
      70
      70
      68
      60
      64
      69
      73
      63
      78
      71
      85
      69
      67
      60
      72
      61
      66
      68
      82
      73
      74
      63
      67
      85
      48
      67
      73
      58
      90
      58
      59
      61
      77
      66
      64
      56
      66
      70
      55
      75
      78
      70
      82
      81
      69
      73
      63
      53
      52
      72
      73
      69
      61
      78
      74
      59
      88
      72
      80
      95
      90
     133
     189
     242
     260
     301
     241
     160
     111
      78
      64
      59
      48
      57
      68
      70
      69
      75
      62
      65
      63
      57
      71
      75
      70
      73
      63
      51
      65
      64
      65
      62
      75
      66
      60
      68
      61
      66
      64
      76
      57
      71
      65
      75
      72
      68
      65
      63
      55
      64
      62
      66
      63
      59
      60
      74
      64
      69
      73
      44
      66
      57
      79
      60
      60
      71
      61
      58
      77
      65
      62
      70
      63
      72
      65
      67
      65
      60
      71
      62
      64
      52
      82
      77
      84
      87
      88
      98
     109
      80
      78
      72
      67
      69
      70
      65
      61
      64
      59
      64
      44
      65
      60
      71
      64
      59
      68
      77
      68
      57
      53
      60
      62
      66
      72
      55
      65
      57
      57
      68
      63
      74
      54
      66
      58
      61
      68
      67
      77
      74
      60
      76
      82
      64
      82
      67
      65
      63
      66
      65
      64
      58
      68
      68
      55
      58
      50
      59
      54
      61
      76
      77
      67
      61
      60
      59
      54
      59
      53
      61
      65
      55
      55
      62
      66
      56
      76
      75
      76
      54
      56
      47
      52
      55
      69
      61
      45
      62
      61
      60
      73
      58
      67
      60
      59
      64
      58
      55
      56
      59
      47
      71
      66
      76
      60
      60
      74
      64
      60
      49
      75
      78
      58
      79
      81
      64
      49
      59
      61
      66
      73
      69
      82
      85
      79
      73
      66
      73
      67
      71
      63
      74
      48
      57
      53
      68
      62
      55
      62
      67
      57
      74
      59
      63
      67
      64
      78
      78
      53
      64
      58
      67
      55
      74
      63
      67
      61
      54
      45
      65
      74
      77
      57
      75
      67
      66
      55
      66
      54
      59
      65
      50
      74
      58
      60
      65
      67
      59
      57
      55
      62
      70
      59
      61
      77
      66
      71
      77
      72
      82
      84
     100
     154
     162
     162
     119
     123
      94
      65
      49
      83
      55
      51
      53
      55
      57
      63
      61
      42
      70
      64
      58
      56
      64
      58
      58
      63
      62
      59
      41
      71
      53
      57
      44
      60
      45
      53
      53
      54
      47
      67
      53
      57
      64
      49
      59
      63
      52
      57
      61
      52
      57
      64
      50
      53
      50
      46
      48
      44
      57
      35
      56
      58
      41
      54
      50
      51
      45
      51
      42
      48
      51
      56
      65
      51
      57
      60
      56
      45
      51
      57
      36
      48
      53
      40
      67
      66
      57
      59
      63
      61
      38
      55
      50
      57
      45
      49
      51
      57
      51
      60
      51
      63
      52
      58
      57
      81
      75
      67
      70
      51
      39
      43
      48
      40
      40
      42
      59
      44
      44
      67
      53
      54
      47
      56
      47
      49
      42
      46
      55
      54
      48
      42
      50
      49
      55
      39
      73
      45
      40
      44
      47
      50
      58
      69
      52
      41
      39
      51
      51
      46
      41
      50
      45
      56
      64
      67
      43
      54
      49
      40
      46
      35
      60
      42
      50
      42
      45
      38
      47
      55
      48
      55
      45
      62
      54
      47
      46
      45
      37
      40
      47
      49
      56
      43
      45
      47
      47
      61
      41
      39
      43
      51
      43
      49
      54
      37
      57
      39
      48
      41
      54
      42
      43
      40
      56
      43
      39
      44
      49
      33
      54
      42
      50
      38
      29
      46
      42
      49
      42
      46
      39
      35
      34
      36
      43
      48
      50
      48
      53
      47
      41
      38
      42
      43
      49
      39
      40
      48
      49
      48
      39
      58
      37
      42
      41
      35
      42
      35
      49
      41
      45
      34
      40
      47
      40
      52
      41
      46
      42
      42
      39
      46
      34
      39
      40
      35
      47
      44
      37
      48
      39
      39
      38
      42
      48
      46
      32
      45
      38
      43
      51
      38
      40
      30
      44
      32
      38
      48
      44
      36
      38
      49
      40
      45
      39
      41
      44
      39
      38
      37
      42
      26
      42
      38
      42
      42
      39
      33
      36
      37
      47
      32
      44
      39
      42
      31
      49
      47
      44
      50
      53
      47
      35
      36
      28
      56
      39
      44
      38
      58
      53
      74
      90
     114
     118
     108
      77
      49
      48
      45
      50
      38
      34
      37
      33
      44
      42
      29
      32
      37
      55
      59
      50
      48
      57
      44
      45
      36
      39
      39
      43
      45
      40
      30
      34
      49
      38
      39
      44
      46
      35
      40
      38
      27
      39
      39
      43
      32
      34
      40
      39
      32
      43
      40
      37
      32
      60
      33
      51
      50
      65
      50
      60
      36
      42
      39
      24
      40
      47
      42
      37
      50
      57
      50
      71
      86
      74
      62
      57
      42
      40
      35
      31
      42
      46
      35
      33
      36
      40
      37
      40
      34
      41
      32
      35
      28
      37
      42
      33
      35
      36
      32
      44
      42
      40
      39
      34
      36
      33
      38
      32
      37
      37
      34
      34
      42
      39
      38
      56
      41
      40
      50
      39
      30
      32
      38
      38
      41
      42
      43
      39
      28
      38
      34
      34
      35
      49
      38
      48
      39
      34
      51
      24
      34
      38
      39
      48
      46
      29
      38
      36
      36
      36
      32
      43
      40
      24
      34
      30
      42
      31
      39
      50
      31
      45
      34
      43
      40
      30
      40
      34
      39
      38
      29
      45
      32
      37
      32
      30
      38
      43
      39
      36
      40
      34
      36
      36
      36
      41
      38
      38
      45
      51
      65
      76
     119
     233
     447
     737
    1052
    1211
    1218
     954
     612
     347
     140
      73
      42
      48
      35
      26
      32
      27
      31
      40
      13
      27
      31
      26
      17
      29
      35
      37
      35
      29
      25
      27
      31
      28
      15
      26
      31
      29
      36
      30
      25
      29
      28
      30
      32
      34
      25
      22
      40
      32
      40
      36
      29
      27
      29
      29
      33
      33
      27
      28
      20
      26
      31
      19
      18
      26
      22
      34
      38
      30
      27
      39
      21
      27
      17
      35
      22
      25
      33
      31
      31
      24
      27
      29
      39
      30
      34
      41
      43
      39
      32
      36
      22
      37
      23
      29
      34
      41
      27
      50
      36
      28
      34
      23
      34
      30
      27
      35
      32
      29
      33
      34
      26
      20
      37
      31
      38
      37
      41
      47
      70
      60
      53
      38
      37
      35
      33
      32
      30
      38
      37
      23
      31
      24
      28
      22
      35
      32
      39
      23
      24
      27
      25
      21
      25
      35
      31
      25
      25
      35
      26
      23
      30
      24
      22
      35
      35
      31
      24
      32
      27
      24
      23
      24
      32
      17
      31
      30
      34
      24
      28
      20
      26
      26
      18
      32
      23
      31
      24
      36
      29
      27
      26
      20
      19
      22
      32
      34
      33
      33
      25
      30
      22
      26
      22
      28
      31
      28
      25
      20
      30
      28
      27
      31
      27
      18
      35
      37
      27
      18
      27
      30
      24
      23
      20
      25
      34
      27
      34
      25
      26
      31
      23
      27
      26
      25
      23
      21
      25
      28
      26
      33
      26
      34
      33
      32
      27
      31
      30
      31
      25
      19
      25
      22
      22
      19
      24
      30
      24
      23
      30
      31
      21
      16
      27
      22
      26
      25
      19
      34
      21
      25
      29
      29
      25
      22
      29
      27
      19
      23
      24
      25
      19
      17
      21
      21
      29
      24
      23
      26
      26
      22
      23
      19
      31
      20
      26
      23
      28
      33
      35
      30
      27
      28
      31
      39
      36
      32
      38
      24
      18
      32
      40
      45
      44
      58
      54
      62
      57
      45
      46
      28
      37
      28
      29
      43
      50
      52
      49
      45
      33
      32
      38
      30
      40
      32
      18
      22
      26
      28
      26
      30
      18
      29
      29
      26
      28
      19
      26
      30
      21
      24
      20
      37
      18
      29
      16
      22
      20
      21
      24
      15
      30
      27
      34
      20
      35
      18
      19
      24
      22
      26
      19
      18
      21
      28
      29
      27
      22
      21
      21
      18
      21
      20
      28
      26
      20
      23
      21
      30
      27
      29
      41
      31
      37
      35
      35
      34
      19
      14
      20
      28
      21
      21
      35
      19
      22
      20
      21
      23
      25
      26
      31
      22
      28
      30
      47
      34
      45
      48
      24
      24
      24
      27
      31
      17
      18
      20
      32
      33
      24
      32
      34
      22
      30
      31
      28
      17
      20
      19
      20
      17
      15
      25
      21
      17
      19
      18
      18
      17
      22
      20
       8
      23
      21
      21
      25
      24
      19
      29
      19
      31
      25
      15
      25
      21
      23
      22
      23
      19
      18
      23
      27
      17
      22
      26
      20
      22
      23
      23
      17
      27
      26
      18
      18
      26
      30
      28
      27
      46
      44
      38
      31
      23
      18
      22
      15
      23
      21
      19
      27
      22
      21
      20
      26
      22
      29
      17
      22
      27
      24
      21
      18
      19
      20
      22
      21
      12
      23
      30
      19
      20
      17
      16
      21
      19
      12
      23
      17
      16
      16
      25
      15
      24
      17
      22
      27
      19
      19
      18
      23
      32
      23
      33
      23
      25
      21
      18
      19
      17
      18
      23
      19
      28
      28
      25
      14
      26
      17
      19
      22
      19
      23
      18
      22
      22
      22
      23
      27
      26
      20
      15
      11
      19
      21
      26
      13
      20
      21
      13
      20
      15
      21
      12
      25
      22
      10
      16
      13
      16
      18
      18
      26
      27
      16
      20
      23
      27
      18
      13
      23
      17
      25
      15
      22
      20
      18
      18
      18
      19
      11
      13
      22
      15
      27
      22
      19
      19
      35
      24
      20
      21
      23
      27
      22
      14
      21
      21
      13
      16
      22
      16
      23
      12
      27
      22
      12
      21
      17
      16
      27
      20
      28
      27
      18
      28
      34
      42
      40
      63
      61
      55
      48
      59
      44
      23
      25
      11
      18
      18
      17
      25
      15
      22
      19
      15
      19
      17
      25
      16
      13
      19
      32
      10
      27
      17
      20
      11
      16
      18
      20
      25
      22
      22
      16
      13
      22
      20
      18
      15
      16
      18
      16
      21
      22
      19
      17
      19
      27
      36
      20
      18
      15
      27
      18
      13
      13
      19
      13
      22
      13
      16
      21
      15
      20
      17
      15
      19
      17
      18
      22
      15
      17
      25
      20
      20
      28
      41
      59
      89
     139
     218
     293
     292
     245
     182
     114
      65
      31
      28
      16
      21
      15
      25
      19
      15
      19
      28
      13
      16
      26
      13
      17
      19
      12
      18
      11
      21
       8
      20
      13
      18
      20
      18
      17
      22
      17
      13
      21
      15
       9
      20
      16
      13
      17
      21
      19
      17
      23
      14
      14
      12
      16
      14
      16
      14
      21
      16
      19
      21
      18
      23
      13
      17
      14
      18
      22
      11
      12
      14
      23
      16
      21
      16
      15
      26
      20
      11
      14
      23
      16
      25
      15
      16
      11
      15
      25
      17
      15
      13
      15
      20
      12
      16
      21
       9
      20
      10
      23
      12
      15
      17
      13
      15
      14
      21
      20
      16
      19
      14
      14
      13
      22
      14
      17
      20
      10
      16
      25
       8
      16
      18
      19
      16
      26
       8
      13
      15
      17
      21
      18
      17
      14
      20
      14
      19
      25
      25
      19
      20
      21
      16
      20
      17
      11
      18
      11
       9
      29
      15
      18
      14
      12
      16
      19
      19
      16
      20
      17
      14
      17
      16
      14
      16
       9
      12
      19
      21
      13
      24
      13
      13
      23
      23
      18
      17
      21
      33
      19
      13
      17
      22
      20
      18
      16
      19
      15
      10
      12
      11
      11
       8
      19
      18
      21
      32
      45
      55
      48
      54
      48
      30
      27
      20
      12
      17
      23
      14
      26
      11
      15
      14
      17
      15
      22
      16
      17
      12
      17
      17
      10
      18
      18
      18
      20
      14
      14
      22
      17
      20
      13
      13
      10
      14
      13
      19
      21
      19
      21
      14
      16
      14
      18
      23
      23
      21
      14
      21
      16
      13
      19
      18
      13
      21
      20
      21
      15
      25
      16
      19
      22
      14
      19
      18
      16
      21
      16
       9
      14
      16
      15
      15
      22
      21
      20
      14
      17
      15
      24
      13
      18
      20
      15
      13
      15
      16
       8
      19
      17
      16
      16
      18
       8
      11
      17
      12
      18
      13
      14
      23
      28
      15
      16
      22
      16
      16
      19
      16
      22
      19
      13
      16
      23
      22
      23
      26
      17
      20
      22
      20
      16
      21
      14
      16
      15
      15
      19
      16
      11
      23
      19
      12
      20
      20
      17
      16
      17
      13
      16
      18
      19
      13
      12
       8
      13
      20
      17
      14
      21
      18
      19
      17
      10
      12
      11
      19
      13
      21
      14
      16
      10
      12
      16
      14
      18
      19
      20
      18
      18
      22
      15
      13
      14
      17
      19
      16
      22
      22
      16
      19
      22
      16
      17
      15
      15
      18
      20
      18
      15
      17
      16
      17
      13
      17
      20
      15
      15
      14
      10
      16
      15
      17
      12
      30
      14
      20
      21
      15
      12
      21
      17
      27
      21
      13
      13
      15
      10
      11
      20
      18
      10
      17
      15
      12
      20
      12
      26
      19
      12
      16
      19
      16
      14
      21
      16
      16
      16
      23
      13
      10
      13
      14
      10
      16
      14
      16
      22
      17
      14
      13
      10
      19
      18
      22
      15
      12
      14
      19
      17
      15
      17
      14
       8
      18
      17
      10
      26
      15
      17
      14
      13
      18
      15
      11
      12
      19
      17
       8
      19
      10
      13
      12
      19
      15
      19
       8
      18
       9
      12
      12
      10
      18
      20
      15
      13
      16
      14
      17
      15
       9
      20
      11
       9
      16
      24
      17
      19
      20
      13
      14
      16
      15
      14
      11
      13
      18
      10
      14
      12
      14
      10
      11
      24
       9
      10
      20
      18
      15
      15
      18
      16
      10
      12
      11
      12
      14
      10
      13
      10
      18
      16
      14
      12
      14
      19
      15
      18
      14
      17
       7
      13
      18
      11
      16
      13
      12
      14
      12
      10
      22
      21
      17
      15
      12
      10
      15
      17
      15
      18
      12
      19
      10
      20
      16
      17
      13
      13
      17
      16
       8
      15
      12
      20
      15
      17
      10
      11
      16
      16
      19
      20
      15
      13
      11
      23
      14
      19
      18
      14
      13
       7
      10
      12
      12
      12
      14
      13
      15
      13
      10
      15
      14
      12
      14
      18
      10
      17
      12
      12
      13
      10
      21
      10
      10
      15
      19
      14
      18
      13
      11
      15
      14
       7
      12
      15
      14
      18
      13
      16
      12
      19
      15
       8
      17
      15
      16
      17
      12
      15
      20
      17
      15
      11
      12
       8
      12
      13
      21
      12
      13
      16
      15
      12
      16
      12
      19
      14
      20
      11
       9
      15
       9
      16
       9
       8
      17
      15
      16
      13
      17
      13
      14
      13
      22
      14
      16
      17
      12
      13
      17
      11
      15
      21
      16
      15
      12
      10
       9
      20
      15
      20
      16
      12
      16
      16
      23
       9
      12
      16
      15
      10
       9
      18
      13
      17
      10
      22
      17
      10
      15
      13
      19
       6
      29
      12
      13
      18
      14
      12
      11
      16
      13
      11
      18
      16
       9
      10
      12
      11
      16
      11
      12
      11
       8
      12
      19
      16
      16
      18
      14
      14
      12
      11
       7
      16
      12
      10
      11
      16
      16
      16
      10
      22
      19
      12
      16
      11
      16
      25
      15
      11
      11
      22
      19
      15
      16
      17
      17
      11
      14
      13
      13
      15
      15
       9
      16
      12
      17
      15
      11
      16
      12
      10
      19
      26
      33
      42
      60
      62
      58
      67
      64
      58
      37
      41
      16
      24
      10
      21
      15
      19
       6
      15
      19
       8
      19
      21
      17
      14
       9
      17
      17
      18
      19
      16
      10
      15
      12
      19
      14
      12
      14
      17
      24
      40
      30
      34
      17
      28
      20
      18
      19
      14
      12
      19
      15
      11
      16
      11
       9
      15
      13
      14
      17
      15
       8
      19
      13
      20
       7
      18
       9
      12
      17
      20
      12
      14
      11
      15
      16
      19
      17
      13
       8
      15
      12
      16
      12
      19
      12
      11
      13
      16
       9
       7
      14
      17
      18
      11
      11
      12
      18
      18
      12
       9
      16
      22
      12
      16
      12
      13
      16
      14
      15
      14
      15
      13
       9
      13
      11
       4
      12
      18
      16
      11
      12
      10
       7
      18
      12
      10
      13
      11
      20
      17
       8
      12
      17
      17
      21
      21
      13
      13
       5
      17
      16
      12
      22
      13
      15
       8
      14
      15
      21
      20
      12
      25
      13
      20
      15
      10
      10
      17
       9
       9
      15
      11
      16
      14
      11
      18
      15
      12
      16
      11
      17
      15
      12
       5
      12
       7
      17
      11
       9
       7
      13
      12
      12
      18
      16
      13
      12
      16
      14
      13
      11
       6
      13
      13
      12
       8
      11
      15
      17
      16
      10
      13
      12
      10
      18
      14
      21
      17
      17
      25
      16
      15
      12
      16
      13
      12
      16
      14
      15
      14
      12
      14
      13
      14
       8
      10
      10
      11
      20
      12
      15
      15
      11
      13
      25
      17
      28
      47
      62
      66
      88
     100
      86
      67
      48
      29
      23
      26
      19
      17
      11
      18
      15
      12
      10
      12
      20
      14
      14
      14
      12
      13
      10
       7
      10
      14
      12
      14
      21
      15
      18
      12
      12
      17
      15
      11
      10
       4
      16
       9
      10
      20
      16
      16
      12
      15
      14
      14
      10
      26
      12
      25
      14
      15
      15
      16
      15
      22
      15
      12
      16
      10
      15
      12
      10
      13
      15
      15
      15
      11
      11
      19
      15
      11
      13
      16
      16
      15
      15
      18
      15
      13
       9
      14
       9
       6
      15
      12
      11
      16
      18
      12
      12
      14
      11
      10
      18
       9
       7
      12
      13
      18
      12
      11
       9
      11
      14
      18
       7
      15
      12
      10
      10
       9
      18
      17
       9
      10
      14
      13
      11
       9
      19
      14
      11
       5
      11
      11
      14
      16
      16
      12
      11
      13
      11
      11
      21
      15
      15
      11
      10
      14
      16
      16
      11
      10
      10
      17
      14
      15
      11
      11
       9
      12
      11
      14
      20
      17
      19
      11
      11
       8
      20
      13
      13
      11
      16
      16
      11
      24
      16
      13
      13
      16
      12
       9
      13
      13
      19
      15
      19
      13
      14
      19
      14
      14
      14
      14
      11
      15
      15
       8
      18
      13
      11
      13
      24
      12
      14
      14
      20
      10
      20
       9
      15
      17
      14
       9
      25
      30
      16
      26
      15
      15
      10
      17
      19
      14
      14
      14
       8
      12
      13
      11
       9
       8
      14
      15
      18
       5
      19
       8
      17
      22
      14
      26
       9
      19
      17
      11
      19
      16
       9
      11
      14
      17
      18
      13
      17
      17
      11
      13
      15
      14
      11
      19
      16
      13
      14
      10
      16
      16
      12
      11
       8
      12
      12
      15
      14
      18
      13
      19
      20
      11
      11
      14
      16
      14
      12
      12
      11
      17
      14
      20
      13
      14
      16
      15
      14
       8
      14
      23
      14
      14
      14
      14
      11
      15
      17
      10
      17
      10
      14
      16
      15
      12
       8
      11
      17
      13
      13
      15
      10
      17
      16
      20
      21
      10
      13
      19
      18
      20
      21
       9
      17
      11
      23
      13
      18
       9
      15
      16
      11
       7
       9
      16
      21
       9
      19
      10
       7
      17
      15
      23
       7
      18
      18
       8
      16
      14
      13
      17
      13
      16
      18
      17
       8
      15
      13
      14
      20
      10
       8
      20
      13
      15
      15
      17
      12
      15
      19
      11
      26
      14
      12
      20
      15
      12
      13
      16
      11
      15
      13
      18
      10
       7
      15
      19
      15
      14
      13
      13
      15
      15
      16
      10
      15
      15
      12
      12
      15
       8
      12
      17
      18
      16
      18
      12
      22
      13
      10
      13
      11
      15
      23
      18
       9
      10
      11
      13
      11
      22
      13
      10
      11
      14
      13
      17
      10
      15
      15
      13
      14
      14
      14
      12
      18
       6
      13
      12
       9
       9
      16
      12
      11
       9
      14
      10
      15
      10
      10
      19
      13
      11
      17
      11
      15
      12
      16
       9
      17
      14
      12
      10
      13
       7
      17
      15
      12
      11
      10
       6
       8
       9
      10
       7
      11
      13
       9
      12
      13
       8
       9
       4
      11
       7
       9
      13
      21
       9
       7
      13
      13
      15
       7
      12
       7
      12
       3
      13
      12
      10
      11
      11
       8
      13
      12
       9
       9
       7
       9
       8
       8
      11
      14
      11
       9
       8
      12
      23
       6
      15
       8
       5
       9
      11
      11
      14
       4
       9
       8
       6
       3
      14
      13
      19
      11
      12
      10
       5
      14
       6
       6
      11
      10
      11
       7
      16
      14
       7
       8
      13
      14
       9
      10
      15
      14
      12
       9
       8
      11
       9
      13
      16
      13
       7
      16
      14
      14
      32
      28
      27
      30
      27
      19
      21
      17
      10
      11
       5
      14
       8
      13
       6
      11
       9
       8
      10
       7
       6
      10
       8
       9
      13
      12
       5
      12
      10
       8
      12
      13
      11
       3
       9
      10
      11
       8
       7
      12
      11
       7
      10
       8
       9
       6
       9
       7
       4
       8
       6
      11
      13
       6
       7
       8
       4
      10
      11
       5
       8
      10
       9
       6
       9
      10
      11
       8
       9
       7
      10
       9
       3
      11
       4
       3
       9
      11
       8
       6
       6
      10
       9
       9
       6
       7
       6
       9
       7
       8
       8
      13
       6
       6
      13
       8
       6
      13
       4
       7
       7
       4
       9
      11
      10
      17
      10
       6
      10
       6
       9
      10
       6
       2
       7
       8
       4
       6
       6
       5
       9
       7
      10
       6
       3
       4
      11
       5
       9
       4
      11
       3
       6
       4
       6
       6
       9
       8
       6
       5
      10
       4
       5
      13
       8
       8
       5
       5
       5
      11
       5
       5
       5
       6
       5
       6
       3
       7
       2
       9
       7
       9
       5
       4
       6
      10
       5
       7
       3
       7
       4
       5
       8
       9
       6
       6
       4
       4
       9
       6
       8
       4
       4
       5
       7
       7
       5
       4
       5
       4
       5
       7
       5
       2
       3
       8
       5
       3
       8
       6
       6
       4
       7
       1
       4
       6
       9
       4
       7
       8
       2
       8
       8
       6
      10
       7
       2
       7
       7
       5
       5
       7
       2
      10
      10
       5
      10
       6
       5
       4
       4
       6
       7
       8
       4
      10
      12
       4
      11
       7
       4
       4
       5
       6
       3
       8
       9
       4
       6
       5
       6
       4
       2
       2
       3
       7
       5
       4
       6
       7
       7
      12
       6
       6
       4
       9
       6
       4
       8
       8
       2
       5
       5
       7
       6
       4
       4
       7
       8
      11
       5
       6
       5
       5
       5
       3
       4
       9
       4
       4
       6
       6
       9
       2
       5
       6
       5
       7
       7
       7
       5
       8
       6
       3
       4
      10
       4
       5
      10
       3
       3
       6
       4
       6
       8
       6
       8
       5
       5
       9
       3
       4
       4
       5
       6
       5
       7
       5
       6
       5
       7
       4
       4
       3
       6
       4
       9
       8
       8
       4
       4
       3
       8
       7
       3
       4
       5
       9
       5
      11
       7
       2
      11
      10
       6
       6
       6
      10
      10
       7
       3
       5
       1
       6
       5
       5
      11
       6
       5
       7
       5
       7
       8
       4
       9
       7
       5
      11
       8
       7
       8
       8
      10
       9
      12
      20
      34
      56
     111
     161
     200
     341
     447
     428
     448
     371
     305
     174
     110
      68
      28
       8
       6
       3
       1
       6
       3
       6
       3
       2
       2
       4
       3
       5
       7
       4
       3
       4
       6
       4
       6
       5
       4
       8
       4
       2
       8
       2
       4
       5
       3
       4
       5
       3
       5
       3
       4
       4
       8
       1
       2
       5
       1
       3
       4
       1
       2
       4
       9
       1
       3
       5
       2
       2
       3
       5
       3
       7
       5
       2
       4
       4
       1
       3
       5
       1
       2
       2
       2
       3
       9
       3
       4
       4
       5
       6
       4
       3
       4
       3
       3
       3
       1
       4
       4
       4
       5
       5
       5
       3
       6
       5
       2
       8
       8
       7
       4
       3
       5
       4
       2
       3
       5
       3
       3
       2
       6
       1
       2
       3
       5
       4
       4
       3
       4
       4
       4
       5
       5
       6
       2
       5
       3
       7
       2
       2
       5
       4
       6
       5
       2
       1
       5
       3
       2
       3
       3
       4
       5
       4
       4
       9
       4
       4
       3
       2
       3
       4
       4
       4
       4
       3
       5
       7
       2
       2
       5
       2
       4
       8
       2
       1
       4
       1
       1
       4
       2
       6
       2
       3
       4
       7
       5
       3
       2
       4
       1
       7
       7
       3
       5
       8
       4
       5
       4
       4
       3
       5
       2
       1
       4
       0
       8
       7
       6
       3
       3
       3
       4
       4
       3
       2
       3
       2
       2
       5
       3
       3
       2
       3
       2
       3
       3
       4
       4
       4
       7
       4
       5
       2
       0
       2
       5
       4
       4
       3
       5
       6
       3
       7
       1
       0
       6
       4
       4
       5
       3
       3
       3
       2
       2
       4
       2
       7
       2
       5
       4
       6
       1
       4
       3
       4
       5
       3
       2
       4
       2
       7
       1
       6
       4
       8
       2
       8
       5
       4
       4
       3
       5
       4
       4
       3
       5
       6
       2
       3
       6
       2
       2
       3
       4
       6
       8
       6
       4
       4
       4
       6
       7
       1
       7
       5
       5
       6
       3
       2
       2
       3
       4
       3
       4
       2
       4
       2
       0
       3
       2
       2
       3
       3
       6
       6
       0
       4
       5
       3
       7
       2
       2
       5
       4
       2
       4
       2
       2
       4
       6
       0
       2
       1
       3
       3
       5
       0
       4
       4
       1
       1
       4
       4
       5
       5
       6
       2
       4
       8
       4
       3
       1
       5
       5
       7
       6
       2
       0
       1
       4
       6
       2
       9
       1
       3
       0
       1
       6
       3
       3
       0
       1
       2
       2
       2
       1
       1
       5
       4
       3
       4
       5
       2
       2
       2
       3
       1
       1
       0
       4
       3
       3
       2
       3
       4
       3
       5
       5
       4
       5
       3
       3
       3
       1
       6
       6
       4
       4
       3
       5
       1
       2
       6
       5
       2
       3
       2
       5
       8
       1
       6
       4
       5
       3
       5
       4
       3
       4
       4
       0
       4
       2
       2
       3
       3
       0
       6
       0
       1
       2
       3
       2
       5
       2
       3
       1
       5
       6
       6
       2
       3
       4
       1
       2
       1
       3
       8
       3
       5
       0
       6
       1
       3
       1
       1
       5
       2
       5
       3
       8
       4
       2
       3
       3
       3
       1
       1
       3
       5
       4
       2
       3
       2
       3
       2
       2
       3
       3
       5
       1
       3
       2
       6
       3
       2
       5
       3
       6
       4
       6
       3
       3
       5
       4
       2
       0
       3
       6
       2
       5
       6
       2
       2
       2
       3
       3
       3
       2
       3
       2
       2
       3
       3
       5
       3
       6
       3
       6
       3
       5
       5
       3
       6
       5
       7
       8
       4
       3
       5
       4
       2
       3
       5
       7
       2
       3
       7
       5
       1
       4
       5
       8
       4
       5
       1
       6
       1
       5
       5
       4
       3
       1
       3
       5
       5
       3
       3
       4
       5
       6
       8
       3
       5
       0
       0
       6
       1
       2
       5
       5
       4
       4
       1
       3
       4
       2
       1
       2
       8
       4
       5
       3
       4
       2
       8
       4
       2
       4
       5
       2
       4
       5
       3
       3
       2
       1
       4
       4
       2
       6
       2
       1
       4
       6
       4
       3
       4
       4
       3
       1
       3
       4
       4
       4
       5
       2
       1
       5
       2
       3
       1
       5
       1
       7
       1
       8
       4
       2
       2
       1
       3
       3
       2
       1
       2
       2
       3
       2
       1
       3
       2
       3
       3
       5
       2
       2
       2
       0
       0
       2
       2
       6
       1
       1
       3
       3
       3
       1
       4
       4
       1
       4
       4
       4
       4
       2
       3
       1
       3
       6
       1
       2
       3
       4
       5
       3
       1
       2
       5
       4
       3
       2
       2
       3
       1
       1
       7
       5
       6
       0
       4
       2
       1
       4
       4
       1
       4
       2
       4
       7
       1
       4
       6
       4
       2
       1
       3
       1
       3
       5
       1
       1
       3
       8
       3
       2
       5
       2
       4
       1
       3
       1
       4
       4
       4
       5
       2
       1
       3
       4
       8
       2
       7
       3
       5
       2
       3
       1
       3
       4
       0
       4
       4
       3
       7
       4
       1
       4
       1
       3
       5
       4
       4
       2
       3
       1
       3
       3
       4
       5
       6
       1
       5
       3
       2
       1
       2
       3
       4
       4
       3
       4
       2
       3
       0
       3
       3
       4
       4
       5
       1
       3
       6
       3
       1
       7
       4
       4
       6
       2
       2
       7
       1
       4
       6
       3
       4
       2
       4
       1
       2
       4
       3
       4
       2
       3
       7
       1
       3
       1
       2
       2
       4
       6
       3
       3
       5
       4
       6
       5
       2
       2
       3
       3
       7
       3
       5
       4
       5
       6
       6
       4
       2
       3
       4
       5
       1
       2
       4
       4
       2
       2
       7
       4
       9
       1
       3
       4
       0
       1
       3
       1
       3
       3
       2
       3
       2
       3
       5
       3
       4
       2
       4
       1
       4
       3
       0
       1
       4
       3
       3
       6
       3
       2
       3
       5
       1
       5
       3
       3
       3
       2
       3
       0
       6
       1
       3
       4
       6
       1
       3
       4
       3
       4
       1
       1
       4
       2
       2
       3
       5
       2
       1
       3
       1
       4
       2
       4
       6
       5
       4
       4
       4
       2
       5
       3
       2
       2
       7
       4
       3
       4
       5
       2
       2
       2
       4
       2
       5
       6
       8
       3
       3
       2
       2
       5
       5
       2
       3
       4
       3
       6
       2
       1
       3
       3
       2
       3
       1
       1
       1
       2
       3
       5
       4
       1
       2
       2
       6
       2
       4
       2
       3
       5
       2
       2
       3
       2
       3
       1
       1
       2
       3
       6
       3
       3
       3
       3
       1
       4
       6
       2
       4
       1
       1
       4
       7
       1
       1
       4
       2
       2
       1
       0
       3
       0
       4
       3
       5
       2
       5
       3
       5
       4
       4
       2
       5
       2
       4
       4
       1
       4
       4
       2
       5
       2
       4
       2
       2
       2
       2
       2
       3
       2
       0
       4
       3
       8
       3
       5
       3
       0
       2
       2
       4
       2
       2
       2
       2
       5
       1
       2
       1
       2
       1
       4
       1
       5
       1
       3
       0
       4
       2
       4
       4
       6
       2
       1
       3
       2
       3
       2
       2
       2
       3
       3
       1
       3
       9
       3
       4
       2
       7
       1
       4
       6
       7
       2
       2
       4
       1
       5
       2
       0
       3
       2
       3
       2
       2
       2
       2
       3
       2
       3
       1
       8
       5
       8
       6
       6
       2
       2
       6
       0
       3
       3
       4
       2
       3
       6
       3
       4
       3
       5
       2
       2
       3
       5
       3
       4
       3
       1
       2
       3
       0
       2
       2
       3
       6
       2
       4
       3
       2
       5
       2
       1
       2
       5
       0
       1
       1
       0
       1
       1
       5
       3
       3
       3
       1
       6
       2
       2
       2
       2
       2
       3
       8
       2
       3
       8
       2
       3
       1
       5
       3
       4
       7
       2
       1
       3
       4
       4
       5
       2
       3
       7
       1
       4
       5
       3
       1
       5
       0
       2
       4
       5
       1
       5
       3
       1
       7
       2
       2
       4
       7
       1
       5
       3
       3
       6
       4
       2
       2
       1
       3
       2
       1
       4
       3
       2
       2
       3
       3
       2
       2
       2
       5
       2
       3
       2
       7
       5
       0
       2
       2
       5
       3
       3
       7
       4
       2
       3
       4
       6
       5
       1
       3
       3
       6
       2
       0
       3
       1
       5
       5
       4
       4
       5
       7
       3
       5
       3
       2
       3
       3
       1
       0
       4
       3
       5
       1
       6
       6
       4
       2
       4
       5
       1
       3
       1
       2
       2
       3
       4
       2
       2
       2
       3
       3
       4
       4
       4
       3
       0
       0
       3
       4
       5
       2
       4
       1
       0
       4
       2
       3
       2
       4
       6
       2
       4
       0
       7
       6
       1
       1
       1
       2
       2
       0
       4
       2
       1
       3
       3
       4
       4
       3
       2
       1
       5
       1
       1
       5
       1
       3
       1
       3
       3
       2
       2
       3
       3
       2
       0
       2
       2
       1
       5
       3
       6
       3
       3
       1
       6
       2
       3
       5
       3
       5
       4
       4
       1
       5
       4
       3
       4
       5
       6
       6
       2
       2
       4
       2
       1
       4
       6
       0
       4
       1
       1
       3
       0
       5
       4
       3
       3
       4
       2
       3
       2
       4
       1
       2
       2
       3
       1
       3
       1
       5
       0
       2
       1
       2
       2
       5
       2
       3
       4
       3
       4
       2
       1
       1
       3
       6
       0
       3
       3
       1
       3
       0
       5
       4
       1
       3
       2
       5
       1
       1
       2
       4
       5
       4
       3
       6
       3
       4
      29
     141
     645
    1398
    4588
   11930
   20804
   21676
   12100
    8282
   12577
    6044
    2183
    1591
    1330
    1185
    1083
     944
     852
     744
     638
     561
     466
     377
     324
     265
     233
     201
     206
     221
     239
     210
     197
     207
     199
     181
     168
     175
     191
     155
     139
     137
     106
     137
      99
     110
     119
     100
      94
      93
     111
      94
      92
     102
     101
      69
      61
      38
      24
      15
       4
       2
       4
       2
       1
       6
       3
       9
       8
       3
       1
       6
       3
       4
       7
       4
      12
       9
       7
      11
      10
      11
      16
      19
      23
      21
      23
      28
      36
      21
      30
      35
      43
      34
      42
      25
      37
      49
      38
      33
      40
      39
      52
      47
      51
      41
      49
      58
      55
      60
      81
      79
      74
      85
      90
     111
      99
      90
     140
     126
     130
     116
     109
      76
      48
      51
      31
      14
       5
       4
       2
       3
       2
       0
       0
       0
       0
       1
       3
       0
       0
       0
       1
       0
       0
       2
       0
       0
       0
       0
       0
       0
       0
       0
       0
       0
       0
       0
       0
       0
       0
       0
       0
       0
       0
       0
       0
       0
       0
       0
       0
       0
       0
       0
       0
       0
       0
       0
       0
       0
       0
       0
       0
       0
       0
       0
       0
       0
       0
       0
       0
       0
       0
       0
       0
       0
       0
       0
       0
       0
       0
       0
       0
       0
       0
       0
       0
       0
       0
       0
       0
       0
       0
       0
       0
       0
       0
       0
       0
       0
       0
       0
       0
       0
       0
       0
       0
       0
       0
       0
       0
       0
       0
       0
       0
       0
       0
       0
       0
       0
       0
       0
       0
       0
       0
       0
       0
       0
       0
       0
       0
       0
       0
       0
       0
       0
       0
       0
       0
       0
       0
       0
       0
       0
       0
       0
       0
       0
       0
       0
       0
       0
       0
       0
       0
       0
       0
       0
       0
       0
       0
       0
       0
       0
       0
       0
       0
       0
       0
       0
       0
       0
       0
       0
       0
       0
       0
       0
       0
       0
       0
       0
       0
       0
       0
       0
       0
       0
       0
       0
       0
       0
       0
       0
       0
       0
       0
       0
       0
       0
       0
       0
       0
       0
       0
       0
       0
       0
       0
       0
       0
       0
       0
       0
       0
       0
       0
       0
       0
       0
       0
       0
       0
       0
       0
       0
       0
       0
       0
       0
       0
       0
       0
       0
       0
       0
       0
       0
       0
       0
       0
       0
       0
       0
       0
       0
       0
       0
       0
       0
       0
       0
       0
       0
       0
       0
       0
       0
       0
       0
       0
       0
       0
       0
       0
       0
       0
       0
       0
       0
       0
       0
       0
       0
       0
       0
       0
       0
       0
       0
       0
       0
       0
       0
       0
       0
       0
       0
       0
       0
       0
       0
       0
       0
       0
       0
       0
       0
       0
       0
       0
       0
       0
       0
       0
       0
       0
       0
       0
       0
       0
       0
       0
       0
       0
       0
       0
       0
       0
       0
       0
       0
       0
       0
       0
       0
       0
       0
       0
       0
       0
       0
       0
       0
       0
       0
       0
       0
       0
       0
       0
       0
       0
       0
       0
       0
       0
       0
       0
       0
       0
       0
       0
       0
       0
       0
       0
       0
       0
       0
       0
       0
       0
       0
       0
       0
       0
       0
       0
       0
       0
       0
       0
       0
       0
       0
       0
       0
       0
       0
       0
       0
       0
       0
       0
       0
       0
       0
       0
       0
       0
       0
       0
       0
       0
       0
       0
       0
       0
       0
       0
       0
       0
       0
       0
       0
       0
       0
       0
       0
       0
       0
       0
       0
       0
       0
       0
       0
       0
       0
       0
       0
       0
       0
       0
       0
       0
       0
       0
       0
       0
       0
       0
       0
       0
       0
       0
       0
       0
       0
       0
       0
       0
       0
       0
       0
       0
       0
       0
       0
       0
       0
       0
       0
       0
       0
       0
       0
       0
       0
       0
       0
       0
       0
       0
       0
       0
       0
       0
       0
       0
       0
       0
       0
       0
       0
       0
       0
       0
       0
       0
       0
       0
       0
       0
       0
       0
       0
       0
       0
       0
       0
       0
       0
       0
       0
       0
       0
       0
       0
       0
       0
$ROI:
0
$PRESETS:
None
0
0
$ENER_FIT:
19.487907 0.420274
$MCA_CAL:
3
1.948791E+001 4.202737E-001 4.956080E-007 keV
$SHAPE_CAL:
3
2.607346E+000 7.693535E-004 -3.225620E-008
