$SPEC_ID:
Background_Lab7
$SPEC_REM:
DET# 1
DETDESC# Rayleigh
AP# Maestro-PRO Version 9, 0, 2, 0
$DATE_MEA:
10/20/2025 14:40:52
$MEAS_TIM:
171288.52 171505.94
$DATA:
0 8191
       0
       0
       0
       0
       0
       0
       0
       0
       0
       0
       0
       0
       0
       0
       0
       0
       0
       0
       0
       0
       0
       0
       0
       0
       0
       1
       8
      65
     154
     664
     995
    1002
     966
     995
     894
     947
     963
     954
     934
     931
     941
     935
     935
     941
     922
     888
     915
     902
     924
     891
     845
     865
     872
     892
     921
     868
     823
     839
     824
     875
     832
     833
     908
     888
     842
     871
     909
     847
     854
     851
     803
     856
     850
     852
     835
     870
     854
     849
     859
     888
     830
     810
     849
     869
     969
     986
     806
     837
     896
     834
     802
     835
     817
     829
     770
     861
     823
     814
     886
     807
     831
     877
     799
     868
     886
     842
     796
     861
     848
     803
     872
     865
     875
     821
     833
     890
     901
     884
     839
     888
     911
     889
     963
     932
     908
     967
     977
     944
     965
     984
    1139
    1283
    1323
    1047
     953
    1021
     979
     945
     994
     974
    1001
    1010
    1033
     958
    1072
    1041
     998
    1016
    1010
    1054
    1068
    1125
    1089
    1112
    1078
    1174
    1229
    1322
    1384
    1333
    1305
    1527
    2067
    2869
    2809
    1736
    1386
    1423
    2076
    3272
    3687
    2149
    1182
    1033
     981
    1008
    1049
    1021
     993
    1027
    1097
    1140
    1023
    1025
    1027
     973
    1087
    1145
    1381
    1507
    1490
    1403
    1181
    1112
    1029
    1266
    1596
    1934
    2051
    1682
    1184
    1014
    1068
    1171
    1442
    1683
    1540
    1227
    1042
     991
    1177
    1530
    2063
    2327
    1997
    1659
    1355
    1057
    1046
     986
     975
     976
     881
     921
     933
     876
     916
     984
    1000
     990
    1035
    1050
    1078
     965
     922
     958
     908
     846
     905
     913
     899
     918
     915
     896
     930
     920
     981
    1106
    1073
    1114
     988
     921
     920
     900
     924
     907
     961
     999
     969
     970
     964
     970
     951
     960
    1017
     961
     946
     950
    1034
    1003
     960
     890
     930
     945
     997
    1102
    1069
    1020
     843
     944
     902
     908
     914
     930
     944
     946
     911
     927
     948
     919
     916
     963
     926
     966
     962
     924
     955
    1004
     916
     937
     923
    1009
     983
    1004
     982
     937
    1025
     974
     987
    1008
    1017
    1034
    1204
    1393
    1491
    1315
    1071
    1001
     946
     984
    1007
    1004
     992
    1022
    1027
     974
     984
     990
     995
    1019
     975
     977
     943
    1011
     978
    1008
     959
     966
     983
     991
     991
    1034
     982
     973
     960
    1018
     966
     996
     979
    1009
     980
    1008
     981
    1033
    1118
    1193
    1131
    1053
     927
     972
    1017
     963
     991
     940
     963
     912
     950
     937
     997
     976
     992
     962
     964
     947
    1033
     963
     933
     946
     929
     939
     971
    1042
    1112
    1161
    1168
     990
     959
     908
     965
     890
     902
     913
     951
     862
     924
     991
    1022
     957
     996
     924
     905
     930
     922
     879
     910
     891
     954
     961
     966
     998
     916
     954
     885
     940
     783
     906
     985
     963
     932
     877
     926
     866
     897
     873
     938
     908
     898
     909
     854
     874
     951
     868
     879
     907
     930
     812
     897
     903
     922
     884
     844
     893
     927
     858
     886
     876
     888
     863
     896
     905
     893
     898
     879
     917
     860
     920
     888
     831
     925
     898
     899
     818
     872
     852
     911
     927
     871
    1002
    1001
    1241
    1770
    2381
    2454
    1857
    1170
     949
     887
     791
     868
     847
     882
     807
     875
     844
     838
     857
     869
     897
     829
     870
     804
     870
     843
     875
     847
     875
     869
     835
     835
     822
     826
     862
     829
     871
     783
     854
     854
     849
     860
     857
     900
     825
     812
     821
     902
     802
     843
     830
     799
     789
     782
     859
     810
     888
     872
     856
     820
     804
     846
     771
     869
     849
     737
     848
     999
    1263
    1626
    1431
    1015
     853
     752
     781
     743
     767
     807
     779
     891
     811
     769
     816
     810
     768
     799
     841
     838
     851
     829
     775
     780
     756
     766
     806
     773
     783
     771
     754
     762
     768
     781
     826
     780
     782
     802
     773
     832
     801
     771
     802
     756
     778
     796
     752
     739
     784
     773
     764
     769
     762
     759
     752
     792
     771
     778
     763
     773
     802
     741
     776
     761
     811
     803
     793
     803
     796
     789
     751
     734
     755
     776
     822
     933
     910
     841
     850
    1112
    2013
    4531
    8248
    9437
    5967
    2064
     982
     863
    1208
    1618
    1757
    1854
    1982
    1535
    1015
     681
     688
     631
     654
     632
     621
     624
     628
     606
     634
     638
     668
     649
     667
     612
     661
     578
     624
     591
     626
     636
     641
     611
     608
     653
     631
     648
     631
     652
     671
     593
     663
     587
     583
     588
     603
     691
     703
     640
     583
     607
     594
     652
     634
     698
     675
     612
     599
     599
     561
     611
     560
     592
     569
     613
     624
     561
     561
     594
     595
     572
     583
     531
     562
     556
     595
     627
     626
     585
     569
     623
     598
     703
     808
    1039
    1181
    1112
     882
     698
     659
     560
     591
     566
     567
     598
     564
     588
     583
     583
     611
     554
     537
     625
     634
     832
     931
     844
     656
     599
     580
     570
     572
     569
     575
     527
     549
     558
     569
     539
     546
     513
     482
     532
     548
     590
     556
     587
     489
     556
     493
     546
     504
     511
     541
     564
     553
     568
     516
     536
     508
     536
     537
     519
     578
     533
     531
     532
     508
     535
     542
     562
     732
    1013
    1875
    2970
    3059
    2059
     978
     574
     554
     520
     549
     528
     482
     509
     590
     692
     870
    1122
     957
     705
     514
     479
     484
     493
     511
     502
     485
     490
     479
     489
     473
     458
     452
     489
     520
     499
     480
     466
     451
     512
     494
     472
     439
     498
     467
     489
     505
     499
     499
     501
     451
     498
     518
     512
     488
     453
     481
     469
     473
     468
     455
     468
     454
     444
     443
     469
     474
     492
     448
     461
     464
     493
     444
     481
     430
     458
     484
     489
     457
     452
     475
     459
     468
     497
     463
     474
     509
     482
     454
     502
     524
     511
     570
     724
     880
     934
     662
     546
     475
     479
     495
     491
     487
     460
     480
     480
     513
     490
     476
     507
     455
     461
     473
     458
     436
     470
     456
     478
     488
     476
     688
    1011
    1797
    2249
    1856
    1097
     581
     459
     448
     482
     500
     464
     441
     483
     447
     428
     442
     423
     439
     434
     436
     418
     418
     430
     433
     445
     425
     467
     426
     447
     427
     447
     418
     474
     443
     469
     484
     685
    1187
    2416
    4215
    4926
    3550
    1629
     659
     414
     394
     366
     411
     424
     407
     417
     380
     395
     396
     358
     380
     370
     431
     408
     375
     373
     404
     352
     374
     412
     387
     361
     365
     401
     391
     423
     393
     383
     385
     415
     429
     406
     414
     359
     353
     384
     382
     401
     380
     398
     376
     355
     351
     377
     397
     398
     394
     385
     399
     367
     420
     348
     378
     360
     427
     389
     381
     396
     369
     415
     388
     381
     396
     402
     399
     379
     370
     413
     386
     364
     367
     367
     406
     384
     404
     374
     373
     359
     396
     396
     392
     405
     378
     394
     359
     375
     363
     394
     361
     410
     437
     419
     371
     397
     394
     393
     397
     430
     424
     409
     396
     378
     395
     399
     334
     352
     359
     371
     364
     414
     379
     331
     376
     374
     367
     386
     363
     362
     380
     371
     368
     365
     375
     368
     376
     376
     360
     387
     403
     390
     405
     372
     398
     426
     412
     378
     340
     357
     344
     359
     399
     393
     375
     393
     383
     414
     388
     367
     370
     356
     352
     393
     431
     519
     604
     515
     457
     393
     298
     356
     351
     383
     355
     325
     343
     331
     342
     362
     352
     325
     300
     352
     376
     355
     363
     374
     324
     392
     357
     354
     376
     337
     350
     356
     354
     366
     335
     314
     341
     354
     350
     338
     349
     296
     349
     351
     328
     333
     333
     364
     351
     329
     335
     326
     323
     325
     325
     322
     322
     342
     339
     331
     371
     324
     311
     332
     314
     327
     315
     325
     321
     350
     302
     353
     346
     288
     296
     303
     291
     325
     317
     317
     324
     313
     326
     397
     384
     349
     335
     325
     307
     328
     292
     300
     334
     332
     303
     305
     298
     309
     302
     298
     324
     312
     318
     279
     298
     300
     290
     293
     296
     312
     323
     267
     319
     306
     324
     323
     305
     305
     317
     311
     341
     343
     325
     335
     326
     305
     286
     343
     330
     338
     306
     314
     323
     285
     297
     313
     325
     300
     286
     297
     275
     287
     302
     301
     261
     303
     316
     330
     416
     608
     740
     759
     675
     505
     328
     317
     314
     293
     293
     305
     312
     303
     291
     285
     273
     303
     291
     286
     328
     306
     284
     283
     293
     287
     275
     292
     279
     305
     315
     301
     248
     260
     307
     286
     311
     271
     303
     284
     282
     300
     317
     297
     337
     318
     311
     309
     259
     303
     293
     307
     292
     325
     274
     297
     257
     258
     298
     311
     273
     251
     277
     269
     268
     284
     321
     278
     292
     293
     312
     323
     295
     284
     280
     271
     301
     265
     273
     264
     246
     273
     287
     287
     304
     283
     287
     256
     268
     273
     280
     284
     259
     248
     262
     275
     263
     238
     279
     264
     249
     289
     270
     289
     270
     285
     272
     262
     302
     250
     301
     282
     254
     261
     281
     278
     317
     290
     273
     251
     277
     255
     272
     276
     280
     278
     294
     314
     347
     398
     540
     639
     812
    1178
    1562
    1814
    1748
    1386
    1081
     806
     602
     467
     390
     385
     302
     322
     289
     313
     297
     265
     261
     272
     267
     247
     270
     280
     270
     272
     275
     254
     269
     264
     267
     261
     280
     243
     260
     290
     250
     281
     251
     256
     257
     223
     233
     288
     258
     267
     274
     252
     258
     248
     273
     260
     269
     227
     251
     268
     255
     257
     248
     254
     230
     240
     263
     228
     246
     221
     264
     287
     258
     272
     236
     252
     230
     240
     232
     249
     211
     256
     242
     222
     245
     242
     269
     232
     233
     269
     256
     235
     253
     225
     276
     230
     265
     286
     259
     233
     262
     242
     276
     235
     257
     262
     253
     285
     225
     262
     241
     239
     260
     247
     236
     254
     286
     264
     293
     236
     251
     218
     243
     227
     240
     247
     229
     241
     271
     226
     227
     250
     244
     234
     236
     260
     248
     241
     230
     246
     250
     238
     245
     233
     235
     249
     237
     252
     237
     301
     330
     291
     294
     298
     240
     238
     233
     228
     225
     224
     259
     260
     233
     251
     242
     216
     261
     242
     265
     237
     255
     250
     259
     259
     290
     262
     227
     236
     245
     267
     243
     249
     270
     229
     224
     263
     251
     238
     240
     223
     241
     225
     233
     211
     235
     204
     225
     268
     239
     301
     265
     292
     255
     306
     424
     716
    1575
    2470
    3003
    2511
    1549
     650
     322
     279
     218
     253
     248
     243
     242
     241
     229
     247
     243
     246
     252
     238
     228
     233
     243
     228
     254
     193
     249
     253
     228
     254
     219
     241
     209
     210
     260
     231
     256
     237
     246
     232
     237
     213
     219
     248
     243
     204
     215
     227
     232
     238
     211
     228
     223
     241
     219
     240
     235
     215
     236
     247
     223
     234
     244
     216
     246
     225
     230
     236
     226
     275
     335
     705
    1380
    2599
    3427
    3529
    2438
    1246
     543
     294
     204
     216
     208
     217
     218
     224
     210
     218
     211
     200
     218
     191
     203
     242
     212
     221
     201
     221
     228
     189
     219
     209
     228
     234
     226
     210
     214
     181
     237
     228
     190
     223
     184
     225
     193
     214
     197
     213
     227
     213
     200
     217
     205
     228
     177
     221
     204
     217
     214
     220
     215
     221
     189
     205
     223
     180
     229
     182
     212
     221
     223
     220
     230
     189
     189
     185
     208
     180
     211
     222
     216
     182
     202
     207
     209
     200
     218
     172
     194
     213
     219
     223
     188
     207
     208
     198
     215
     193
     199
     212
     183
     204
     209
     210
     213
     235
     158
     206
     204
     180
     169
     195
     193
     219
     218
     207
     186
     203
     225
     199
     209
     205
     225
     237
     226
     215
     196
     215
     216
     224
     214
     197
     217
     187
     198
     193
     217
     221
     210
     211
     224
     212
     208
     208
     202
     215
     277
     333
     424
     594
     601
     498
     339
     230
     226
     189
     214
     226
     233
     261
     306
     313
     255
     245
     195
     208
     201
     205
     215
     206
     211
     207
     221
     199
     196
     184
     197
     189
     210
     215
     205
     218
     216
     175
     209
     212
     187
     192
     222
     223
     177
     203
     199
     236
     196
     202
     204
     198
     196
     210
     195
     207
     197
     192
     185
     183
     209
     194
     186
     192
     195
     217
     216
     176
     196
     207
     219
     180
     205
     199
     215
     202
     210
     202
     212
     206
     183
     191
     197
     182
     197
     186
     167
     211
     216
     216
     199
     190
     189
     197
     202
     209
     211
     191
     187
     209
     203
     196
     177
     192
     208
     187
     233
     179
     182
     208
     211
     229
     206
     201
     197
     237
     228
     231
     203
     208
     226
     228
     204
     187
     174
     213
     178
     202
     203
     177
     200
     219
     210
     199
     178
     212
     205
     213
     180
     222
     180
     173
     196
     179
     210
     194
     193
     180
     220
     203
     184
     204
     177
     194
     203
     200
     199
     221
     189
     209
     203
     176
     210
     198
     216
     208
     190
     240
     206
     182
     201
     192
     185
     198
     190
     188
     186
     216
     188
     208
     177
     235
     276
     375
     582
     710
     736
     602
     436
     284
     218
     170
     179
     184
     179
     179
     173
     187
     179
     190
     183
     173
     205
     196
     200
     185
     186
     197
     178
     194
     188
     189
     171
     170
     181
     185
     189
     185
     191
     177
     176
     179
     198
     183
     187
     201
     176
     170
     233
     181
     197
     175
     147
     190
     173
     182
     197
     164
     200
     194
     182
     161
     186
     187
     204
     175
     214
     175
     196
     169
     157
     165
     176
     181
     160
     202
     197
     168
     175
     209
     182
     227
     242
     236
     251
     216
     227
     187
     171
     167
     165
     178
     195
     180
     171
     151
     194
     198
     164
     169
     184
     192
     185
     212
     202
     197
     258
     221
     208
     191
     167
     201
     187
     215
     210
     233
     226
     269
     337
     440
     451
     408
     288
     219
     213
     187
     187
     198
     214
     238
     280
     269
     264
     216
     177
     172
     185
     158
     162
     158
     130
     158
     148
     200
     170
     162
     175
     158
     154
     163
     174
     190
     180
     171
     168
     167
     179
     203
     214
     197
     205
     199
     173
     172
     174
     224
     259
     299
     329
     295
     248
     195
     168
     161
     162
     161
     166
     165
     145
     163
     157
     162
     159
     178
     140
     150
     171
     176
     171
     192
     233
     310
     421
     452
     452
     365
     281
     185
     170
     201
     150
     138
     156
     162
     154
     163
     155
     155
     147
     136
     149
     167
     145
     162
     160
     149
     173
     135
     185
     143
     164
     173
     195
     204
     201
     213
     202
     195
     185
     150
     156
     174
     158
     172
     147
     139
     149
     145
     146
     172
     161
     120
     161
     150
     184
     157
     153
     140
     130
     156
     170
     121
     167
     169
     144
     153
     161
     151
     134
     168
     135
     156
     156
     163
     183
     148
     191
     169
     163
     153
     160
     151
     157
     152
     163
     166
     134
     165
     187
     156
     152
     163
     146
     161
     164
     139
     154
     158
     147
     162
     176
     164
     173
     209
     183
     168
     175
     177
     175
     135
     142
     162
     163
     165
     200
     232
     253
     246
     239
     201
     176
     153
     158
     162
     183
     193
     195
     216
     212
     225
     201
     184
     186
     150
     152
     164
     143
     157
     166
     169
     135
     174
     155
     147
     147
     154
     147
     166
     146
     164
     172
     139
     154
     168
     163
     147
     144
     146
     156
     153
     139
     130
     159
     152
     155
     125
     142
     143
     138
     164
     139
     137
     149
     176
     150
     133
     147
     140
     158
     150
     191
     173
     217
     272
     371
     431
     436
     366
     268
     181
     133
     148
     153
     150
     147
     140
     138
     157
     131
     144
     147
     126
     146
     156
     139
     140
     140
     139
     163
     163
     137
     145
     161
     133
     156
     155
     139
     144
     135
     147
     153
     154
     157
     157
     151
     152
     160
     145
     154
     137
     148
     134
     158
     142
     138
     160
     149
     143
     167
     152
     151
     148
     158
     159
     136
     173
     155
     156
     156
     143
     149
     140
     153
     159
     137
     162
     171
     144
     126
     125
     144
     139
     139
     133
     130
     132
     172
     116
     128
     134
     145
     135
     154
     165
     158
     154
     173
     172
     167
     146
     152
     153
     131
     142
     155
     144
     148
     144
     133
     147
     136
     132
     148
     142
     142
     150
     123
     154
     151
     153
     134
     133
     147
     153
     166
     164
     190
     182
     187
     180
     143
     147
     172
     133
     109
     154
     134
     169
     153
     150
     178
     227
     410
     682
    1190
    1697
    1912
    1762
    1189
     637
     337
     208
     174
     146
     152
     137
     140
     136
     136
     139
     120
     147
     122
     146
     131
     164
     145
     159
     136
     141
     118
     127
     135
     141
     155
     115
     132
     124
     148
     135
     120
     116
     145
     138
     142
     137
     128
     155
     132
     122
     118
     118
     136
     124
     152
     129
     138
     153
     128
     154
     143
     121
     152
     136
     129
     153
     184
     229
     232
     327
     305
     268
     208
     156
     153
     122
     138
     129
     141
     133
     124
     142
     138
     135
     134
     123
     148
     135
     124
     135
     133
     143
     143
     144
     159
     129
     130
     138
     139
     137
     145
     161
     157
     134
     156
     133
     133
     153
     146
     158
     174
     177
     174
     183
     189
     156
     143
     153
     161
     163
     150
     131
     151
     118
     127
     127
     123
     149
     140
     144
     131
     149
     120
     153
     117
     157
     150
     153
     163
     146
     142
     137
     124
     123
     134
     148
     154
     129
     155
     130
     211
     235
     277
     397
     469
     468
     375
     296
     220
     144
     149
     196
     272
     401
     696
     980
    1116
    1115
     845
     470
     326
     171
     128
     148
     111
     128
     149
     126
     133
     110
     125
     140
     126
     139
     146
     127
     143
     128
     131
     130
     122
     138
     145
     142
     122
     132
     127
     142
     152
     130
     119
     162
     134
     134
     134
     142
     132
     130
     118
     131
     138
     139
     123
     115
     150
     133
     125
     149
     145
     132
     136
     139
     128
     125
     155
     131
     133
     127
     123
     116
     142
     137
     137
     116
     123
     159
     128
     113
     117
     122
     142
     134
     148
     122
     120
     144
     101
     145
     132
     136
     149
     132
     173
     188
     184
     233
     229
     188
     175
     141
     132
     151
     105
     110
     114
     130
     150
     124
     151
     119
     128
     141
     116
     130
     125
     138
     124
     134
     143
     114
     124
     112
     130
     110
     151
     133
     144
     134
     115
     129
     148
     125
     127
     122
     117
     143
     107
     124
     123
     136
     125
     122
     126
     131
     134
     128
     133
     117
     131
     139
     128
     127
     131
     118
     126
     159
     139
     122
     122
     128
     155
     134
     124
     131
     115
     135
      97
     136
     126
     134
     118
     143
     126
     117
     124
     138
     145
     130
     118
     140
     118
     120
     139
     129
     150
     140
     155
     142
     137
     122
     123
     132
     114
     135
     141
     140
     136
     116
     130
     134
     111
     139
     143
     133
     132
     135
     124
     140
     135
     127
     148
     141
     141
     134
     138
     123
     128
     121
     120
     111
     158
     129
     144
     131
     130
     118
     148
     117
     123
     137
     142
     138
     142
     127
     141
     138
     126
     145
     169
     156
     146
     120
     145
     122
     121
     115
     113
     127
     132
     136
     120
     136
     128
     147
     132
     121
     147
     124
     131
     126
     138
     124
     112
     119
     142
     129
     136
     142
     134
     148
     140
     138
     157
     152
     166
     141
     143
     144
     119
     122
     115
     134
     130
     132
     134
     128
     163
     145
     161
     151
     138
     136
     119
     144
     137
     132
     123
     134
     132
     134
     148
     120
     126
     152
     151
     119
     151
     163
     140
     162
     169
     151
     170
     151
     127
     139
     169
     128
     108
     159
     137
     131
     114
     124
     117
     147
     136
     162
     141
     131
     122
     113
     118
     136
     140
     128
     143
     139
     131
     121
     128
     134
     147
     119
     150
     138
     135
     142
     137
     144
     131
     139
     158
     146
     134
     132
     153
     174
     145
     131
     141
     121
     145
     131
     126
     119
     135
     127
     138
     131
     151
     153
     127
     127
     139
     119
     131
     133
     170
     147
     122
     135
     136
     139
     136
     129
     117
     129
     136
     165
     148
     138
     132
     131
     144
     153
     142
     146
     168
     145
     170
     114
     156
     162
     138
     143
     132
     115
     133
     150
     147
     148
     148
     129
     129
     133
     144
     144
     151
     137
     142
     188
     251
     365
     567
     804
     869
     844
     616
     421
     258
     195
     144
     133
     145
     144
     133
     129
     136
     161
     143
     122
     122
     131
     139
     136
     149
     129
     133
     130
     135
     129
     126
     126
     140
     134
     139
     144
     133
     156
     125
     149
     152
     142
     155
     129
     144
     121
     115
     154
     127
     142
     127
     131
     122
     143
     133
     129
     130
     152
     139
     152
     120
     150
     144
     136
     135
     125
     136
     142
     153
     143
     145
     133
     142
     133
     158
     155
     132
     159
     143
     133
     158
     146
     161
     140
     161
     123
     149
     131
     119
     127
     138
     131
     152
     128
     151
     154
     141
     162
     186
     223
     199
     241
     202
     195
     166
     187
     164
     142
     142
     149
     156
     149
     138
     128
     137
     132
     129
     141
     151
     145
     133
     172
     141
     143
     129
     137
     149
     132
     153
     155
     150
     156
     154
     134
     129
     152
     156
     136
     137
     164
     158
     166
     123
     130
     154
     145
     134
     151
     139
     155
     133
     150
     137
     131
     171
     150
     146
     159
     142
     174
     151
     168
     141
     144
     139
     138
     136
     150
     152
     126
     143
     144
     165
     159
     133
     153
     150
     174
     148
     150
     166
     149
     147
     133
     160
     185
     154
     139
     146
     155
     159
     157
     159
     155
     173
     164
     136
     130
     173
     140
     171
     145
     132
     139
     155
     126
     160
     149
     136
     163
     147
     140
     159
     137
     144
     154
     156
     134
     170
     129
     161
     153
     163
     155
     164
     152
     152
     164
     178
     129
     166
     149
     146
     166
     141
     157
     151
     147
     126
     160
     154
     166
     159
     141
     172
     184
     173
     160
     168
     178
     178
     134
     160
     151
     152
     162
     174
     166
     197
     161
     155
     168
     184
     158
     161
     165
     162
     174
     148
     141
     183
     163
     171
     184
     182
     192
     174
     164
     172
     180
     161
     151
     165
     156
     141
     163
     172
     166
     164
     156
     149
     157
     178
     157
     162
     174
     159
     168
     156
     133
     126
     184
     148
     176
     158
     144
     160
     151
     170
     152
     162
     168
     168
     172
     141
     149
     163
     168
     151
     135
     158
     172
     132
     167
     149
     185
     198
     201
     275
     353
     388
     469
     432
     321
     233
     219
     173
     158
     142
     181
     166
     173
     162
     140
     134
     164
     140
     153
     140
     151
     135
     150
     150
     154
     151
     145
     197
     158
     157
     143
     143
     118
     138
     121
     127
     123
     136
     110
     130
     140
     139
     122
     113
     122
     120
     123
     131
     121
     109
     144
     128
     107
     114
     107
     127
     142
     129
     106
     123
     119
     111
     115
     121
     117
     110
     111
     133
     120
     125
     124
     118
      91
     120
     121
     102
      88
     100
     127
     125
     118
     101
     120
     112
     117
     119
     103
     119
     112
     113
     105
     117
     130
      99
     139
      81
     103
     111
     128
     105
     123
      93
     114
     121
     116
     122
     113
     113
      94
      86
     106
     110
     113
     124
     106
     100
     105
     128
     144
     149
     167
     156
     154
     146
     125
     115
     122
     102
     118
     102
      92
      97
     100
      99
     118
      96
      99
     104
      82
     104
      99
      95
      99
     108
     106
      89
      91
      97
      82
     105
      95
     103
     105
      99
      98
     100
      92
      88
      83
      93
      97
     111
     115
     107
      99
      86
      91
      99
      86
      89
      84
     101
     108
      98
      90
     113
      82
      86
      94
      98
      98
      87
     101
      88
     107
      86
      80
      87
      84
      95
     102
      92
      86
      91
      98
      94
      78
      89
      84
      95
      82
      67
     101
      95
      83
      98
      90
      87
      86
      71
      74
      97
      77
      98
      91
     101
     104
      82
     101
      99
     102
      81
      81
      79
      85
      86
      65
      68
      83
      95
      70
      93
      96
      84
      98
      75
      78
      78
      84
      97
      74
     106
      67
      82
      89
      91
      85
      81
      85
      78
      73
      63
      64
      86
      83
      84
      78
      79
      67
      78
      90
      81
      77
      85
      93
      88
      74
      70
      91
      94
      71
      91
      69
      89
      78
      76
      70
      83
      75
      73
      85
      76
      81
      82
      81
      66
      74
      69
      66
      71
      81
      62
      72
      55
      88
      73
      74
      66
      66
      50
      75
      83
      78
      76
      77
      57
      58
      51
      90
      73
      73
      70
      62
      67
      64
      71
      77
      67
      58
      51
      55
      64
      62
      70
      65
      52
      69
      59
      64
      66
      63
      67
      82
      58
      72
      61
      71
      72
      50
      72
      65
      58
      63
      74
      62
      64
      60
      65
      71
      70
      57
      49
      59
      66
      70
      82
      58
      65
      61
      59
      63
      65
      68
      69
      58
      63
      62
      53
      47
      63
      63
      66
      58
      68
      64
      66
      75
      53
      71
      68
      55
      68
      60
      88
      82
     109
     146
     200
     240
     246
     225
     169
     110
      72
      68
      73
      55
      59
      56
      60
      75
      58
      58
      55
      51
      42
      65
      71
      85
      66
      76
      88
      73
      57
      70
      61
      55
      57
      55
      60
      61
      67
      52
      50
      58
      49
      62
      43
      62
      60
      53
      55
      40
      63
      65
      62
      56
      60
      61
      56
      55
      64
      59
      49
      58
      57
      67
      54
      69
      46
      66
      68
      82
      73
     117
     108
     119
     101
      67
      63
      67
      53
      59
      55
      47
      46
      56
      63
      68
      84
     100
     115
     149
     167
     162
     123
     113
      68
      72
      37
      63
      57
      50
      68
      57
      55
      53
      49
      62
      53
      61
      70
      60
      68
      58
      47
      54
      54
      59
      56
      52
      51
      44
      48
      56
      61
      42
      50
      41
      52
      49
      53
      61
      67
      51
      44
      50
      44
      66
      46
      45
      63
      54
      62
      56
      48
      62
      65
      48
      51
      45
      55
      53
      48
      45
      58
      45
      61
      49
      51
      49
      55
      52
      48
      53
      54
      53
      43
      55
      57
      59
      51
      49
      61
      55
      58
      52
      59
      50
      56
      57
      52
      56
      47
      53
      46
      66
      60
      50
      49
      49
      58
      65
      62
      43
      52
      60
      51
      65
      56
      56
      60
      59
      54
      70
      63
      59
      59
      53
      41
      60
      66
      66
      72
      63
      60
      60
      69
      59
      57
      73
      79
      43
      62
      67
      73
      86
      75
      80
      82
      80
     109
     125
     204
     390
     731
    1497
    2813
    4438
    6246
    7598
    7879
    6927
    5044
    2901
    1528
     670
     242
     104
      54
      41
      48
      38
      35
      37
      41
      42
      36
      37
      40
      39
      40
      39
      34
      43
      29
      39
      38
      36
      34
      32
      44
      39
      30
      47
      28
      31
      46
      21
      36
      39
      28
      32
      42
      37
      43
      33
      33
      34
      38
      36
      53
      34
      36
      44
      35
      44
      39
      38
      37
      43
      38
      26
      38
      33
      42
      30
      40
      42
      38
      39
      31
      41
      32
      40
      47
      32
      30
      37
      33
      33
      35
      43
      32
      40
      35
      30
      37
      30
      45
      37
      47
      39
      41
      45
      52
      62
      62
      70
      89
      65
      58
      54
      37
      54
      37
      37
      31
      49
      28
      50
      53
      50
      55
      47
      63
      36
      40
      32
      38
      33
      27
      39
      37
      44
      34
      37
      30
      37
      34
      51
      59
      72
     110
     111
     139
     127
      99
      58
      54
      49
      43
      38
      48
      45
      47
      53
      48
      51
      40
      33
      34
      28
      30
      43
      37
      24
      27
      37
      34
      32
      32
      29
      23
      25
      40
      31
      40
      44
      33
      36
      33
      35
      41
      34
      27
      36
      31
      31
      34
      41
      36
      34
      37
      36
      39
      34
      33
      43
      37
      38
      34
      46
      31
      20
      36
      53
      32
      27
      21
      34
      41
      28
      43
      39
      48
      34
      48
      28
      45
      37
      39
      49
      40
      59
      64
      46
      57
      57
      51
      40
      37
      38
      23
      36
      34
      45
      45
      45
      53
      54
      37
      26
      34
      29
      33
      34
      33
      33
      36
      28
      37
      25
      31
      41
      37
      32
      32
      34
      33
      29
      40
      40
      32
      22
      34
      34
      43
      38
      33
      25
      25
      36
      28
      41
      34
      44
      40
      35
      47
      23
      34
      22
      29
      34
      35
      30
      24
      32
      38
      29
      25
      31
      29
      36
      24
      34
      39
      31
      32
      37
      35
      30
      22
      24
      24
      29
      24
      35
      34
      30
      27
      23
      30
      27
      23
      26
      33
      24
      27
      26
      35
      26
      34
      39
      21
      28
      39
      35
      27
      28
      23
      30
      30
      30
      28
      28
      35
      41
      36
      38
      60
      57
      62
      59
      61
      61
      44
      51
      63
      58
      51
      33
      42
      38
      40
      31
      42
      44
      51
      86
     127
     155
     146
     167
     157
     123
      68
      51
      42
      40
      33
      49
      70
      82
      97
     105
      87
      74
      63
      58
      43
      53
      48
      45
      25
      32
      33
      35
      31
      37
      38
      28
      39
      43
      41
      44
      36
      32
      39
      24
      28
      29
      35
      26
      40
      26
      20
      37
      26
      25
      23
      30
      32
      32
      34
      31
      25
      27
      43
      27
      29
      38
      41
      23
      25
      26
      37
      26
      19
      30
      22
      42
      33
      41
      29
      19
      28
      40
      31
      23
      24
      26
      30
      26
      31
      23
      35
      36
      48
      64
      82
      82
      99
      80
      81
      66
      59
      39
      36
      33
      26
      33
      25
      37
      37
      35
      33
      39
      26
      27
      33
      23
      29
      38
      27
      42
      67
      68
      86
      87
      88
      90
      65
      60
      40
      34
      32
      25
      27
      26
      30
      17
      47
      31
      33
      22
      25
      38
      34
      45
      51
      40
      44
      37
      25
      29
      39
      26
      30
      31
      24
      28
      25
      25
      27
      18
      25
      28
      26
      32
      27
      25
      28
      26
      37
      22
      19
      22
      22
      20
      33
      25
      26
      26
      19
      29
      31
      19
      26
      26
      19
      33
      31
      32
      28
      25
      29
      18
      24
      29
      28
      28
      30
      26
      25
      27
      30
      23
      33
      31
      29
      47
      52
      58
      53
      71
      72
      39
      43
      28
      19
      27
      23
      29
      29
      40
      30
      26
      25
      46
      30
      18
      38
      35
      23
      27
      23
      25
      33
      24
      23
      26
      27
      22
      25
      23
      27
      21
      26
      26
      18
      24
      28
      24
      23
      19
      17
      21
      28
      29
      28
      26
      25
      21
      22
      22
      24
      34
      22
      15
      18
      27
      27
      22
      34
      29
      22
      24
      36
      38
      39
      23
      31
      31
      21
      30
      21
      21
      19
      22
      20
      21
      27
      20
      25
      23
      28
      28
      21
      26
      23
      32
      27
      28
      39
      31
      25
      25
      33
      22
      26
      24
      22
      15
      16
      27
      32
      31
      17
      21
      36
      28
      25
      35
      14
      22
      23
      23
      23
      20
      26
      27
      21
      23
      31
      24
      29
      23
      16
      23
      22
      28
      25
      35
      14
      27
      21
      31
      30
      22
      32
      34
      26
      24
      20
      25
      23
      29
      21
      18
      25
      20
      20
      17
      36
      24
      21
      29
      22
      31
      22
      19
      16
      14
      20
      21
      22
      24
      18
      16
      33
      24
      21
      25
      16
      35
      18
      21
      25
      30
      24
      23
      28
      32
      27
      27
      39
      30
      57
      59
      96
     124
     139
     116
     125
     106
      75
      56
      43
      29
      23
      23
      26
      19
      18
      17
      33
      31
      17
      30
      15
      21
      22
      20
       9
      24
      17
      25
      23
      22
      20
      19
      27
      19
      28
      25
      26
      27
      28
      29
      15
      21
      20
      13
      26
      24
      22
      29
      22
      21
      16
      20
      24
      17
      25
      28
      25
      26
      24
      19
      20
      31
      22
      30
      19
      21
      30
      28
      17
      17
      31
      13
      14
      22
      28
      24
      21
      36
      30
      37
      18
      36
      34
      18
      20
      28
      21
      18
      25
      24
      23
      42
      58
      76
     119
     195
     305
     412
     512
     622
     564
     442
     316
     201
     124
      68
      45
      31
      21
      27
      29
      23
      23
      24
      26
      23
      20
      19
      20
      20
      21
      23
      21
      15
      29
      22
      27
      30
      28
      26
      27
      22
      21
      15
      29
      19
      18
      17
      23
      24
      27
      22
      23
      11
      18
      24
      22
      16
      13
      21
      20
      18
      26
      19
      20
      22
      21
      21
      24
      23
      22
      17
      19
      26
      23
      30
      25
      20
      17
      22
      28
      18
      18
      11
      25
      16
      17
      31
      17
      22
      29
      22
      29
      17
      14
      25
      23
      20
      23
      24
      16
      19
      20
      21
      21
      27
      22
      26
      19
      18
      19
      22
      18
      25
      17
      19
      16
      19
      18
      20
      20
      24
      19
      26
      29
      24
      14
      22
      26
      27
      27
      23
      21
      18
      19
      20
      23
      22
      31
      23
      20
      22
      12
      18
      25
      24
      26
      21
      12
      15
      24
      25
      17
      16
      10
      22
      19
      25
      25
      14
      20
      25
      28
      24
      22
      26
      21
      22
      28
      17
      22
      21
      27
      17
      30
      24
      23
      28
      18
      17
      28
      15
      23
      26
      21
      13
      18
      28
      15
      20
      20
      20
      14
      19
      21
      25
      12
      14
      16
      27
      25
      28
      27
      23
      18
      17
      26
      23
      24
      25
      25
      34
      26
      27
      27
      21
      20
      32
      27
      16
      19
      15
      21
      28
      16
      19
      23
      30
      28
      26
      40
      20
      32
      32
      61
      66
      70
     101
      88
      93
      78
      65
      50
      31
      21
      21
      12
      19
      32
      21
      20
      24
      24
      17
      22
      24
      25
      28
      20
      15
      17
      21
      21
      25
      15
      22
      21
      20
      20
      22
      26
      21
      16
      20
      19
      25
      27
      21
      25
      22
      27
      21
      18
      12
      27
      14
      17
      28
      26
      17
      20
      18
      17
      21
      27
      27
      28
      19
      17
      19
      23
      20
      23
      24
      22
      28
      22
      21
      32
      29
      30
      29
      19
      20
      22
      20
      19
      13
      21
      20
      17
      19
      13
      19
      27
      15
      22
      16
      18
      31
      13
      20
      20
      18
      23
      23
      27
      29
      22
      29
      32
      22
      30
      26
      22
      21
      28
      18
      25
      17
      21
      23
      12
      20
      12
      25
      25
      47
      32
      21
      21
      18
      26
      21
      12
      19
      16
      24
      25
      32
      31
      33
      27
      19
      26
      21
      24
      25
      22
      19
      18
      31
      18
      18
      13
      16
      17
      17
      25
      21
      38
      15
      22
      17
      18
      17
      15
      18
      23
      19
      19
      17
      22
      21
      17
      25
      19
      21
      19
      23
      29
      12
      21
      27
      22
      19
      35
      20
      18
      19
      22
      22
      10
      19
      21
      19
      12
      23
      19
      22
      16
      23
      25
      13
      27
      18
      18
      18
      19
      17
      20
      15
      26
      19
      25
      19
      18
      27
      31
      20
      12
      26
      18
      26
      20
      24
      18
      19
      21
      19
      26
      21
      18
      29
      26
      14
      16
      13
      17
      17
      17
      24
      20
      18
      15
      18
      24
      21
      20
      24
      15
      21
      21
      16
      34
      26
      30
      17
      22
      21
      20
      17
      22
      14
      18
      20
      26
      14
      20
      18
      21
      22
      26
      22
      26
      14
      22
      25
      20
      21
      22
      18
      24
      19
      23
      27
      25
      26
      24
      21
      20
      25
      21
      21
      20
      18
      25
      21
      23
      21
      22
      13
      24
      18
      30
      19
      24
      14
      25
      17
      23
      21
      15
      18
      17
      25
      34
      28
      19
      15
      18
      15
      10
      23
      13
      21
      26
      27
      18
      11
      17
      16
      28
      19
      22
      21
      24
      12
      23
      22
      16
      23
      16
      20
      27
      22
      12
      18
      17
      21
      20
      17
      15
      24
      22
      24
      15
      23
      18
      22
      14
      20
      23
      24
      24
      16
      23
      30
      25
      11
      16
      25
      21
      22
      20
      22
      23
      16
      18
      19
      17
      14
      28
      18
      21
      25
      22
      23
      31
      19
      15
      24
      27
      18
      22
      14
      12
      19
      21
      30
      13
      20
      18
      19
      21
      20
      13
      18
      16
      24
      19
      15
      22
      25
      22
      23
      20
      26
      18
      11
      12
      19
      18
      25
      12
      22
      23
      18
      15
      20
      22
      17
      19
      22
      13
      20
      22
      13
      26
      25
      25
      19
      20
      16
      15
      14
      24
      16
      15
      11
      16
      15
      21
      13
      23
      21
      18
      25
      22
      11
      23
      20
      22
      10
      22
      29
      25
      12
      24
      16
      18
      15
      21
      17
      23
      19
      25
      16
      16
      29
      18
      27
      13
      15
      14
      17
      21
      31
      18
      20
      18
       9
      18
      18
      22
      26
      21
      21
      23
      21
      14
      17
      13
      19
      16
      19
      15
      18
      21
      18
      20
      15
      21
      18
      18
      21
      26
      17
      16
      15
      18
      19
      19
      23
      18
      15
      17
      16
      25
      20
      15
      21
      16
      20
      24
      20
      20
      19
      24
      14
      23
      12
      20
      17
      22
      21
      19
      16
      16
      14
      23
      17
      14
      23
      26
      17
      19
      23
      19
      18
      17
      20
      22
      17
      15
      14
      18
      14
      23
      13
      16
      23
      35
      25
      19
      17
      18
      17
      22
      20
      14
      17
      16
      17
      16
      21
      17
      18
      19
      29
      16
      10
      21
      17
      23
      15
      26
      18
      12
      29
      11
      20
      19
      25
      20
      17
      20
      18
      14
      19
      20
      15
      14
      21
      14
      24
       9
      19
      14
      24
      16
      13
      21
      15
      14
      22
      11
      15
      21
      21
      19
      15
      17
      14
      20
      21
      19
      21
      18
      12
      17
      15
      21
      19
      17
      20
      28
      16
      17
      20
      12
      15
      21
      15
      16
       9
      19
      20
      11
      13
      25
      25
      23
      26
      22
      20
      14
      20
      29
      17
      22
      17
      23
      15
      20
      24
      21
      20
      19
      17
      28
      20
      29
      24
      19
      15
      17
      10
      20
      22
      25
      20
      16
      21
      19
      19
      14
      20
      14
      20
      22
      28
      24
      31
      28
      44
      40
      47
      63
      77
      84
     105
     124
     108
     105
      87
      88
      61
      57
      34
      40
      33
      26
      21
      31
      27
      18
      11
      21
      11
      23
      18
      22
      23
      28
      14
      18
      18
      17
      19
      16
      17
      24
      22
      18
      13
      27
      22
      20
      32
      37
      28
      56
      47
      59
      48
      35
      42
      34
      23
      23
      19
      18
      17
      19
      15
      19
      21
      18
      16
      20
      19
      21
      23
      23
      29
      27
      17
      18
      19
      22
      15
      18
      14
      16
      15
      20
      21
      16
      23
      20
      21
      17
      15
      20
      18
      15
      21
      18
      15
      17
      13
      21
      15
      13
      16
      22
      17
      18
      19
      14
      12
      16
      23
      28
      11
      16
      16
      24
      19
      20
       8
      18
      26
      34
      23
      23
      19
      26
      19
      22
      13
      22
      23
      18
      16
      20
      20
      12
      21
      19
      18
      15
      16
      18
      10
      19
      11
      12
      19
      19
      16
      29
      16
      19
      17
      12
      14
      19
      22
      14
      21
      13
      15
      13
      14
      18
      16
      17
      25
      13
      20
      21
      30
      18
      14
      29
      19
      23
      24
      16
      27
      13
      16
      18
      17
      19
      14
      22
      21
      21
      23
      14
      16
      20
      20
      24
      19
      14
      25
      17
      13
      14
      19
      22
      18
      17
      21
      24
      21
      22
      17
      22
      15
      22
      19
      19
      23
      16
      14
      22
      10
      12
      20
      13
      23
      11
      15
      11
      12
      22
      17
      26
      24
      21
      22
      16
      14
      15
      19
      23
      16
      20
      19
      28
      17
      12
      16
      14
      16
      22
      20
      16
      21
      16
      20
      22
      23
      16
      22
      16
      24
      19
      21
      13
      22
      19
      18
      15
      20
      19
      19
      18
      18
      26
      22
      20
      24
      20
      20
      25
      30
      35
      49
      68
      89
     121
     143
     174
     159
     144
     140
      87
      81
      52
      44
      35
      20
      23
      20
      17
      14
      19
      10
      23
      27
      15
      19
      14
      18
      18
       8
      17
      26
      17
      15
      11
      15
      18
      24
      18
      18
      24
      16
      16
      17
      15
      17
      17
      15
      19
      10
      15
      17
      24
      20
      29
      18
      20
      23
      22
      23
      31
      27
      20
      18
      10
      19
      15
      22
      17
      16
      18
      18
      27
      18
      18
      17
      20
      20
      17
      11
      26
      20
      22
      17
      15
      22
      18
      25
      21
      12
      16
      12
      18
      12
      17
      15
      11
      25
      18
      15
      13
      18
      18
      15
      14
      18
      21
      23
      14
      23
      22
      16
      17
      11
      22
      24
      15
      19
      20
      13
      15
      17
      23
      13
      23
      16
      19
      19
      12
      16
      13
      18
      19
      19
      22
      22
      18
      14
      17
      19
      17
      18
      15
      11
      24
      17
      17
      21
      23
      22
      21
      13
      13
      22
      28
      19
      19
      23
      23
      21
      20
      19
      24
      23
      15
      16
      17
      14
      18
      24
      16
      16
      22
      17
      13
      30
      17
      15
      18
      18
      20
      17
      16
      22
      20
      21
      24
      13
      18
      18
      12
      12
      26
      23
      15
      18
      18
      13
      17
      23
      24
      24
      16
      18
      19
      16
      22
      24
      25
      26
      16
      29
      19
      14
      14
      19
      30
      30
      24
      17
      25
      11
      13
      21
      17
      18
      18
      28
      26
      23
       9
      17
      17
      14
      16
      22
      16
      23
      21
      24
      17
      21
      24
      17
      17
      20
      25
      14
      34
      24
      37
      33
      29
      26
      30
      24
      21
      15
      23
      14
      14
      15
      23
      22
      24
      12
      24
      17
      20
      11
      24
      15
      17
      18
      10
      22
      14
      31
      24
      28
      23
      17
      18
      21
      24
      28
      24
      22
      21
      18
      18
      17
      22
      18
      22
      13
      29
      19
      19
      11
      14
      22
      25
      13
      22
      22
      26
      20
      26
      18
      17
      19
      19
      17
      14
      21
      22
      13
      18
      20
      27
      24
      23
      17
      18
      25
      14
      24
      26
      24
      13
      22
      23
      28
      23
      18
      28
      26
      27
      19
      18
      21
      29
      22
      29
      18
      21
      13
      21
      24
      25
      18
      24
      17
      17
      10
      21
      31
      18
      22
      17
      21
      23
      12
      18
      24
      26
      18
      16
      20
      18
      24
      20
      17
      25
      18
      23
      27
      14
      18
      22
      20
      22
      18
      30
      15
      21
      27
      20
      24
      14
      19
      26
      24
      21
      19
      15
      19
      24
      22
      17
      24
      23
      25
      23
      22
      20
      18
      23
      25
      28
      19
      18
      23
      25
      23
      19
      22
      21
      19
      35
      24
      20
      24
      19
      24
      12
      22
      29
      26
      20
      16
      23
      25
      26
      20
      23
      16
      24
      23
      17
      18
      18
      27
      14
      25
      20
      15
      26
      27
      26
      11
      19
      19
      30
      20
      25
      25
      27
      22
      22
      16
      29
      23
      23
      22
      21
      24
      21
      21
      23
      18
      27
      29
      25
      19
      29
      21
      23
      21
      21
      20
      23
      21
      22
      22
      16
      16
      21
      36
      19
      21
      20
      20
      27
      13
      13
      17
      18
      18
      20
      17
      20
      18
      19
      15
      15
      12
      15
      20
      25
      20
      19
      19
      19
      18
      21
      24
      21
      21
      14
      21
      17
      13
      17
      14
      12
      17
      13
      19
      13
      14
      15
      13
      12
      10
      14
      20
      23
      17
      13
      14
      15
      19
      19
      17
      15
      19
      16
      15
      16
      18
      16
      24
      15
      15
       9
      18
      18
      18
      17
      14
      18
      21
      22
      15
      14
      15
      12
      20
      19
      10
      23
      21
      14
       8
      21
      14
      12
      18
      18
      11
      20
      14
      14
      24
      13
      27
      20
      12
      21
      12
      19
      24
       8
      11
      18
      22
      18
      18
      11
      14
      10
      14
      12
      11
      16
      16
      11
      21
      18
      11
      15
      12
      12
      21
      22
      14
      22
      12
      15
      18
      17
      21
      19
      15
      15
      12
      15
      17
      13
      10
       8
      16
      12
      19
      13
      14
      15
      18
      19
      16
      16
       6
      12
      17
      21
      10
      12
      17
      16
      13
      11
      17
      14
      19
      13
      18
      19
      11
       8
      13
      12
      15
      16
      15
      14
      11
      12
      17
      28
      23
      27
      44
      51
      51
      57
      55
      37
      39
      37
      27
      19
      22
      12
      19
      10
      13
      15
       4
      14
      13
       7
      11
      23
      16
      20
      17
      10
      14
      12
       6
      17
      14
      14
      17
      12
      14
      10
      15
      12
      14
      12
      17
      14
      14
      12
      16
       4
       9
      17
      17
      16
      16
      11
      13
      11
      13
       9
       9
      13
      13
      13
      12
      11
       9
      15
      14
      17
      15
      10
      10
      11
      11
       9
      14
      10
      13
      10
      11
      11
      11
      12
      10
      19
      15
       6
       7
      16
      10
      17
      15
      13
      16
      10
      13
       6
      12
       9
       9
      14
       9
       5
      17
       9
      12
      13
      11
      10
      13
       7
      13
       9
       9
      12
      11
       9
      11
       8
      13
      13
      13
      12
      11
      15
       6
       9
      14
       6
       8
      10
       8
      12
       4
      10
       5
       4
       9
      10
      11
      10
       7
       3
       6
       9
      11
       7
      11
      10
      13
      13
       7
       8
      14
       8
       9
      10
       9
       6
      10
       5
       7
      12
       8
       8
       7
      17
       8
       8
       5
      15
      12
      11
      10
       5
      12
       4
      10
      10
       6
       8
       8
       8
      10
       8
       7
      10
      11
       9
       6
       6
       7
       5
       6
      10
       7
       8
       8
       7
      10
       4
       6
       5
       8
      13
      12
      11
       9
       7
      11
       8
      12
      10
       3
       8
       5
       7
       6
       6
       3
       4
       2
       9
       5
       9
       5
       8
      11
       9
       2
       6
       8
       5
      12
       7
       9
       8
       8
       7
       8
       5
       3
       9
       6
       5
       5
       5
       7
       2
       7
      10
      10
      10
       8
      10
       7
       9
       7
       8
      12
       5
       9
      10
       3
       4
       4
      10
       6
       7
       9
      12
       5
      12
       4
      10
       2
       6
       2
       6
       7
       3
       5
       7
       9
       7
       4
       7
       6
       6
       7
      10
       9
      13
       9
      10
       4
       6
       5
      10
       8
       7
       9
       6
       6
       9
       9
       5
       5
       6
       8
       7
       8
       4
       8
       7
       5
       9
       7
       6
       8
      13
       5
      12
       5
       6
      10
       7
       6
      19
      10
       9
       6
       5
       8
       6
      13
       2
       3
       3
       6
       7
       8
       4
       8
       3
       6
       7
       5
       6
       2
       6
       5
       5
       5
      11
       7
       7
       7
       7
       9
       4
      14
       6
       4
       7
       4
      15
       6
       4
       4
       5
       2
       4
       3
      10
       8
       9
       8
       2
       9
       9
       8
       4
       6
       6
       3
       6
       6
       4
       3
       2
       6
       7
       6
       4
       9
       8
       2
       5
       7
       6
       8
       9
       7
       9
       4
      10
       6
       7
       6
       7
       3
      16
       8
       7
       4
      10
       5
       6
       7
       8
       8
       6
       7
       7
      10
       5
       9
       6
       7
       5
       6
       3
       8
       8
      12
      11
       7
      10
       6
      12
       7
      14
       6
       7
      10
       6
       8
       8
      17
       4
       7
      15
      22
      28
      33
      52
      85
     145
     237
     326
     447
     577
     706
     843
     816
     841
     748
     537
     444
     241
     146
      73
      40
      22
      13
       4
       9
       6
       8
       5
       7
       4
       3
       5
       5
       9
       5
       4
       6
       3
       5
       4
       6
       5
       7
       7
       4
      13
       6
       6
       5
       3
       7
       4
       3
       4
      10
       4
       4
       9
       2
       5
       2
       7
       5
       4
       5
       4
       4
       5
       1
       3
       3
       6
       1
       3
       3
       2
       5
       3
       1
       4
       6
       6
       4
       2
       3
       5
       1
       2
       4
       5
       5
       5
       5
      12
       5
       4
       8
       2
       5
       6
       1
       4
      10
       8
       4
       3
       3
       4
       7
       4
       5
       4
       3
       1
       1
       2
       4
       5
       3
       5
       5
       6
       6
       7
       2
       1
       3
       3
       5
       5
       6
       3
       6
       3
       4
       6
       1
       2
       6
       6
       6
       5
       8
       7
       6
       9
       3
       8
       6
       3
       3
       5
       6
       3
       5
       5
       4
       5
       4
       1
       2
       5
       2
       3
       2
       6
       4
       1
       4
       1
       2
       1
       5
       2
       5
       3
       6
       3
       2
       5
       6
       3
       2
       4
       7
       3
       2
       2
       3
       4
       4
       5
       1
       6
       4
       2
       5
       5
       4
       3
       6
       7
       2
       5
       3
       5
       2
       2
       5
       6
       5
       3
       4
       4
       5
       4
       5
       6
       4
       3
       4
       7
       6
       4
       1
       6
       5
       7
       5
       5
       3
       1
       3
       4
       3
       5
       3
       2
       4
       0
       6
       5
       6
       4
       4
       5
       5
       6
       7
       4
       5
       4
       6
       4
       7
       4
       2
       2
       2
       2
       7
       1
       4
       4
       4
       4
       2
       4
       1
       6
       3
       4
       5
       5
       7
       4
       5
       8
       4
       4
       1
       2
       1
       3
       3
       3
       5
       4
       3
       4
       5
       6
       5
       8
       3
       5
       6
       3
       4
       2
       2
       4
       3
       9
       2
       4
       6
       4
       0
       5
       2
       5
       2
       6
       4
       4
       8
       4
       4
       2
       3
       6
       2
       5
       4
       0
       2
       6
       6
       2
       4
       8
       6
       3
       4
       5
       3
       4
       4
       3
       6
       2
       8
       2
       3
       6
       4
       6
       2
       2
       6
       3
       5
       4
       6
       2
       4
       1
       6
       4
       3
       0
       3
       6
       8
       3
       7
       5
       5
       3
       1
       6
       8
       5
       5
       3
       7
       3
       3
       4
       7
       4
       2
       2
       3
       6
       4
       5
       4
       1
       6
       6
       3
      10
       2
       3
       4
       6
       4
       2
       1
       3
       2
       3
       1
       8
       7
       3
       6
       6
       5
       3
       4
       6
       2
       4
       0
       5
       4
       4
       4
       4
       5
       2
       4
       2
       0
       6
       3
       5
       2
       6
       3
       6
       3
       2
       4
       6
       5
       6
       3
       6
       1
       3
       4
       4
       6
       4
       7
       4
       4
       2
       4
       5
       5
       7
       5
       4
       6
       6
       2
       3
       1
       2
       3
       4
       8
       2
       7
       3
       5
       5
       1
       1
       6
       2
       2
       1
       2
       3
       7
       6
       8
       2
       7
       4
       5
       5
       3
       5
       5
       4
       3
       7
       5
       3
       7
       0
       2
       6
       3
       4
      11
       3
       6
       2
       4
       3
       1
       5
       4
       1
       5
       2
       2
       4
       5
       8
       3
       6
       4
       4
       3
       2
       1
       5
       5
       2
       9
       7
       2
       3
       7
       7
       7
       1
       4
       6
       6
       3
       7
       6
       1
      10
       2
       7
       3
       3
       4
       6
       5
       2
       6
       7
       6
       2
       1
       2
       6
       7
       4
       7
       5
       3
       5
       3
       2
       3
       4
       3
       4
       2
       3
       3
       3
       6
       5
       2
       3
       4
       5
       2
       3
       8
       2
       3
       2
       3
       1
       3
       5
       1
       1
       6
       3
       3
       4
       2
       5
       6
       7
       1
       3
       5
       4
       3
       2
       6
       4
       7
       1
       2
       2
       3
       4
       1
       4
       4
       4
       9
       5
       4
       3
       1
       4
       2
       4
       5
       3
       3
       2
       6
       1
       8
       5
       3
       1
       2
       3
       3
       6
       5
       3
       4
       2
       3
       1
       3
       7
       3
       4
       6
       3
       5
       2
       5
       5
       2
       4
       5
       2
       4
       5
       6
       5
       2
       6
       4
       2
       2
       3
       5
       9
       2
       7
       3
       4
       0
       6
       4
       3
       3
       3
       4
       4
       1
       7
       5
       3
       4
       1
       5
       9
       4
       4
       3
       4
       4
       4
       4
       5
       5
       7
       6
       2
       7
       3
       2
       5
       2
       5
       4
       4
       4
       3
       3
       5
       7
       0
       3
       1
       2
       5
       4
       3
       5
       5
       7
       4
       1
       2
       2
       1
       8
       3
       2
       4
       3
       3
       3
       5
       3
       2
       8
       1
       3
       0
       4
       5
       3
       2
       6
       3
       2
       3
       3
       5
       2
       6
       3
       2
       4
       5
       4
       2
       5
       4
       2
       6
       5
       6
       2
       8
       3
       4
       3
       6
       6
       3
       3
       3
       5
       3
       6
       4
       6
       4
       4
       1
       7
       3
       3
       3
       4
       5
       6
       6
       2
       1
       4
       4
       5
       5
       1
       2
       8
       5
       2
       3
       1
       1
       3
       3
       3
       3
       5
       5
       7
       5
       5
       3
       5
       0
       4
       3
       2
       2
       3
       4
       2
       3
       2
       1
     347
     675
     692
     671
     691
     688
     675
     708
     707
     746
     687
     651
     704
     697
     720
     721
     681
     701
     689
     688
     714
     707
     718
     784
     722
     690
     723
     717
     696
     693
     742
     670
     692
     722
     717
     723
     701
     752
     746
     700
     720
     753
     856
     795
     845
    1422
    5034
   13594
   25954
   22468
    8816
    2289
    1271
    1052
     922
     751
     657
     613
     562
     495
     469
     482
     403
     410
     366
     352
     329
     287
     307
     296
     277
     252
     244
     222
     230
     246
     185
     219
     211
     196
     195
     157
     134
     140
     153
     168
     161
     150
     154
      92
      36
      35
      39
      36
      34
      35
      32
      32
      38
      38
      36
      32
      37
      33
      39
      28
      32
      30
      37
      36
      24
      32
      36
      28
      28
      40
      39
      30
      36
      40
      34
      32
      41
      38
      25
      34
      30
      40
      36
      41
      49
      40
      28
      40
      49
      45
      53
      57
      52
      54
      70
      71
      70
     100
     126
     320
     415
      66
       6
       3
       3
       0
       1
       0
       0
       0
       0
       0
       0
       0
       0
       0
       0
       0
       0
       0
       0
       0
       0
       0
       0
       0
       0
       0
       0
       0
       0
       0
       0
       0
       0
       0
       0
       0
       0
$ROI:
0
$PRESETS:
None
0
0
$ENER_FIT:
16.546301 0.358951
$MCA_CAL:
3
1.654630E+001 3.589510E-001 2.820340E-007 keV
$SHAPE_CAL:
3
2.043840E+000 1.584700E-003 -2.059380E-007
