$SPEC_ID:
bkgd
$SPEC_REM:
DET# 2
DETDESC# Rayleigh
AP# Maestro Version 7.01
$DATE_MEA:
06/12/2025 10:55:37
$MEAS_TIM:
345410 345463
$DATA:
0 8191
       0
       0
       0
       0
       0
       0
       0
       0
       0
       0
       0
       0
       0
       0
       0
       0
       0
       0
       0
       0
       0
       0
       0
       0
       0
       0
      10
     102
     236
     600
     739
     734
     773
     761
     763
     721
     756
     746
     678
     750
     722
     762
     734
     720
     708
     705
     723
     712
     691
     684
     690
     728
     706
     764
     737
     694
     711
     729
     705
     736
     759
     701
     689
     733
     743
     819
     830
     755
     672
     675
     676
     669
     656
     678
     700
     696
     680
     641
     681
     729
     711
     741
     737
     759
     683
     653
     666
     694
     660
     669
     691
     662
     668
     704
     660
     701
     712
     711
     728
     690
     754
     722
     735
     822
     905
    1030
    1046
     798
     691
     650
     709
     791
     782
     756
     723
     693
     703
     715
     709
     743
     754
     726
     778
     746
     784
     828
     861
    1024
    1083
    1026
     900
     948
    1200
    1558
    1439
     979
     826
     858
     952
    1033
     801
     700
     695
     756
     696
     706
     696
     711
     721
     768
     718
     728
     781
     785
     881
     955
    1141
    1113
     956
     770
     747
     869
     953
    1000
     824
     766
     748
     734
     740
     793
     781
     731
     812
     996
    1389
    1720
    1561
    1004
     807
     764
     706
     736
     716
     709
     763
     646
     719
     772
     707
     778
     745
     762
     692
     663
     708
     696
     680
     677
     689
     720
     708
     695
     713
     719
     726
     788
     772
     742
     704
     737
     697
     763
     726
     704
     785
     751
     721
     723
     783
     725
     792
     751
     765
     821
     746
     781
     805
     727
     771
     732
     729
     745
     723
     772
     732
     725
     746
     755
     765
     804
     741
     751
     808
     797
     747
     753
     744
     753
     776
     783
     819
     748
     776
     774
     800
     765
     790
     796
     788
     791
     774
     792
     817
     872
     777
     781
     821
     751
     774
     783
     784
     783
     786
     807
     764
     806
     794
     840
     774
     781
     757
     760
     800
     880
     807
     800
     847
     868
     864
     809
     811
     853
     847
     780
     869
     925
     957
     976
     868
     822
     796
     821
     802
     791
     802
     776
     807
     776
     753
     787
     764
     846
     787
     787
     793
     809
     818
     793
     802
     769
     810
     857
     827
     828
     810
     772
     784
     795
     818
     812
     820
     794
     803
     842
     845
     802
     797
     794
     777
     813
     810
     780
     860
     923
     876
     733
     806
     813
     802
     767
     806
     850
     775
     768
     768
     832
     777
     758
     791
     838
     737
     836
     832
     762
     762
     818
     795
     818
     829
     760
     784
     790
     792
     744
     804
     814
     803
     793
     772
     801
     852
     779
     813
     799
     800
     852
     810
     801
     803
     841
     801
     806
     792
     842
    1077
    1339
    1726
    1480
    1031
     865
     738
     719
     822
     821
     737
     780
     789
     767
     699
     751
     752
     762
     793
     781
     776
     771
     773
     817
     756
     757
     777
     760
     758
     731
     834
     876
     845
     782
     785
     792
     746
     799
     765
     765
     799
     776
     813
     829
     802
     775
     787
     799
     824
     827
     814
     761
     800
     757
     771
     765
     745
     758
     804
     788
     797
     743
     754
     738
     738
     768
     763
     756
     745
     721
     748
     759
     776
     756
     798
     725
     750
     793
     759
     727
     779
     722
     769
     754
     737
     768
     723
     696
     701
     702
     735
     707
     757
     745
     728
     754
     761
     718
     751
     753
     730
     682
     754
     736
     699
     702
     809
     701
     769
     720
     723
     716
     697
     717
     725
     731
     728
     752
     740
     708
     716
     688
     725
     716
     746
     869
    1126
    1577
    1607
    1111
     807
     723
     696
     792
     788
     841
     780
     719
     665
     699
     724
     686
     710
     681
     648
     693
     691
     669
     742
     680
     668
     686
     659
     700
     683
     689
     648
     673
     621
     669
     721
     709
     677
     623
     669
     678
     660
     676
     611
     655
     683
     633
     671
     662
     688
     621
     700
     628
     631
     656
     697
     638
     612
     662
     637
     638
     606
     660
     656
     631
     641
     629
     632
     689
     632
     640
     642
     626
     656
     627
     654
     666
     711
     728
     653
     621
     670
     620
     631
     616
     600
     653
     622
     594
     610
     646
     651
     652
     670
     672
     704
     673
     692
     638
     590
     623
     605
     599
     569
     626
     612
     609
     588
     609
     622
     624
     607
     642
     629
     560
     610
     548
     640
     607
     603
     603
     591
     606
     641
     640
     609
     614
     606
     588
     567
     571
     565
     591
     618
     698
     700
     856
     895
     755
     607
     659
     645
     583
     574
     579
     634
     580
     616
     608
     669
     626
     575
     566
     561
     604
     564
     572
     587
     557
     583
     521
     566
     583
     606
     575
     591
     566
     568
     586
     558
     578
     587
     571
     589
     546
     607
     582
     608
     553
     541
     578
     567
     566
     533
     595
     627
     584
     554
     563
     584
     566
     563
     549
     582
     546
     549
     582
     559
     576
     599
     554
     562
     548
     552
     555
     580
     606
     554
     523
     570
     563
     592
     573
     622
     572
     574
     592
     563
     530
     582
     529
     597
     555
     528
     579
     558
     548
     545
     491
     551
     532
     544
     537
     525
     576
     563
     575
     634
     744
     744
     643
     566
     538
     563
     541
     564
     507
     516
     551
     569
     534
     543
     526
     535
     461
     537
     532
     550
     508
     503
     488
     524
     517
     536
     553
     533
     545
     550
     581
     719
     956
    1122
    1033
     633
     558
     495
     487
     492
     550
     546
     487
     482
     490
     455
     515
     450
     509
     520
     510
     502
     466
     506
     511
     483
     495
     526
     481
     519
     499
     519
     504
     486
     494
     483
     532
     446
     489
     499
     488
     464
     488
     489
     495
     522
     496
     457
     477
     504
     483
     498
     484
     482
     500
     507
     458
     462
     488
     441
     480
     465
     441
     467
     483
     451
     464
     434
     441
     421
     480
     483
     473
     452
     455
     481
     460
     513
     427
     486
     463
     445
     481
     453
     480
     395
     447
     454
     495
     504
     516
     444
     471
     472
     474
     471
     443
     460
     462
     480
     487
     438
     431
     464
     442
     465
     465
     434
     427
     476
     493
     439
     461
     476
     463
     451
     460
     430
     453
     445
     491
     459
     465
     456
     411
     415
     411
     435
     433
     457
     454
     430
     466
     448
     461
     464
     444
     444
     467
     499
     463
     464
     410
     432
     435
     463
     402
     415
     453
     446
     427
     438
     423
     452
     424
     460
     413
     434
     457
     433
     435
     423
     398
     424
     455
     445
     434
     418
     453
     396
     406
     444
     415
     414
     367
     382
     420
     384
     416
     400
     406
     401
     384
     457
     393
     389
     400
     442
     400
     400
     441
     423
     413
     397
     424
     402
     419
     401
     423
     416
     426
     422
     434
     424
     412
     397
     398
     418
     429
     425
     457
     440
     404
     397
     400
     393
     429
     428
     388
     381
     405
     412
     428
     421
     427
     360
     370
     430
     375
     387
     418
     404
     396
     422
     395
     390
     402
     366
     348
     425
     369
     376
     415
     446
     414
     397
     400
     397
     423
     377
     430
     383
     385
     410
     389
     439
     380
     388
     419
     371
     363
     379
     380
     390
     430
     469
     487
     506
     434
     397
     394
     363
     365
     405
     403
     378
     430
     398
     396
     359
     358
     372
     393
     380
     376
     386
     393
     415
     387
     397
     381
     408
     366
     414
     333
     376
     395
     379
     391
     375
     410
     361
     391
     368
     381
     365
     407
     378
     380
     360
     348
     371
     383
     384
     420
     408
     383
     392
     387
     393
     407
     340
     386
     387
     376
     344
     370
     363
     373
     375
     375
     402
     354
     371
     376
     379
     370
     337
     386
     350
     406
     375
     371
     376
     383
     385
     386
     351
     339
     345
     371
     354
     363
     416
     355
     367
     346
     364
     391
     366
     333
     366
     342
     371
     386
     353
     348
     391
     338
     429
     392
     409
     415
     451
     593
     750
    1009
    1454
    1841
    2234
    2339
    2168
    1844
    1415
     944
     684
     606
     435
     436
     375
     395
     384
     374
     349
     362
     351
     307
     345
     352
     347
     348
     336
     329
     319
     296
     318
     361
     340
     319
     314
     349
     337
     341
     348
     347
     334
     346
     352
     338
     347
     324
     327
     338
     330
     339
     327
     323
     318
     331
     340
     323
     329
     359
     337
     338
     290
     322
     314
     311
     324
     325
     330
     321
     352
     327
     340
     303
     322
     332
     320
     337
     337
     299
     299
     317
     347
     343
     284
     345
     349
     307
     322
     314
     341
     347
     332
     299
     337
     343
     329
     314
     316
     325
     303
     298
     304
     330
     318
     318
     296
     314
     310
     299
     308
     315
     310
     356
     312
     317
     311
     340
     314
     328
     318
     316
     305
     331
     310
     322
     321
     351
     349
     330
     319
     340
     312
     333
     298
     307
     326
     327
     317
     348
     355
     309
     300
     300
     324
     327
     349
     319
     324
     316
     305
     296
     341
     295
     307
     298
     306
     321
     301
     309
     316
     287
     303
     296
     323
     299
     297
     312
     333
     304
     282
     291
     315
     298
     331
     359
     568
     769
    1065
     971
     635
     428
     341
     300
     298
     304
     277
     302
     298
     312
     307
     292
     277
     268
     308
     293
     284
     282
     275
     289
     325
     303
     279
     295
     300
     264
     311
     312
     335
     338
     284
     266
     317
     296
     295
     341
     320
     303
     325
     312
     303
     290
     299
     279
     293
     286
     294
     274
     288
     312
     280
     291
     302
     312
     288
     324
     383
     524
     729
    1149
    1528
    1373
     893
     474
     294
     297
     299
     288
     271
     276
     284
     282
     244
     271
     260
     289
     290
     289
     266
     283
     246
     254
     260
     274
     293
     278
     233
     290
     277
     273
     268
     308
     296
     244
     252
     252
     242
     284
     303
     252
     292
     262
     266
     274
     312
     268
     252
     263
     272
     276
     261
     261
     257
     264
     275
     271
     275
     246
     278
     283
     277
     254
     272
     272
     266
     294
     239
     266
     264
     256
     259
     263
     276
     284
     246
     253
     262
     260
     277
     268
     288
     250
     233
     251
     267
     278
     252
     280
     262
     257
     263
     298
     274
     292
     266
     286
     290
     274
     287
     268
     281
     276
     273
     257
     244
     272
     255
     236
     261
     247
     255
     279
     242
     247
     260
     268
     239
     277
     251
     263
     270
     287
     254
     318
     311
     319
     263
     271
     247
     282
     274
     249
     302
     283
     324
     278
     264
     259
     263
     268
     244
     261
     243
     236
     253
     267
     224
     249
     246
     268
     244
     222
     225
     268
     254
     263
     258
     251
     261
     259
     287
     258
     213
     273
     229
     244
     231
     247
     239
     266
     244
     248
     246
     234
     256
     241
     224
     246
     284
     253
     255
     240
     258
     291
     264
     257
     269
     243
     255
     262
     250
     275
     277
     242
     254
     240
     266
     256
     257
     228
     251
     259
     254
     217
     261
     279
     247
     249
     254
     277
     258
     261
     254
     223
     240
     256
     267
     247
     273
     241
     229
     260
     283
     260
     256
     255
     248
     234
     272
     257
     260
     242
     257
     255
     265
     255
     256
     248
     202
     239
     226
     273
     252
     255
     233
     239
     234
     230
     236
     235
     260
     252
     240
     240
     239
     240
     232
     230
     254
     258
     252
     239
     243
     243
     253
     249
     252
     215
     247
     229
     223
     246
     219
     247
     243
     215
     245
     260
     313
     434
     429
     343
     305
     267
     259
     224
     228
     247
     243
     220
     215
     224
     264
     238
     255
     224
     230
     210
     228
     218
     222
     206
     211
     244
     227
     194
     234
     237
     232
     226
     236
     225
     230
     239
     207
     247
     266
     250
     228
     243
     263
     222
     242
     231
     218
     239
     217
     223
     223
     204
     244
     200
     227
     198
     231
     219
     260
     243
     257
     220
     251
     205
     214
     236
     225
     251
     271
     276
     272
     261
     216
     250
     225
     204
     257
     245
     212
     243
     200
     230
     209
     232
     229
     222
     255
     250
     260
     216
     240
     233
     248
     248
     247
     272
     270
     290
     312
     358
     359
     249
     230
     227
     197
     219
     222
     230
     235
     245
     240
     209
     247
     210
     209
     209
     217
     206
     211
     217
     214
     209
     223
     209
     209
     232
     206
     236
     225
     225
     241
     249
     217
     208
     226
     241
     206
     214
     250
     255
     264
     280
     260
     223
     223
     226
     204
     186
     220
     213
     200
     220
     200
     209
     215
     207
     193
     206
     212
     226
     244
     308
     312
     277
     275
     201
     255
     196
     211
     227
     196
     193
     200
     204
     198
     193
     195
     215
     207
     228
     245
     192
     236
     225
     209
     200
     221
     218
     207
     212
     222
     219
     217
     210
     216
     204
     211
     191
     168
     202
     206
     202
     181
     215
     193
     186
     199
     192
     208
     239
     190
     182
     183
     211
     200
     183
     180
     192
     193
     222
     203
     170
     196
     205
     218
     189
     194
     206
     188
     205
     213
     174
     193
     199
     188
     210
     213
     207
     194
     219
     177
     194
     202
     171
     211
     214
     211
     223
     211
     217
     219
     192
     189
     192
     195
     212
     207
     232
     228
     254
     236
     199
     222
     178
     175
     211
     222
     187
     222
     204
     245
     223
     211
     165
     192
     190
     181
     210
     186
     191
     191
     188
     219
     169
     199
     208
     223
     200
     209
     170
     184
     208
     194
     203
     204
     186
     193
     194
     219
     181
     204
     214
     190
     202
     202
     143
     170
     190
     185
     210
     186
     201
     187
     215
     216
     224
     254
     268
     288
     258
     242
     182
     178
     177
     182
     192
     200
     200
     184
     205
     171
     195
     199
     219
     191
     174
     185
     197
     195
     182
     191
     189
     207
     183
     186
     162
     186
     196
     181
     193
     190
     185
     171
     180
     193
     184
     201
     181
     196
     188
     192
     186
     167
     187
     174
     178
     178
     187
     169
     191
     174
     205
     182
     167
     173
     186
     190
     182
     189
     182
     165
     188
     180
     189
     180
     188
     197
     167
     178
     211
     177
     194
     167
     180
     183
     181
     203
     182
     198
     171
     188
     154
     173
     194
     180
     191
     186
     177
     180
     166
     208
     208
     206
     169
     180
     146
     210
     184
     170
     204
     185
     196
     211
     198
     192
     174
     184
     180
     188
     175
     175
     185
     161
     176
     217
     313
     532
     785
     910
     828
     557
     352
     200
     180
     158
     185
     189
     157
     191
     184
     171
     162
     162
     167
     173
     166
     134
     167
     168
     182
     186
     185
     179
     134
     175
     173
     157
     168
     137
     154
     170
     165
     176
     166
     148
     176
     160
     176
     201
     160
     142
     180
     166
     153
     159
     171
     173
     157
     176
     191
     208
     244
     277
     279
     247
     185
     156
     151
     177
     181
     187
     161
     177
     173
     151
     162
     168
     168
     175
     168
     170
     160
     165
     131
     166
     172
     168
     168
     154
     166
     178
     169
     138
     154
     156
     178
     179
     182
     162
     171
     168
     178
     160
     181
     180
     187
     162
     176
     173
     176
     158
     183
     134
     167
     169
     176
     169
     164
     141
     183
     151
     161
     154
     164
     171
     134
     173
     145
     163
     169
     151
     171
     180
     230
     300
     298
     276
     226
     198
     181
     184
     191
     258
     382
     491
     615
     543
     401
     269
     174
     155
     137
     186
     181
     170
     156
     156
     148
     165
     154
     158
     151
     174
     138
     154
     160
     139
     164
     152
     151
     149
     173
     166
     157
     143
     153
     175
     136
     182
     152
     177
     165
     155
     196
     170
     149
     161
     144
     150
     155
     157
     151
     153
     151
     151
     144
     150
     158
     172
     148
     136
     142
     124
     180
     129
     154
     124
     140
     150
     156
     129
     153
     170
     137
     142
     145
     135
     158
     196
     190
     214
     226
     235
     210
     188
     158
     155
     158
     151
     130
     154
     153
     152
     159
     172
     179
     141
     139
     147
     144
     131
     172
     148
     146
     152
     152
     141
     152
     161
     150
     160
     162
     139
     132
     145
     144
     148
     157
     134
     119
     185
     148
     156
     167
     144
     153
     142
     125
     146
     148
     154
     168
     155
     171
     159
     140
     140
     151
     169
     146
     127
     154
     154
     135
     117
     145
     159
     160
     148
     124
     139
     173
     143
     138
     153
     162
     171
     174
     158
     158
     148
     160
     147
     178
     162
     131
     153
     149
     146
     167
     146
     144
     153
     142
     145
     144
     144
     162
     171
     125
     138
     144
     143
     144
     132
     129
     129
     145
     147
     132
     153
     167
     142
     121
     133
     152
     164
     164
     142
     138
     149
     141
     123
     150
     120
     164
     167
     149
     156
     139
     161
     163
     142
     153
     144
     159
     154
     143
     161
     155
     145
     163
     144
     122
     136
     125
     148
     163
     128
     148
     145
     174
     122
     143
     171
     137
     159
     127
     126
     162
     141
     166
     140
     157
     151
     143
     141
     155
     143
     137
     125
     134
     144
     158
     151
     145
     125
     135
     158
     145
     140
     145
     147
     170
     158
     140
     172
     129
     124
     132
     121
     146
     153
     129
     124
     143
     120
     150
     153
     140
     138
     146
     133
     140
     149
     138
     134
     158
     128
     147
     149
     137
     138
     153
     129
     126
     154
     147
     136
     145
     139
     134
     147
     151
     166
     139
     151
     163
     142
     134
     143
     144
     157
     135
     143
     145
     144
     145
     149
     148
     122
     141
     143
     134
     146
     153
     155
     147
     133
     136
     134
     127
     146
     140
     144
     148
     137
     154
     116
     133
     129
     161
     168
     139
     156
     131
     134
     128
     127
     117
     146
     132
     122
     129
     127
     145
     124
     145
     128
     143
     185
     272
     418
     525
     669
     611
     445
     274
     180
     146
     139
     145
     148
     127
     132
     126
     143
     125
     137
     145
     144
     125
     131
     110
     139
     142
     150
     134
     131
     152
     126
     138
     133
     138
     161
     141
     133
     149
     133
     117
     122
     130
     118
     128
     151
     149
     109
     138
     126
     131
     128
     131
     140
     136
     132
     138
     123
     147
     149
     128
     140
     133
     128
     137
     134
     146
     132
     109
     131
     122
     124
     146
     125
     136
     146
     135
     114
     125
     130
     121
     146
     120
     142
     132
     140
     165
     179
     165
     189
     168
     164
     121
     127
     143
     127
     155
     131
     143
     135
     150
     122
     126
     133
     130
     118
     135
     102
     134
     155
     133
     127
     112
     124
     124
     143
     111
     109
     140
     127
     134
     124
     144
     129
     136
     132
     125
     113
     131
     144
     184
     144
     134
     141
     139
     130
     124
     114
     117
     118
     132
     133
     148
     112
     136
     129
     125
     122
     132
     133
     125
     120
     150
     139
      99
     133
     129
     122
     129
     143
     137
     126
     127
     112
     140
     133
     131
     119
     135
     139
     128
     133
     134
     107
     140
     125
     144
     118
     150
     140
     119
     152
     135
     126
     116
     121
     126
     130
     140
     126
     122
     126
     133
     129
     134
     131
     151
     130
     134
     140
     126
     142
     125
     127
     133
     133
     145
     133
     134
     117
     124
     150
     130
     124
     163
     136
     133
     147
     147
     147
     116
     119
     144
     128
     136
     120
     137
     116
     155
     114
     116
     125
     127
     137
     133
     144
     158
     126
     121
     136
     124
     142
     143
     140
     122
     125
     142
     136
     118
     135
     139
     130
     152
     131
     130
     130
     129
     147
     146
     111
     128
     119
     125
     102
     131
     144
     123
     121
     139
     130
     119
     109
     115
     129
     126
     137
     134
     108
     123
     140
     154
     166
     182
     277
     302
     340
     308
     230
     168
     128
     133
     129
     109
     107
     116
     131
     121
     134
     122
     139
     113
      97
     137
     132
     118
     115
     128
     122
     128
     113
     119
     109
      89
     112
     118
     107
     140
     112
     126
     121
     130
     123
     117
     106
     125
     122
     131
     120
     117
     104
     110
     116
     121
     113
     115
     100
     111
     116
     105
     104
     107
     103
     103
     101
     103
      97
      98
     121
     129
     105
      99
     117
      94
     114
     103
     120
     106
     110
      96
     121
     103
     113
      95
     109
      86
     119
      94
     124
     108
     112
     120
     111
     103
     110
     123
     105
      86
      97
     119
     104
     117
     118
     114
     128
     135
     138
     167
     159
     162
     138
     120
     104
      96
     104
     107
      89
     103
     134
     118
      88
     118
      88
     114
      99
      97
      95
     113
      88
      98
      97
     101
      92
      94
     115
     113
      95
      89
     116
     113
     115
     104
     107
      96
     111
      94
      94
      92
      92
      96
     123
      77
      91
     100
      94
      86
     105
     101
     100
      94
      95
     117
      99
      97
      85
     105
     109
      87
     101
      99
      86
      95
      82
     103
      87
     104
      94
      94
     105
     103
     122
     103
      85
      89
      95
      99
      90
      90
      95
      87
      99
     110
     101
     100
     103
     104
      93
      96
      81
      92
     105
     106
      88
      78
      85
      83
      86
      90
      74
      85
      94
      90
      93
      98
      92
      90
     104
      94
      87
      91
      83
      97
      98
      70
      86
     111
      97
      98
     100
      96
     101
      96
     103
      94
      90
      85
      75
      90
     102
      93
     102
      87
      85
      88
      74
     103
      86
      86
      89
      84
      71
      89
      87
      90
      94
      60
      91
      92
      63
      82
     118
      91
     100
      81
      96
      81
      91
      86
      84
      86
      88
      93
      87
      78
      92
      93
      78
      96
      89
      73
      82
      87
      70
      80
      84
      84
      78
      84
      83
      93
      67
      84
      92
      86
      82
      79
      76
      79
      95
      85
      86
     101
      92
      79
      91
      83
      79
      83
      74
      78
      86
      86
      96
      80
      95
      83
      77
      78
      86
      67
      85
      81
      89
      85
      85
      82
      71
      82
      73
      89
      93
      96
      93
     121
     164
     179
     211
     217
     211
     163
     115
      73
      82
      75
      73
      72
      82
      82
      86
      76
     100
      97
      92
     105
      93
     132
      98
     101
      81
      70
      86
      77
      71
      66
      73
      90
      82
      92
      92
      72
      81
      69
      81
      94
      81
      69
      97
      76
      86
      80
      69
      72
      79
      59
     101
      64
      81
      85
      76
      81
      86
      95
     103
     141
     122
     124
      79
      81
      62
      87
      67
      96
      72
      71
      66
     118
     121
     145
     160
     136
     159
     118
      91
      74
      88
      78
      74
      67
      72
      81
      84
      66
      71
      80
      73
      84
      73
      92
      69
      66
      80
      76
      82
      66
      72
      89
      79
      69
      68
      57
      79
      56
      77
      70
      79
      88
      71
      67
      82
      64
      79
      74
      81
      74
      82
      87
      78
      75
      75
      78
      75
      79
      82
      74
      82
      65
      62
      88
      87
      78
      90
      83
      96
      77
      73
      78
      81
      65
      76
      68
      77
      62
      75
      71
      74
      89
      69
      84
      82
      74
      64
      75
      78
      71
      79
      94
      73
      72
      68
      71
      59
      57
      71
      72
      70
      84
      70
      65
      63
      68
      74
      62
      75
      83
      72
      77
      68
      81
      81
      80
      93
      70
      89
      73
      82
      98
      81
     142
     208
     415
     822
    1384
    2026
    2710
    2667
    1979
    1242
     625
     273
     108
      72
      68
      50
      44
      57
      56
      49
      63
      60
      56
      53
      68
      61
      69
      69
      51
      61
      59
      58
      52
      62
      57
      59
      64
      64
      52
      72
      60
      54
      53
      59
      61
      63
      58
      65
      54
      60
      59
      70
      75
      55
      59
      51
      47
      68
      59
      64
      60
      68
      59
      46
      64
      62
      57
      46
      62
      59
      58
      56
      48
      66
      61
      68
      61
      58
      59
      65
      60
      55
      63
      47
      61
      72
      63
      57
      52
      88
      83
      87
      76
      72
      61
      60
      52
      58
      62
      50
      60
      80
      72
      70
      81
      66
      74
      61
      59
      53
      62
      57
      61
      68
      77
      67
      59
      74
      65
      98
     122
     135
     129
     108
      91
      69
      64
      65
      61
      73
      59
      68
      63
      61
      53
      54
      62
      55
      61
      51
      60
      64
      65
      56
      50
      51
      58
      46
      45
      63
      52
      59
      54
      47
      49
      76
      61
      61
      58
      65
      67
      51
      61
      48
      52
      50
      55
      45
      68
      58
      47
      57
      58
      62
      58
      65
      55
      65
      60
      54
      60
      47
      49
      51
      70
      54
      58
      56
      75
      72
      53
      78
      61
      59
      65
      53
      65
      58
      68
      58
      63
      75
      78
      64
      57
      53
      55
      56
      44
      61
      55
      55
      63
      47
      42
      74
      39
      58
      32
      46
      58
      54
      54
      54
      37
      51
      46
      43
      46
      43
      51
      61
      52
      52
      50
      52
      55
      55
      67
      51
      55
      29
      58
      40
      51
      57
      46
      51
      55
      41
      40
      51
      46
      48
      51
      47
      43
      53
      47
      57
      37
      55
      47
      51
      44
      68
      62
      47
      58
      62
      53
      46
      56
      53
      56
      52
      54
      51
      49
      47
      34
      49
      49
      51
      46
      52
      56
      67
      77
      65
      63
      54
      71
      70
      74
      65
      81
      75
      66
      61
      66
      54
      62
      49
      66
      97
     143
     129
     147
     140
      94
      71
      62
      48
      61
      59
      92
     111
     122
     101
      99
      89
      77
      62
      48
      46
      59
      48
      55
      42
      47
      80
      55
      70
      52
      57
      54
      53
      59
      50
      46
      46
      53
      40
      41
      55
      40
      35
      53
      46
      59
      45
      51
      56
      51
      47
      52
      45
      40
      63
      37
      35
      45
      51
      25
      51
      43
      52
      40
      47
      35
      47
      46
      44
      54
      43
      40
      52
      50
      55
      53
      55
      62
      64
     101
      76
      67
      63
      71
      55
      49
      59
      63
      54
      40
      44
      55
      48
      53
      63
      37
      38
      47
      48
      55
      69
      73
      83
     110
      69
      82
      62
      47
      43
      50
      52
      51
      38
      52
      38
      43
      51
      39
      43
      58
      41
      61
      42
      48
      54
      47
      46
      44
      33
      45
      50
      40
      37
      29
      36
      56
      38
      35
      43
      53
      55
      40
      33
      41
      38
      50
      45
      44
      43
      43
      37
      28
      40
      48
      32
      41
      44
      43
      45
      46
      44
      53
      47
      44
      44
      37
      41
      60
      43
      51
      39
      48
      50
      66
      66
      70
      75
      77
      44
      60
      52
      43
      35
      32
      42
      58
      46
      49
      43
      54
      36
      52
      51
      42
      34
      36
      32
      43
      50
      35
      49
      36
      53
      33
      46
      35
      36
      39
      38
      37
      48
      42
      46
      45
      45
      41
      51
      38
      44
      49
      52
      36
      42
      33
      54
      46
      52
      44
      48
      58
      55
      48
      59
      43
      53
      47
      45
      46
      45
      43
      37
      49
      45
      36
      35
      48
      55
      40
      50
      43
      48
      58
      51
      52
      33
      43
      37
      43
      40
      39
      46
      46
      42
      36
      54
      37
      48
      36
      41
      43
      49
      31
      41
      42
      43
      47
      42
      30
      31
      42
      42
      35
      36
      32
      41
      33
      36
      32
      39
      41
      40
      42
      32
      41
      38
      49
      41
      42
      45
      48
      35
      31
      46
      34
      31
      34
      45
      33
      44
      37
      32
      37
      43
      42
      47
      43
      28
      28
      45
      37
      45
      29
      41
      41
      35
      39
      40
      53
      46
      45
      43
      53
      45
      60
      70
     134
     139
     135
     144
      99
      71
      49
      52
      48
      31
      36
      36
      50
      37
      41
      36
      44
      33
      41
      37
      40
      33
      48
      22
      44
      33
      44
      31
      45
      37
      41
      41
      37
      41
      39
      36
      41
      39
      36
      37
      33
      47
      48
      41
      36
      38
      39
      43
      43
      41
      24
      42
      41
      29
      44
      33
      50
      38
      33
      36
      31
      43
      43
      42
      37
      53
      37
      37
      46
      32
      42
      41
      39
      38
      41
      46
      47
      47
      66
      95
     152
     253
     391
     492
     539
     564
     424
     263
     160
      85
      60
      30
      40
      34
      24
      37
      28
      43
      35
      40
      28
      29
      42
      41
      43
      28
      40
      49
      32
      38
      38
      39
      42
      29
      34
      37
      45
      25
      34
      40
      32
      36
      34
      32
      35
      41
      36
      32
      33
      40
      30
      28
      37
      37
      34
      34
      37
      32
      34
      41
      43
      37
      37
      28
      30
      36
      38
      24
      42
      28
      43
      28
      33
      35
      40
      39
      42
      31
      35
      46
      35
      35
      46
      30
      55
      35
      36
      32
      35
      39
      30
      37
      34
      35
      39
      26
      41
      34
      31
      38
      38
      30
      42
      42
      34
      43
      31
      35
      32
      30
      23
      32
      38
      48
      42
      36
      40
      41
      26
      40
      32
      44
      34
      34
      41
      37
      38
      37
      30
      34
      42
      31
      25
      34
      32
      35
      43
      27
      36
      35
      37
      32
      38
      41
      39
      30
      35
      33
      29
      38
      48
      33
      29
      40
      33
      28
      36
      39
      26
      38
      32
      41
      38
      33
      45
      27
      39
      33
      44
      29
      38
      37
      31
      31
      35
      49
      54
      37
      44
      44
      45
      39
      32
      40
      41
      46
      25
      24
      33
      31
      41
      39
      36
      36
      50
      56
      54
      82
      99
      94
      96
      98
      61
      51
      36
      36
      33
      41
      44
      25
      30
      41
      30
      29
      31
      32
      33
      32
      45
      43
      31
      41
      31
      42
      33
      35
      35
      31
      40
      39
      45
      32
      37
      41
      32
      37
      34
      31
      29
      32
      23
      35
      35
      32
      30
      38
      39
      25
      39
      32
      30
      38
      35
      34
      33
      47
      36
      48
      49
      43
      44
      43
      38
      38
      47
      35
      27
      27
      40
      32
      41
      20
      32
      42
      38
      36
      37
      29
      29
      37
      48
      31
      45
      29
      31
      26
      30
      39
      30
      39
      30
      30
      38
      35
      29
      31
      37
      38
      43
      20
      33
      37
      42
      38
      45
      43
      35
      32
      31
      21
      37
      41
      34
      40
      47
      31
      32
      41
      38
      36
      40
      48
      28
      22
      34
      33
      30
      39
      36
      43
      32
      37
      40
      38
      37
      41
      32
      32
      32
      30
      24
      24
      30
      32
      45
      42
      33
      31
      41
      52
      33
      39
      33
      34
      30
      27
      36
      39
      39
      31
      42
      40
      21
      33
      28
      38
      38
      40
      44
      32
      31
      32
      32
      41
      23
      42
      36
      29
      30
      38
      26
      32
      33
      30
      39
      36
      34
      32
      30
      25
      35
      30
      44
      43
      33
      30
      40
      34
      38
      33
      37
      32
      31
      47
      23
      32
      35
      27
      44
      28
      39
      40
      34
      28
      36
      35
      37
      36
      40
      36
      29
      29
      28
      27
      25
      35
      41
      36
      26
      35
      34
      37
      30
      26
      38
      40
      38
      29
      27
      27
      31
      43
      33
      39
      29
      38
      36
      26
      33
      28
      35
      24
      39
      38
      34
      29
      38
      42
      32
      33
      30
      30
      42
      33
      36
      23
      31
      37
      28
      31
      32
      44
      30
      33
      28
      37
      32
      35
      43
      31
      28
      31
      37
      29
      29
      30
      29
      37
      33
      35
      33
      33
      35
      38
      31
      29
      34
      34
      41
      33
      30
      40
      41
      29
      29
      36
      43
      35
      32
      34
      30
      31
      42
      38
      36
      29
      34
      30
      28
      30
      29
      36
      30
      32
      35
      20
      31
      37
      24
      27
      28
      26
      28
      27
      32
      28
      28
      29
      33
      34
      34
      36
      19
      36
      25
      24
      41
      31
      33
      33
      35
      35
      36
      34
      32
      32
      33
      36
      34
      25
      42
      27
      27
      32
      31
      27
      27
      37
      38
      34
      22
      25
      29
      31
      33
      37
      31
      24
      27
      26
      31
      27
      37
      39
      34
      35
      33
      21
      28
      27
      25
      29
      26
      25
      31
      30
      31
      41
      30
      27
      19
      33
      33
      24
      29
      22
      29
      29
      30
      22
      33
      22
      31
      25
      33
      26
      29
      41
      33
      29
      22
      24
      24
      30
      35
      39
      35
      36
      32
      26
      31
      30
      24
      38
      20
      31
      22
      38
      34
      27
      40
      27
      41
      40
      22
      35
      30
      20
      19
      42
      22
      40
      30
      23
      23
      32
      34
      25
      30
      29
      22
      33
      38
      36
      27
      31
      23
      29
      26
      35
      24
      27
      40
      24
      23
      30
      31
      28
      28
      28
      31
      30
      33
      23
      34
      30
      40
      25
      25
      25
      34
      30
      29
      25
      20
      35
      25
      29
      24
      29
      37
      23
      31
      29
      25
      24
      33
      26
      32
      30
      27
      30
      29
      25
      20
      28
      29
      27
      26
      26
      21
      36
      31
      16
      30
      35
      31
      26
      39
      28
      29
      28
      28
      28
      21
      30
      35
      22
      32
      23
      30
      38
      26
      37
      26
      23
      28
      29
      27
      26
      45
      29
      29
      24
      41
      46
      32
      35
      23
      29
      26
      25
      20
      24
      33
      18
      31
      38
      30
      25
      29
      29
      29
      30
      29
      30
      24
      28
      31
      35
      25
      34
      21
      27
      35
      25
      24
      27
      25
      39
      28
      34
      31
      42
      38
      51
      63
      66
      77
     105
     129
     118
     139
     120
     125
      65
      69
      49
      44
      41
      36
      28
      34
      26
      25
      28
      30
      35
      31
      29
      26
      25
      35
      30
      26
      22
      24
      35
      30
      31
      29
      32
      31
      49
      50
      66
      66
      57
      62
      59
      45
      27
      31
      34
      30
      24
      27
      35
      23
      29
      31
      32
      27
      34
      32
      30
      37
      28
      29
      28
      26
      34
      42
      34
      40
      36
      25
      31
      25
      22
      32
      31
      15
      29
      32
      25
      29
      25
      22
      24
      24
      32
      29
      36
      28
      33
      26
      31
      31
      35
      32
      28
      25
      31
      28
      30
      26
      34
      26
      25
      26
      25
      30
      29
      32
      32
      35
      31
      25
      25
      29
      31
      30
      31
      27
      27
      16
      21
      30
      33
      25
      26
      20
      34
      39
      30
      30
      39
      35
      26
      32
      26
      32
      28
      34
      28
      25
      36
      29
      21
      24
      34
      29
      31
      30
      17
      27
      35
      22
      24
      31
      25
      22
      26
      31
      27
      23
      30
      31
      33
      28
      36
      31
      31
      21
      20
      30
      29
      38
      28
      31
      32
      31
      24
      32
      26
      32
      24
      29
      32
      25
      26
      22
      34
      27
      29
      35
      34
      36
      26
      26
      25
      31
      36
      27
      19
      29
      27
      43
      25
      25
      19
      33
      33
      26
      28
      26
      29
      30
      28
      27
      30
      37
      25
      28
      33
      30
      27
      20
      22
      29
      32
      23
      27
      39
      23
      24
      22
      45
      30
      28
      42
      49
      76
      97
     149
     160
     172
     196
     163
     132
      90
      58
      34
      30
      35
      35
      30
      35
      29
      26
      36
      33
      26
      36
      32
      27
      19
      27
      30
      29
      37
      30
      34
      29
      38
      33
      34
      25
      23
      22
      29
      29
      25
      42
      31
      22
      31
      25
      29
      30
      23
      32
      48
      32
      27
      22
      36
      26
      28
      26
      36
      30
      24
      38
      29
      26
      28
      21
      29
      32
      25
      24
      27
      31
      19
      28
      24
      23
      31
      32
      28
      25
      25
      18
      25
      28
      32
      24
      27
      30
      23
      22
      27
      24
      19
      31
      24
      32
      31
      33
      26
      33
      23
      23
      33
      21
      26
      28
      33
      22
      23
      23
      21
      29
      31
      27
      25
      21
      43
      21
      28
      37
      39
      32
      32
      24
      30
      32
      33
      21
      31
      26
      30
      24
      33
      29
      24
      31
      31
      31
      25
      21
      26
      23
      39
      42
      28
      29
      31
      26
      29
      39
      35
      37
      31
      27
      27
      25
      25
      21
      31
      29
      19
      25
      20
      18
      26
      26
      29
      33
      22
      28
      23
      24
      34
      26
      31
      31
      33
      27
      38
      31
      34
      27
      26
      29
      32
      25
      30
      25
      23
      24
      30
      30
      25
      27
      30
      30
      30
      27
      31
      40
      29
      35
      31
      33
      30
      39
      29
      43
      29
      44
      35
      49
      41
      40
      38
      35
      37
      38
      38
      30
      34
      38
      23
      38
      36
      22
      27
      27
      27
      24
      36
      27
      30
      19
      36
      31
      26
      27
      37
      33
      19
      35
      32
      26
      30
      24
      38
      28
      22
      31
      31
      27
      22
      27
      30
      28
      29
      20
      32
      27
      28
      39
      23
      36
      26
      29
      32
      25
      29
      26
      32
      31
      30
      27
      29
      35
      20
      23
      30
      28
      31
      28
      32
      26
      19
      29
      27
      24
      24
      31
      22
      25
      41
      28
      27
      42
      29
      31
      32
      36
      31
      32
      28
      21
      32
      23
      24
      27
      21
      30
      29
      25
      41
      26
      28
      24
      34
      25
      32
      18
      26
      25
      28
      22
      25
      20
      29
      31
      30
      30
      29
      30
      17
      30
      28
      21
      25
      27
      32
      34
      27
      31
      32
      27
      34
      28
      33
      33
      34
      23
      27
      23
      27
      22
      40
      35
      30
      32
      22
      21
      38
      33
      29
      35
      31
      27
      43
      33
      35
      23
      30
      38
      33
      29
      28
      25
      31
      31
      29
      26
      32
      32
      36
      26
      39
      33
      34
      27
      39
      30
      33
      26
      20
      35
      24
      20
      34
      33
      28
      29
      27
      32
      34
      34
      33
      25
      32
      35
      33
      35
      33
      27
      33
      31
      24
      34
      24
      34
      26
      36
      28
      34
      21
      31
      26
      24
      25
      31
      20
      24
      28
      27
      23
      21
      26
      25
      16
      34
      27
      30
      41
      22
      24
      35
      31
      24
      26
      24
      18
      31
      22
      23
      29
      15
      28
      24
      22
      30
      28
      18
      20
      16
      24
      23
      24
      18
      26
      21
      23
      21
      22
      18
      14
      27
      32
      23
      23
      13
      31
      21
      29
      18
      14
      18
      22
      22
      21
      30
      19
      30
      21
      20
      14
      29
      23
      27
      17
      29
      12
      26
      17
      25
      21
      19
      23
      25
      24
      26
      19
      22
      14
      21
      21
      25
      18
      21
      15
      19
      22
      26
      22
      19
      25
      22
      29
      14
      19
      20
      22
      29
      20
      28
      23
      17
      12
      23
      22
      17
      25
      17
      25
      24
      25
      29
      39
      24
      18
      15
      15
      20
      11
      13
      22
      20
      28
      25
      15
      27
      22
      24
      17
      19
      25
      26
      27
      18
      23
      15
      15
      21
      26
      30
      38
      59
      64
      67
      71
      71
      59
      37
      31
      25
      24
      14
      17
      19
      18
      18
      18
      14
      28
      15
      19
      22
      10
      19
      19
      19
      24
      16
      19
      11
      12
      16
      24
      27
      21
       8
      23
      21
      21
      24
      16
      23
      22
      24
      17
      17
      25
      19
      14
      17
      13
      21
       9
      14
      15
      16
      15
      16
      15
      13
      15
      25
      16
      15
      20
      19
      20
      11
      12
      14
      22
      18
      23
      14
      23
      15
      19
      20
      15
      17
      23
      14
      18
      20
      19
      18
      18
      13
      23
      14
      17
      16
      15
      14
      16
      17
      18
      13
      17
      13
      15
       8
      13
      19
      17
      16
      11
      12
      18
      20
      20
      16
       9
      15
      12
      23
      15
      14
      15
      12
      22
      15
      23
      18
      16
      11
      17
      10
      16
      16
      15
      11
      15
      10
      16
      14
      11
      16
      14
       8
      12
      18
       6
       6
      12
      10
      10
      15
      12
      14
      12
       8
      13
      13
      10
       4
      10
      14
       9
      19
       9
       9
      14
      15
      18
      13
      13
      11
      12
      14
       9
      12
      16
      13
       9
      15
      13
      14
      17
      13
       9
      13
      13
      14
      13
      15
      10
      12
       8
      14
      14
      16
      15
      14
      13
      11
       9
      12
      19
      18
       7
      19
      15
      14
      18
      11
      10
      14
      15
      23
      10
      10
      10
       4
      10
      11
      13
       7
      11
      10
      15
      15
      14
      14
      10
      12
      11
      12
       4
      11
      12
      13
      12
      12
      15
      21
      10
      11
      10
       9
      19
       9
      14
      11
       4
      11
      13
      13
      12
      15
      16
      11
      11
      16
      16
      13
      11
      11
      15
       6
       9
      14
      10
      12
      11
       9
      15
      11
      14
      12
      15
      14
      10
       9
      16
      13
      14
      14
       7
      14
      16
       8
      13
      10
      11
      11
      11
       9
      16
      13
      20
      17
      13
      15
      13
      11
      11
       9
      10
      14
      11
      10
      13
      13
      10
      10
       9
      18
      11
      11
      12
      14
      15
      13
      17
      13
      12
       5
      17
       5
      21
       9
      12
      13
       3
       8
      15
       7
      12
      11
      13
      19
       9
       7
      17
      11
      12
      10
      16
       9
       8
      18
      12
      11
       6
      13
      10
      15
       8
      17
      12
      16
      19
      14
      10
      15
      14
      17
      15
      13
      13
      13
      15
      16
      11
      13
      20
       8
       9
       6
      14
       8
       9
      17
      10
      10
      14
      12
      16
      13
      15
      12
      18
      23
      23
      33
      47
      71
     116
     194
     331
     447
     682
     830
     916
     983
     800
     603
     370
     216
     118
      45
      21
      17
       5
       6
       8
      12
       5
       9
      11
       9
       4
      10
       7
       9
       9
       8
       8
       6
       3
      10
       7
      11
       7
       7
       9
       2
       6
       5
       9
       7
       7
       5
       7
       6
      11
       3
      12
       7
      10
       8
       6
       4
       9
       8
       4
       8
       6
       7
       5
      10
       6
       4
       4
       5
       8
      13
       8
       8
      12
      12
       8
      10
       5
       9
       5
      10
      10
      10
       5
      10
      10
       7
       7
       6
      10
       9
       6
       6
       9
       6
       9
       8
       6
      14
       9
      13
       7
       7
      12
       7
       8
      14
       4
      10
      12
       5
       7
      12
       4
       6
      10
       8
       8
      11
      11
       7
       6
       6
      10
       8
      13
      10
       7
       8
       7
       6
       4
       8
       3
      10
       6
       7
       9
       4
       6
       9
       6
       7
       7
      14
      13
       6
      12
      13
       6
      10
       8
      13
       6
       8
       7
      11
       9
      13
       8
       8
       6
       7
       7
       9
       8
       9
       7
       8
       1
       2
       9
      10
      10
      13
       8
      11
       1
      12
       6
       9
       9
      11
       7
       7
       4
       4
       7
       7
       9
      12
      10
       7
       8
       9
       6
      11
       8
       3
       7
      14
       9
       6
       6
       6
       3
       5
       5
       4
       7
      10
       3
      12
       9
       4
       5
      10
       8
       9
      11
       7
       3
       9
       6
       6
       8
       4
       4
       4
       8
       4
      11
       5
       7
       5
      11
      15
       9
       9
       7
       4
      10
      11
       9
       6
      13
       7
       9
       5
       7
       7
       9
       6
       8
       9
       6
       9
      10
       7
       8
      10
       5
       6
      10
       7
       7
      12
       6
       3
       3
       4
      11
      10
       3
       6
       5
       6
       9
       4
       9
      11
       8
       8
       5
       6
       8
       5
       8
       4
       5
       5
      10
       4
      11
       6
       5
       9
       3
      11
       6
       4
       2
       9
       3
      11
      14
       6
       8
       4
      10
       4
       9
      10
      11
       8
       7
       7
      10
       4
       4
       3
      10
       6
       8
      10
       4
      11
       4
      11
       5
       7
       4
       5
       9
       8
       5
      14
       7
       8
       6
      12
       8
       4
       9
       3
      11
       6
       7
       5
       7
       9
       4
       9
       8
       8
       7
       4
       6
       9
       8
       8
       6
       6
       7
       9
       5
       4
       8
       9
       8
       9
       7
       9
      12
       9
       3
       7
       9
       9
       9
       6
       8
      10
       7
       6
      11
       9
       9
       8
       8
       6
      11
       8
       8
       8
       8
      14
       6
       6
      11
       8
       8
       9
       5
       7
       5
       7
      10
      10
       5
       7
       8
      13
       7
       7
       8
       7
      13
       7
       5
       4
       9
       9
      13
       5
      10
       7
       8
       6
       4
       6
       9
       7
       7
       9
       9
       8
      10
       7
       4
       5
       8
       9
       8
       6
       8
       7
      11
       8
      10
      15
      14
       5
       9
      11
       9
      10
       6
      10
       7
       8
      14
       8
      11
       9
       7
       5
       9
       9
       6
       4
       9
      10
      10
       8
       8
       8
       6
       8
       4
      10
       3
       9
       7
       6
       5
      10
       4
       5
      11
       9
       9
       7
      11
       8
       6
       7
       5
       0
       9
      10
      11
       7
      15
       9
      11
       8
       7
       6
       9
       6
       4
       6
       7
       6
      10
      17
       6
      12
      11
       4
       9
       3
       6
       7
       6
       6
       5
      11
       4
       7
       6
       8
       6
       9
       7
       4
       5
      11
       6
       8
       5
       6
       7
       5
       8
       3
       5
       8
       6
       9
       6
       5
       4
       8
       5
      11
       9
       5
       8
       9
       5
       8
      10
       4
       9
       6
       4
       7
       8
       7
       6
       7
       6
       6
      10
       3
       7
       5
       9
       4
      15
       3
       3
       3
       5
       9
       3
       8
       5
       5
       1
      11
       7
       9
       5
       3
       3
      12
      11
       4
       9
       8
      10
       5
       6
       4
       5
       8
       5
       4
       6
      10
       7
       6
      11
       5
       4
       6
       4
       6
       7
       5
       4
       7
       7
       4
       8
      11
      12
       6
       8
      10
       5
       7
      12
       6
       7
       7
       8
       7
       9
       7
       8
      11
       6
       6
       7
       5
       5
       8
       9
       6
       6
       8
       3
       7
       6
       6
       6
       8
       8
       3
      15
       3
      14
       8
       8
       8
       5
       7
      12
       6
       7
       8
       7
       7
      11
      13
       5
       9
       6
       7
       3
      12
       8
       6
       6
       6
      10
       8
      11
       2
       5
       7
       2
       8
       8
       8
       4
       6
       5
      10
       3
       2
       6
       9
       4
       3
       8
       3
       8
       5
       6
       5
       5
      12
       6
       5
       7
       7
       6
       6
       7
       7
       7
       8
       6
       8
      12
       8
       5
      10
       6
      10
      10
       5
       4
       7
       8
       8
       5
       9
       8
       5
       9
       7
       7
       7
       7
       7
       7
       6
       9
       6
      11
      10
       3
      13
       7
       9
       8
       6
       5
       8
       7
      13
      11
       2
       6
       8
      10
       8
       5
       8
       6
       6
       6
       5
       3
      13
      11
       8
       7
       2
      10
       9
      13
       7
       4
       8
      11
       1
       3
       4
       9
       9
       3
       7
       2
       5
       5
       3
       6
       3
      11
       6
      11
       8
       6
      13
       7
       7
       9
       3
       6
       5
       9
       4
       7
       6
       2
       4
       6
       9
       6
      12
       3
       5
       7
       6
       8
       7
       4
       4
       3
       6
       8
       5
       6
       6
       8
       5
       5
       4
       9
       8
       7
       3
      11
      10
       6
      10
       6
       5
       9
      10
      12
       9
      10
       6
      11
      11
       8
      13
       5
       5
       6
      11
       5
       6
       8
      10
      10
       9
       6
      10
      13
      10
       5
       4
       8
       5
       5
      10
       5
       6
       8
      11
       5
       4
       6
       9
      10
       6
       5
       7
       8
       5
       7
       8
       9
       5
       8
       4
       9
       7
       3
       8
       6
       7
       6
       5
       5
       7
      12
       4
       3
       5
       8
       8
       2
       5
       5
       7
       3
       9
       3
       2
       4
      10
       7
       3
       2
       5
       3
       8
       5
       7
       9
       4
       6
       8
       3
       7
       5
       7
       9
      12
       6
      10
       5
       7
       6
       9
       4
       3
       9
       5
      12
       6
       6
       3
       9
       5
      10
       6
       6
       8
       8
       6
       8
       3
       7
       3
       9
      11
       6
       7
       8
       5
       6
      10
       5
       7
       7
      10
       4
       5
      10
       7
       5
       7
       6
       5
       1
      10
       6
       9
      10
       7
       6
       3
       4
       5
       6
       6
       2
       1
       6
       7
       6
       8
      10
       4
       5
       4
       4
       3
       3
       6
       8
       5
      12
       7
       9
       7
       9
       6
       7
       6
       7
       8
       6
       9
       7
       7
       7
      10
       7
       8
      10
       7
       8
       5
       9
       3
       1
       7
       5
       8
       7
       7
       5
      10
      12
       6
       8
       4
       7
       3
       1
       6
       6
       5
       5
       6
      10
       7
       6
       7
       8
       8
       8
       7
       3
       6
       5
       4
       9
       2
       4
       7
       6
       7
       7
       5
       4
       5
       1
       4
       4
       6
      11
       5
       7
       6
       5
       8
       6
      10
       5
       4
       8
       6
       8
       5
       9
       3
       4
       7
       6
       5
       9
       9
      10
       5
       6
       7
       5
       5
       6
       9
       9
       3
       7
       7
       8
       8
       7
       3
       5
       7
       3
       3
       3
       2
       7
       6
       4
      14
       5
       2
       9
      12
       6
       7
       5
       4
       7
       3
       8
       4
      10
       5
       4
       8
       4
       7
       5
       4
       2
       9
      10
       5
       8
       5
       8
       9
       9
       3
       7
       6
       6
       7
       5
       8
       7
       4
       7
      12
       3
       5
       5
      11
       8
      15
      10
       5
       5
       5
      10
       4
       7
       9
       8
       7
       9
       3
       2
       2
       4
       6
       7
       6
       6
       5
       8
       7
       7
       7
       7
       6
       3
       5
       3
       7
       9
       8
       7
       6
       9
       6
       6
      11
      12
       6
       5
      10
       1
       6
      10
       6
       6
       6
       5
      10
       3
       5
       1
       5
       9
       6
       3
       7
       5
       6
      11
       7
       6
       2
       2
      12
       4
       9
       6
       9
       7
       5
      10
       6
       3
      10
      12
       2
       4
       9
       9
       7
       5
       6
      10
       3
      10
       5
       6
       4
       5
       6
      10
       6
       5
       3
       9
      10
       6
       8
       9
       3
       5
       6
       1
       1
       6
       5
       9
      14
       4
       9
       5
       5
       7
       8
       5
       7
       6
       3
       9
       7
       7
      11
       6
       2
      15
       7
       5
       7
       9
       8
       5
       3
       3
       7
       6
      11
       4
       6
       5
      10
       6
       4
       4
       2
       2
       8
       2
       5
       9
       5
       7
       6
       7
       2
       8
       8
       7
       2
      14
       6
       8
       5
       4
       7
      11
       7
       8
      13
       5
       9
       8
       5
       3
       6
       2
       5
       6
       9
      10
       7
       3
       9
       7
      11
       4
      12
       4
       6
       7
       4
       5
       5
       4
       1
       8
       4
       4
       4
       7
       6
       6
      10
       5
       0
       6
       7
       9
      11
       9
      11
       5
      10
       8
       6
     205
    1187
    4160
    6575
    6284
    6524
   14647
   28699
   68836
   51815
   17226
    5105
    3974
    3436
    3043
    2575
    2306
    2139
    1873
    1590
    1366
    1200
    1096
     900
     799
     578
     460
     428
     379
     417
     482
     468
     503
     480
     452
     391
     447
     370
     328
     327
     289
     281
     255
     260
     241
     244
     217
     235
     226
     231
     230
     206
     207
     169
     208
     183
     191
     160
      97
      41
      10
       8
      11
       6
       7
       8
       8
       9
      14
       9
       3
      16
      14
      14
      17
      19
      20
      11
      23
      19
      34
      29
      36
      44
      47
      43
      64
      65
      82
      91
      82
      79
      73
      76
      83
      81
      82
      95
      83
      93
      79
      96
     120
     130
     124
     106
     115
     134
     161
     131
     173
     173
     184
     183
     184
     206
     210
     193
     214
     286
     251
     227
     186
     146
      82
      39
      11
      10
       4
       4
       1
       1
       1
       4
       0
       2
       0
       1
       1
       0
       1
       2
       0
       0
       1
       1
       0
       0
       0
       0
       0
       0
       1
       0
       0
       0
       0
       0
       0
       0
       0
       0
       0
       0
       0
       0
       0
       0
       0
       0
       0
       0
       0
       0
       0
       0
       0
       0
       0
       0
       0
       0
       0
       0
       0
       0
       0
       0
       0
       0
       0
       0
       0
       0
       0
       0
       0
       0
       0
       0
       0
       0
       0
       0
       0
       0
       0
       0
       0
       0
       0
       0
       0
       0
       0
       0
       0
       0
       0
       0
       0
       0
       0
       0
       0
       0
       0
       0
       0
       0
       0
       0
       0
       0
       0
       0
       0
       0
       0
       0
       0
       0
       0
       0
       0
       0
       0
       0
       0
       0
       0
       0
       0
       0
       0
       0
       0
       0
       0
       0
       0
       0
       0
       0
       0
       0
       0
       0
       0
       0
       0
       0
       0
       0
       0
       0
       0
       0
       0
       0
       0
       0
       0
       0
       0
       0
       0
       0
       0
       0
       0
       0
       0
       0
       0
       0
       0
       0
       0
       0
       0
       0
       0
       0
       0
       0
       0
       0
       0
       0
       0
       0
       0
       0
       0
       0
       0
       0
       0
       0
       0
       0
       0
       0
       0
       0
       0
       0
       0
       0
       0
       0
       0
       0
       0
       0
       0
       0
       0
       0
       0
       0
       0
       0
       0
       0
       0
       0
       0
       0
       0
       0
       0
       0
       0
       0
       0
       0
       0
       0
       0
       0
       0
       0
       0
       0
       0
       0
       0
       0
       0
       0
       0
       0
       0
       0
       0
       0
       0
       0
       0
       0
       0
       0
       0
       0
       0
       0
       0
       0
       0
       0
       0
       0
       0
       0
       0
       0
       0
       0
       0
       0
       0
       0
       0
       0
       0
       0
       0
       0
       0
       0
       0
       0
       0
       0
       0
       0
       0
       0
       0
       0
       0
       0
       0
       0
       0
       0
       0
       0
       0
       0
       0
       0
       0
       0
       0
       0
       0
       0
       0
       0
       0
       0
       0
       0
       0
       0
       0
       0
       0
       0
       0
       0
       0
       0
       0
       0
       0
       0
       0
       0
       0
       0
       0
       0
       0
       0
       0
       0
       0
       0
       0
       0
       0
       0
       0
       0
       0
       0
       0
       0
       0
       0
       0
       0
       0
       0
       0
       0
       0
       0
       0
       0
       0
       0
       0
       0
       0
       0
       0
       0
       0
       0
       0
       0
       0
       0
       0
       0
       0
       0
       0
       0
       0
       0
       0
       0
       0
       0
       0
       0
       0
       0
       0
       0
       0
       0
       0
       0
       0
       0
       0
       0
       0
       0
       0
       0
       0
       0
       0
       0
       0
       0
       0
       0
       0
       0
       0
       0
       0
       0
       0
       0
       0
       0
       0
       0
       0
       0
       0
       0
       0
       0
       0
       0
       0
       0
       0
       0
       0
       0
       0
       0
       0
       0
       0
       0
       0
       0
       0
       0
       0
       0
       0
       0
       0
       0
       0
       0
       0
       0
       0
       0
       0
       0
       0
       0
       0
       0
       0
       0
       0
       0
       0
       0
       0
       0
       0
       0
       0
       0
       0
       0
       0
       0
       0
       0
       0
       0
       0
       0
       0
       0
       0
       0
       0
       0
       0
       0
       0
       0
       0
       0
       0
       0
       0
       0
       0
       0
       0
       0
       0
       0
       0
       0
       0
       0
       0
       0
       0
       0
       0
       0
       0
       0
       0
       0
       0
       0
       0
       0
       0
       0
$ROI:
0
$PRESETS:
None
0
0
$ENER_FIT:
19.487907 0.420274
$MCA_CAL:
3
1.948791E+001 4.202737E-001 4.956080E-007 keV
$SHAPE_CAL:
3
2.607346E+000 7.693535E-004 -3.225620E-008
